0,1,2,3,4,5,6,7,8,9,10,11,12,13,14,15,16,17,18,19,20,21,22,23
0.005349440245773398,0.005381139726503914,0.005427093500361406,0.005489201561499799,0.005605710697501964,0.005773188556038327,0.005901327700251969,0.005910196917933867,0.005891342751420062,0.005887760516805321,0.005855723526186295,0.005829766615027394,0.005821448453489383,0.005823373750381967,0.005826350221557329,0.005845884834459401,0.005906870822812508,0.005963865171802335,0.0059437275655350634,0.005885902740046641,0.005754665137375168,0.005565701647872081,0.0054199028599890885,0.005343540786759696
0.04599837071577767,0.04632026334234691,0.04629811320792944,0.04617238356360799,0.04591998346444118,0.04560953764242398,0.04550970230449941,0.04525880246188677,0.045287165055902294,0.04541268294210356,0.0458486011095966,0.046014820931369146,0.04596603495559094,0.04578305738359474,0.04563229824903912,0.045473131630435246,0.04502381637840951,0.04469827461750999,0.04446556503207534,0.04440578536439632,0.04495612800935248,0.045600958081531605,0.04581424019807589,0.04588216489956445
0.05738248287477201,0.055338041626852574,0.05407420656474563,0.05313645051492299,0.052161820677259656,0.051349535243567494,0.05194197389218799,0.05491274073033978,0.05745631560251785,0.05899159066042567,0.05946161730626411,0.05969824784703011,0.059637912246747686,0.05955432642475407,0.05951422801268615,0.0592053118219747,0.05932349137391719,0.060279024416589715,0.06155287868745244,0.06171807595798149,0.0616380374196532,0.0617164526761073,0.061183228586735514,0.0595492422511171
0.02332573916544744,0.02350946845378254,0.023640720612257908,0.023723782610986233,0.023794353748984837,0.023886189235687277,0.023857250303513024,0.023601848458644124,0.023382126589764848,0.023274581380171782,0.02327730096672376,0.023296875867817583,0.023353961817156904,0.023389764037070233,0.02336790032537983,0.023354336570067073,0.023278580658071733,0.02315968657202793,0.023044687022884387,0.02297639142374709,0.023000143476350435,0.02302471367731213,0.023051347355674445,0.023152678980214128
0.0025070772977402065,0.0025272034167306986,0.0025416247691592716,0.0025509316426008616,0.0025589796799333543,0.002569475331258911,0.0025664771084966446,0.002538600726997216,0.0025145284507060977,0.0025027947440925346,0.0025028341936961756,0.002504775905662166,0.0025107399766945353,0.0025145069675488172,0.0025120152545710654,0.0025105423479380787,0.0025025267623881775,0.002489770133849643,0.0024774242422978864,0.002469867836439292,0.0024722711009956444,0.0024745162463507006,0.0024771966888891767,0.0024881119101325564
0.002881204753764107,0.0028919787891594486,0.0029138095555649762,0.0029518947901634074,0.003036686414511439,0.003148834457023184,0.0032005195484082413,0.0031830618915486423,0.0031647521551453057,0.0031605856613643336,0.003135081497239954,0.0031103069335842873,0.003095597447880788,0.003091745259729134,0.0030915613557930986,0.003103457019707495,0.0031376897974935824,0.0031653424839798382,0.003163890001612002,0.003141233133944995,0.0030810681203974253,0.0029808653707295526,0.002907646507095641,0.002875966914663887
0.02963476665672231,0.029792036522168077,0.030060106507847708,0.0304935317559332,0.03141168141572354,0.03261146190035707,0.03316662896981474,0.03298527524065943,0.032756987914362753,0.03264742655704554,0.03237670501694161,0.03214440281505308,0.032011544010398636,0.031965775245530965,0.031949795099272885,0.032063526874833354,0.03238873411303238,0.03264086782351508,0.03258093970466948,0.032298826225738715,0.031660999115526015,0.03064063071203092,0.02989033271537485,0.029563476544309
0.04844314353286958,0.048890443587886974,0.048983240363509956,0.04883656254180154,0.048448342806002805,0.04780804349778583,0.04723664005332125,0.04722667060717335,0.04745099562069246,0.04746130253038834,0.04730844912554226,0.04712487735551577,0.046926682593258405,0.04679601971855955,0.04659706462299295,0.04625778521762517,0.0459493396353253,0.04562643965877255,0.04577166381884251,0.04615187611690238,0.046597478127241375,0.04711683519694937,0.047362775674459234,0.04781803050481593
0.15821738433222596,0.1587974044289604,0.1587221333919814,0.1580023214245085,0.15670216498610817,0.15476763706056243,0.15287993025512434,0.1513251756657431,0.15151250944778832,0.15185754536066026,0.1528825856379383,0.15343334891687518,0.15338018912916215,0.15282753476352967,0.15236534907702617,0.15184134594747764,0.15051344715717424,0.14927911833671043,0.14817295430214236,0.1486735362099635,0.15065671458149127,0.15328382244131825,0.155278954684238,0.15714165021628965
0.0370186284029114,0.03716475299750055,0.03736752318610916,0.037701553929379884,0.0384162306443165,0.03941333373638142,0.04032817175646723,0.04053395501344368,0.04041738524518111,0.04031908856920679,0.03988886881023162,0.039515819170740984,0.039281505139053464,0.03920846094489895,0.03919492852769778,0.03930947217810019,0.039788954100029354,0.04029508049319319,0.04035633167737351,0.040224960380528876,0.03954282215732879,0.03835430620252538,0.03739851266718266,0.03698292431987995
0.059334678417656016,0.05848303874983948,0.05784804370368017,0.057254702997218625,0.05657784984198091,0.05609405552229159,0.05691732258397814,0.058887222194463094,0.060228637384584637,0.06101176413431348,0.061151539867466985,0.061130309576588646,0.060888471362590166,0.06080534246884284,0.06064533505564786,0.06044551183950267,0.06060206291147713,0.0609131522210158,0.061586301116514044,0.06179319561231247,0.0619025198285711,0.0617623060958463,0.0611643192623348,0.060355394852200976
0.009739957196929754,0.009600085820140552,0.009495937842227839,0.009398538407212175,0.009287422396935346,0.009208054849951262,0.009343169762379314,0.009666523337450897,0.009886711565743379,0.010015293636517889,0.01003822375483207,0.010034756602953743,0.009995060901258289,0.009981406405426848,0.009955163947170421,0.009922298882344626,0.009948028453803565,0.009999082762862066,0.010109581937906316,0.010143579101244367,0.01016152445377589,0.010138499176943178,0.010040318625443018,0.009907552583003578
0.023365668991036842,0.023807911440377503,0.02420126519397143,0.024598614152100864,0.02513942217155041,0.02575604676901757,0.025923821812401278,0.025556495444998783,0.025071281371798253,0.024758173595191956,0.02441594766603189,0.024194944164905675,0.024069458498944544,0.023946791249130826,0.02378363787529863,0.02371084796072048,0.02369278956848646,0.02369719930844576,0.0236712666162416,0.0236112451760086,0.02352134278042195,0.023184749354677223,0.02293499726268754,0.023005784204575698
0.02955904386755572,0.03012055477852155,0.03061993530729851,0.031124273495877593,0.0318108817707895,0.032594074117163405,0.032807129521717444,0.03233896386667826,0.0317228249008317,0.031326263741389145,0.030894465254818267,0.030615257726640612,0.03045695407407051,0.03030178868117179,0.030095644385069696,0.030004404069610392,0.029982554791261218,0.02998816205007235,0.029953031221002995,0.02987448575563739,0.029758157670258033,0.029329918934473426,0.029012721273040512,0.029102145493323985
0.0065987684699264325,0.006723663431919979,0.006834885964848269,0.006947068797258868,0.00709977461236106,0.007273831382067217,0.007321091260183721,0.007217321788313003,0.007080254265839194,0.006991864550855012,0.006895107584136796,0.006832713086745399,0.006797258576330008,0.006762613511854646,0.006716618683141774,0.006696025988493241,0.006690927003558527,0.006692180153366417,0.006684794604091115,0.00666780464461378,0.0066424206156864415,0.006547487980632418,0.006476998986318349,0.00649704387380331
0.010791528080101453,0.010995726534069664,0.011177393700789597,0.011360866904442171,0.011610690977098713,0.011895554718707632,0.011973059714692823,0.011803581987820944,0.011579462268725377,0.011434899273096807,0.011276793966535886,0.01117468386712399,0.0111167955670085,0.011060118599244205,0.010984812246799218,0.010951128299610771,0.010942802399853627,0.010944865365926607,0.010932901832673597,0.01090512642224406,0.010863639219475727,0.010708205137796623,0.010592748971476449,0.010625399118494729
0.014016906833878063,0.014307466942978178,0.014570826701474627,0.01486553645269734,0.015318890996217081,0.015873053538972982,0.016119526104920803,0.015895485163720205,0.015586563146724913,0.015365003471587951,0.015161971844414873,0.01501801862871523,0.014933225970443158,0.014849018125507102,0.014780233920796623,0.014805010433118028,0.0149128175877404,0.014992316886043472,0.01490287326563169,0.014760972851269847,0.014514970056435992,0.01411827241604088,0.01384118102241034,0.01380796726550415
0.0016423554532278989,0.0016764094201685864,0.0017074011811610474,0.0017419124262584903,0.0017949286710584435,0.0018597446413087964,0.0018885108561545534,0.0018622231538580464,0.0018259227953250027,0.0017999327122880436,0.0017761132035540668,0.0017592520240787741,0.0017493032723228004,0.0017395054051035602,0.0017314202329849965,0.001734292244507214,0.0017468938969172952,0.0017561972176558308,0.0017456841638621616,0.0017291222015358315,0.0017002756141725182,0.001653878402871249,0.0016215331193224914,0.0016177386294000764
0.0009732085528795499,0.0009933966805954848,0.0010117632238704688,0.001032209096344707,0.001063634714479576,0.001101977313466105,0.0011189480444907247,0.0011033682593495295,0.001081877415414143,0.0010664085827926178,0.0010522918873378821,0.0010423459860677796,0.001036431793930415,0.0010306655237790946,0.0010258454269493147,0.0010275446227450778,0.001034985996934365,0.0010404912520268275,0.0010342840051548415,0.0010244273177407938,0.0010073605989093092,0.0009798913930500282,0.0009607470989674532,0.0009585769237896428
0.04963778280992883,0.05066597305351923,0.0515978544896207,0.05264105974002823,0.054246135007246385,0.056208057723619705,0.05708148472103661,0.05628900547166236,0.055195962585630066,0.054411659462302656,0.05369289792702407,0.05318309050159814,0.05288281309317105,0.05258474040191736,0.05234150305972204,0.05242909790181377,0.052811173919807095,0.05309290378217098,0.052776705745245775,0.052274472642572116,0.05140329021201287,0.04999797122410248,0.04901657646197935,0.04889836323987826
0.2789362125426435,0.27454071560863547,0.27104258982111623,0.2680776354931824,0.26396268409219764,0.25933509180571446,0.2575514013629609,0.2594232813838935,0.26124057256944244,0.26237478953665005,0.26452945509847203,0.2665767167754695,0.2686307840540862,0.27068735887112894,0.27275386280971,0.27404805710168195,0.274281515709202,0.27368068189231237,0.2742212421056583,0.2755045905104303,0.2767046730525766,0.2798463313259123,0.28291600277980894,0.2824473583643754
0.01010493584610004,0.010203103437119181,0.010325958852203205,0.010491423955241549,0.01078222819889209,0.011164353631057323,0.011342792986144004,0.011257009085893836,0.011134359926739109,0.011085627501863128,0.010992219048407689,0.010913288609658282,0.010880107883802136,0.010875278072965056,0.010872375253081067,0.010899378611409036,0.010977726960820954,0.011065117885987326,0.011044008470522143,0.01095271816199799,0.010735189169880994,0.01039745607851565,0.010136172386039147,0.010043742148467993
0.07683946981508034,0.07911580315309985,0.08099095028539877,0.08248520380382655,0.08383709212666737,0.08473670566878641,0.08395813293637347,0.08162534641787092,0.07941690810712805,0.07800233358674585,0.07695308218526431,0.0763671357818891,0.07616293578128033,0.07608572604860586,0.07602395022366526,0.07612811838168744,0.07629405396254609,0.0762721742494971,0.0756711505370992,0.07484953003946218,0.07395644600060339,0.07314805622337353,0.07327609284538011,0.0746120833589517
0.002446710080210139,0.002519263126742117,0.002578892944005072,0.0026265128889448645,0.0026695567120583763,0.0026982122059097157,0.0026732727188908244,0.002599031966675703,0.002528635214981625,0.0024835763389724746,0.002450123921619124,0.0024315249161047134,0.0024250432415049037,0.0024225317282773897,0.002420553422980339,0.0024239468312144295,0.0024291883353051553,0.0024284559048231335,0.0024093422711397496,0.002383146559349729,0.0023547719554767345,0.0023290351180161846,0.0023331642116226187,0.0023757573885592855
0.00048536712476794327,0.0004999503696709562,0.0005118616042337593,0.0005212875942708913,0.0005296787902291283,0.0005353897745499094,0.0005302407601957981,0.0005153659725617216,0.0005015500629973559,0.0004925848162553218,0.00048590386465762435,0.00048227265463935906,0.00048099831805274013,0.0004804799580626905,0.00048008071108934574,0.00048070948610818935,0.00048172318823987235,0.00048154287018060645,0.0004777119863097244,0.00047252424178447037,0.0004669255415916908,0.0004618649757389597,0.0004628440576654826,0.0004712255123091558
0.0082486844349573,0.008452545220007997,0.008632148864120816,0.008810076635539446,0.00905498323847608,0.00934280212461632,0.009417003329706927,0.00920588595575075,0.008983034148530333,0.008860188083626507,0.008766161504952207,0.008695993817827022,0.008661552579103579,0.008618687578054311,0.008565889879255733,0.00856102377406062,0.008576894092597116,0.008577310381168494,0.008516487984566768,0.008437014543088065,0.00834745755959452,0.008174919089088914,0.008058990401073189,0.008084976687483647
0.006520483505116098,0.006681659340702141,0.006823718660512604,0.006964462824150763,0.00715819114697847,0.007385757551713694,0.00744446963168789,0.007277560834668509,0.0071013334360833565,0.007004278053286941,0.006929934230113549,0.006874452920318273,0.006847189262667763,0.0068133828753293765,0.006771582120621315,0.006767809128753703,0.006780410422795181,0.006780696108494119,0.006732570081495002,0.006669588829018676,0.006598708424844452,0.006462354820193364,0.006370453296715718,0.006391103028132091
