Unnamed: 0,Time_Index,DE1_batteries_1,DE1_biomass_1,DE1_natural_gas_fired_combined_cycle_1,DE1_natural_gas_fired_combined_cycle_2,DE1_natural_gas_fired_combustion_turbine_1,DE1_natural_gas_steam_turbine_1,DE1_petroleum_liquids_1,DE1_solar_photovoltaic_1,IL1_batteries_1,IL1_biomass_1,IL1_conventional_hydroelectric_1,IL1_natural_gas_fired_combined_cycle_1,IL1_natural_gas_fired_combined_cycle_2,IL1_natural_gas_fired_combustion_turbine_1,IL1_natural_gas_steam_turbine_1,IL1_nuclear_1,IL1_onshore_wind_turbine_1,IL1_petroleum_liquids_1,IL1_solar_photovoltaic_1,ISONE_batteries_1,ISONE_biomass_1,ISONE_conventional_hydroelectric_1,ISONE_conventional_steam_coal_1,ISONE_hydroelectric_pumped_storage_1,ISONE_natural_gas_fired_combined_cycle_1,ISONE_natural_gas_fired_combined_cycle_2,ISONE_natural_gas_fired_combustion_turbine_1,ISONE_natural_gas_steam_turbine_1,ISONE_nuclear_1,ISONE_offshore_wind_turbine_1,ISONE_onshore_wind_turbine_1,ISONE_petroleum_liquids_1,ISONE_solar_photovoltaic_1,KY3_biomass_1,KY3_conventional_hydroelectric_1,KY3_conventional_steam_coal_1,KY3_natural_gas_fired_combined_cycle_1,KY3_natural_gas_fired_combustion_turbine_1,KY3_petroleum_liquids_1,KY3_solar_photovoltaic_1,KY4_conventional_hydroelectric_1,KY4_natural_gas_fired_combustion_turbine_1,KY4_natural_gas_steam_turbine_1,MD1_batteries_1,MD1_conventional_hydroelectric_1,MD1_onshore_wind_turbine_1,MD1_solar_photovoltaic_1,MD2_biomass_1,MD2_conventional_hydroelectric_1,MD2_natural_gas_fired_combined_cycle_2,MD2_natural_gas_fired_combustion_turbine_1,MD2_natural_gas_steam_turbine_1,MD2_nuclear_1,MD2_petroleum_liquids_1,MD2_solar_photovoltaic_1,MI_batteries_1,MI_biomass_1,MI_conventional_hydroelectric_1,MI_conventional_steam_coal_1,MI_hydroelectric_pumped_storage_1,MI_natural_gas_fired_combined_cycle_1,MI_natural_gas_fired_combined_cycle_2,MI_natural_gas_fired_combustion_turbine_1,MI_natural_gas_steam_turbine_1,MI_nuclear_1,MI_onshore_wind_turbine_1,MI_petroleum_liquids_1,MI_solar_photovoltaic_1,MISC_batteries_1,MISC_biomass_1,MISC_conventional_hydroelectric_1,MISC_conventional_steam_coal_1,MISC_hydroelectric_pumped_storage_1,MISC_natural_gas_fired_combined_cycle_1,MISC_natural_gas_fired_combined_cycle_2,MISC_natural_gas_fired_combustion_turbine_1,MISC_natural_gas_steam_turbine_1,MISC_nuclear_1,MISC_onshore_wind_turbine_1,MISC_petroleum_liquids_1,MISC_solar_photovoltaic_1,NJ1_batteries_1,NJ1_biomass_1,NJ1_conventional_hydroelectric_1,NJ1_hydroelectric_pumped_storage_1,NJ1_natural_gas_fired_combined_cycle_1,NJ1_natural_gas_fired_combined_cycle_2,NJ1_natural_gas_fired_combustion_turbine_1,NJ1_nuclear_1,NJ1_onshore_wind_turbine_1,NJ1_petroleum_liquids_1,NJ1_solar_photovoltaic_1,NY1_batteries_1,NY1_biomass_1,NY1_conventional_hydroelectric_1,NY1_hydroelectric_pumped_storage_1,NY1_natural_gas_fired_combined_cycle_1,NY1_natural_gas_fired_combined_cycle_2,NY1_natural_gas_fired_combustion_turbine_1,NY1_natural_gas_steam_turbine_1,NY1_nuclear_1,NY1_onshore_wind_turbine_1,NY1_petroleum_liquids_1,NY1_solar_photovoltaic_1,NY2_batteries_1,NY2_biomass_1,NY2_natural_gas_fired_combined_cycle_1,NY2_natural_gas_fired_combined_cycle_2,NY2_natural_gas_fired_combustion_turbine_1,NY2_natural_gas_steam_turbine_1,NY2_offshore_wind_turbine_1,NY2_petroleum_liquids_1,NY2_solar_photovoltaic_1,OH1_batteries_1,OH1_biomass_1,OH1_conventional_steam_coal_1,OH1_natural_gas_fired_combined_cycle_1,OH1_natural_gas_fired_combined_cycle_2,OH1_natural_gas_fired_combustion_turbine_1,OH1_nuclear_1,OH1_onshore_wind_turbine_1,OH1_petroleum_liquids_1,OH1_solar_photovoltaic_1,OH2_batteries_1,OH2_biomass_1,OH2_conventional_hydroelectric_1,OH2_conventional_steam_coal_1,OH2_natural_gas_fired_combined_cycle_1,OH2_natural_gas_fired_combined_cycle_2,OH2_natural_gas_fired_combustion_turbine_1,OH2_natural_gas_steam_turbine_1,OH2_onshore_wind_turbine_1,OH2_petroleum_liquids_1,OH2_solar_photovoltaic_1,OH3_natural_gas_fired_combustion_turbine_1,OH3_petroleum_liquids_1,OH3_solar_photovoltaic_1,OH4_batteries_1,OH4_biomass_1,OH4_conventional_hydroelectric_1,OH4_natural_gas_fired_combined_cycle_2,OH4_natural_gas_fired_combustion_turbine_1,OH4_petroleum_liquids_1,OH4_solar_photovoltaic_1,PA1_biomass_1,PA1_conventional_hydroelectric_1,PA1_conventional_steam_coal_1,PA1_natural_gas_fired_combined_cycle_1,PA1_natural_gas_fired_combined_cycle_2,PA1_natural_gas_fired_combustion_turbine_1,PA1_nuclear_1,PA1_onshore_wind_turbine_1,PA1_petroleum_liquids_1,PA1_solar_photovoltaic_1,PA2_onshore_wind_turbine_1,PA2_solar_photovoltaic_1,PA3_biomass_1,PA3_natural_gas_fired_combustion_turbine_1,PA3_solar_photovoltaic_1,PA4_batteries_1,PA4_biomass_1,PA4_conventional_hydroelectric_1,PA4_conventional_steam_coal_1,PA4_hydroelectric_pumped_storage_1,PA4_natural_gas_fired_combined_cycle_1,PA4_natural_gas_fired_combined_cycle_2,PA4_natural_gas_fired_combustion_turbine_1,PA4_natural_gas_steam_turbine_1,PA4_nuclear_1,PA4_onshore_wind_turbine_1,PA4_petroleum_liquids_1,PA4_solar_photovoltaic_1,SERC_batteries_1,SERC_biomass_1,SERC_conventional_hydroelectric_1,SERC_conventional_steam_coal_1,SERC_hydroelectric_pumped_storage_1,SERC_natural_gas_fired_combined_cycle_1,SERC_natural_gas_fired_combined_cycle_2,SERC_natural_gas_fired_combustion_turbine_1,SERC_natural_gas_steam_turbine_1,SERC_nuclear_1,SERC_onshore_wind_turbine_1,SERC_petroleum_liquids_1,SERC_solar_photovoltaic_1,VA1_biomass_1,VA1_conventional_hydroelectric_1,VA1_conventional_steam_coal_1,VA1_natural_gas_fired_combustion_turbine_1,VA1_petroleum_liquids_1,VA1_solar_photovoltaic_1,VA2_batteries_1,VA2_biomass_1,VA2_conventional_hydroelectric_1,VA2_conventional_steam_coal_1,VA2_hydroelectric_pumped_storage_1,VA2_natural_gas_fired_combined_cycle_1,VA2_natural_gas_fired_combined_cycle_2,VA2_natural_gas_fired_combustion_turbine_1,VA2_natural_gas_steam_turbine_1,VA2_nuclear_1,VA2_offshore_wind_turbine_1,VA2_petroleum_liquids_1,VA2_solar_photovoltaic_1,VA3_conventional_hydroelectric_1,VA3_natural_gas_fired_combined_cycle_1,VA3_solar_photovoltaic_1,VA4_petroleum_liquids_1,VA4_solar_photovoltaic_1,WV1_batteries_1,WV1_conventional_hydroelectric_1,WV1_conventional_steam_coal_1,WV1_natural_gas_fired_combustion_turbine_1,WV1_onshore_wind_turbine_1,WV1_petroleum_liquids_1,WV1_solar_photovoltaic_1,WV2_biomass_1,WV2_conventional_hydroelectric_1,WV2_conventional_steam_coal_1,WV2_natural_gas_fired_combustion_turbine_1,DE1_distributed_generation_1,IL1_distributed_generation_1,ISONE_distributed_generation_1,KY3_distributed_generation_1,KY4_distributed_generation_1,MD1_distributed_generation_1,MD2_distributed_generation_1,MI_distributed_generation_1,MISC_distributed_generation_1,NJ1_distributed_generation_1,NY1_distributed_generation_1,NY2_distributed_generation_1,OH1_distributed_generation_1,OH2_distributed_generation_1,OH3_distributed_generation_1,OH4_distributed_generation_1,PA1_distributed_generation_1,PA2_distributed_generation_1,PA3_distributed_generation_1,PA4_distributed_generation_1,SERC_distributed_generation_1,VA1_distributed_generation_1,VA2_distributed_generation_1,VA3_distributed_generation_1,VA4_distributed_generation_1,WV1_distributed_generation_1,WV2_distributed_generation_1,DE1_naturalgas_1on1_combined_cycle_hframe_moderate_0,DE1_naturalgas_combustion_turbine_fframe_moderate_0,DE1_utilityscale_battery_storage_lithium_ion_advanced_0,DE1_nuclear_nuclear__large_conservative_0,DE1_landbasedwind_class3_moderate_0,DE1_landbasedwind_class3_moderate_1,DE1_utilitypv_class1_moderate_0,DE1_utilitypv_class1_moderate_1,DE1_offshorewind_class3_conservative_fixed_1_1,DE1_offshorewind_class3_conservative_fixed_0_1,IL1_naturalgas_1on1_combined_cycle_hframe_moderate_0,IL1_naturalgas_combustion_turbine_fframe_moderate_0,IL1_utilityscale_battery_storage_lithium_ion_advanced_0,IL1_nuclear_nuclear__large_conservative_0,IL1_landbasedwind_class3_moderate_0,IL1_landbasedwind_class3_moderate_1,IL1_utilitypv_class1_moderate_0,IL1_utilitypv_class1_moderate_1,IL1_offshorewind_class3_conservative_fixed_1_1,IL1_offshorewind_class3_conservative_fixed_0_1,ISONE_naturalgas_1on1_combined_cycle_hframe_moderate_0,ISONE_naturalgas_combustion_turbine_fframe_moderate_0,ISONE_utilityscale_battery_storage_lithium_ion_advanced_0,ISONE_nuclear_nuclear__large_conservative_0,ISONE_landbasedwind_class3_moderate_0,ISONE_landbasedwind_class3_moderate_1,ISONE_utilitypv_class1_moderate_0,ISONE_utilitypv_class1_moderate_1,ISONE_offshorewind_class3_conservative_fixed_1_1,ISONE_offshorewind_class3_conservative_fixed_0_1,KY3_naturalgas_1on1_combined_cycle_hframe_moderate_0,KY3_naturalgas_combustion_turbine_fframe_moderate_0,KY3_utilityscale_battery_storage_lithium_ion_advanced_0,KY3_nuclear_nuclear__large_conservative_0,KY3_landbasedwind_class3_moderate_0,KY3_landbasedwind_class3_moderate_1,KY3_utilitypv_class1_moderate_0,KY3_utilitypv_class1_moderate_1,KY4_naturalgas_1on1_combined_cycle_hframe_moderate_0,KY4_naturalgas_combustion_turbine_fframe_moderate_0,KY4_utilityscale_battery_storage_lithium_ion_advanced_0,KY4_nuclear_nuclear__large_conservative_0,KY4_landbasedwind_class3_moderate_0,KY4_landbasedwind_class3_moderate_1,KY4_utilitypv_class1_moderate_0,KY4_utilitypv_class1_moderate_1,MD1_naturalgas_1on1_combined_cycle_hframe_moderate_0,MD1_naturalgas_combustion_turbine_fframe_moderate_0,MD1_utilityscale_battery_storage_lithium_ion_advanced_0,MD1_nuclear_nuclear__large_conservative_0,MD1_landbasedwind_class3_moderate_0,MD1_landbasedwind_class3_moderate_1,MD1_utilitypv_class1_moderate_0,MD1_utilitypv_class1_moderate_1,MD2_naturalgas_1on1_combined_cycle_hframe_moderate_0,MD2_naturalgas_combustion_turbine_fframe_moderate_0,MD2_utilityscale_battery_storage_lithium_ion_advanced_0,MD2_nuclear_nuclear__large_conservative_0,MD2_landbasedwind_class3_moderate_0,MD2_utilitypv_class1_moderate_0,MD2_utilitypv_class1_moderate_1,MD2_offshorewind_class3_conservative_fixed_1_1,MD2_offshorewind_class3_conservative_fixed_0_1,MI_naturalgas_1on1_combined_cycle_hframe_moderate_0,MI_naturalgas_combustion_turbine_fframe_moderate_0,MI_utilityscale_battery_storage_lithium_ion_advanced_0,MI_nuclear_nuclear__large_conservative_0,MI_landbasedwind_class3_moderate_0,MI_landbasedwind_class3_moderate_1,MI_utilitypv_class1_moderate_0,MI_utilitypv_class1_moderate_1,MI_offshorewind_class3_conservative_fixed_1_1,MI_offshorewind_class3_conservative_fixed_0_1,MISC_naturalgas_1on1_combined_cycle_hframe_moderate_0,MISC_naturalgas_combustion_turbine_fframe_moderate_0,MISC_utilityscale_battery_storage_lithium_ion_advanced_0,MISC_nuclear_nuclear__large_conservative_0,MISC_landbasedwind_class3_moderate_0,MISC_landbasedwind_class3_moderate_1,MISC_utilitypv_class1_moderate_0,MISC_utilitypv_class1_moderate_1,MISC_offshorewind_class3_conservative_fixed_1_1,MISC_offshorewind_class3_conservative_fixed_0_1,NJ1_naturalgas_1on1_combined_cycle_hframe_moderate_0,NJ1_naturalgas_combustion_turbine_fframe_moderate_0,NJ1_utilityscale_battery_storage_lithium_ion_advanced_0,NJ1_nuclear_nuclear__large_conservative_0,NJ1_landbasedwind_class3_moderate_0,NJ1_landbasedwind_class3_moderate_1,NJ1_utilitypv_class1_moderate_0,NJ1_utilitypv_class1_moderate_1,NJ1_offshorewind_class3_conservative_fixed_1_1,NJ1_offshorewind_class3_conservative_fixed_0_1,NY1_naturalgas_1on1_combined_cycle_hframe_moderate_0,NY1_naturalgas_combustion_turbine_fframe_moderate_0,NY1_utilityscale_battery_storage_lithium_ion_advanced_0,NY1_nuclear_nuclear__large_conservative_0,NY1_landbasedwind_class3_moderate_0,NY1_landbasedwind_class3_moderate_1,NY1_utilitypv_class1_moderate_0,NY1_utilitypv_class1_moderate_1,NY1_offshorewind_class3_conservative_fixed_1_1,NY1_offshorewind_class3_conservative_fixed_0_1,NY2_naturalgas_1on1_combined_cycle_hframe_moderate_0,NY2_naturalgas_combustion_turbine_fframe_moderate_0,NY2_utilityscale_battery_storage_lithium_ion_advanced_0,NY2_nuclear_nuclear__large_conservative_0,NY2_utilitypv_class1_moderate_0,NY2_offshorewind_class3_conservative_fixed_1_1,NY2_offshorewind_class3_conservative_fixed_0_1,OH1_naturalgas_1on1_combined_cycle_hframe_moderate_0,OH1_naturalgas_combustion_turbine_fframe_moderate_0,OH1_utilityscale_battery_storage_lithium_ion_advanced_0,OH1_nuclear_nuclear__large_conservative_0,OH1_landbasedwind_class3_moderate_0,OH1_landbasedwind_class3_moderate_1,OH1_utilitypv_class1_moderate_0,OH1_utilitypv_class1_moderate_1,OH1_offshorewind_class3_conservative_fixed_1_1,OH1_offshorewind_class3_conservative_fixed_0_1,OH2_naturalgas_1on1_combined_cycle_hframe_moderate_0,OH2_naturalgas_combustion_turbine_fframe_moderate_0,OH2_utilityscale_battery_storage_lithium_ion_advanced_0,OH2_nuclear_nuclear__large_conservative_0,OH2_landbasedwind_class3_moderate_0,OH2_landbasedwind_class3_moderate_1,OH2_utilitypv_class1_moderate_0,OH2_utilitypv_class1_moderate_1,OH3_naturalgas_1on1_combined_cycle_hframe_moderate_0,OH3_naturalgas_combustion_turbine_fframe_moderate_0,OH3_utilityscale_battery_storage_lithium_ion_advanced_0,OH3_nuclear_nuclear__large_conservative_0,OH3_landbasedwind_class3_moderate_0,OH3_landbasedwind_class3_moderate_1,OH3_utilitypv_class1_moderate_0,OH3_utilitypv_class1_moderate_1,OH4_naturalgas_1on1_combined_cycle_hframe_moderate_0,OH4_naturalgas_combustion_turbine_fframe_moderate_0,OH4_utilityscale_battery_storage_lithium_ion_advanced_0,OH4_nuclear_nuclear__large_conservative_0,OH4_landbasedwind_class3_moderate_0,OH4_landbasedwind_class3_moderate_1,OH4_utilitypv_class1_moderate_0,OH4_utilitypv_class1_moderate_1,PA1_naturalgas_1on1_combined_cycle_hframe_moderate_0,PA1_naturalgas_combustion_turbine_fframe_moderate_0,PA1_utilityscale_battery_storage_lithium_ion_advanced_0,PA1_nuclear_nuclear__large_conservative_0,PA1_landbasedwind_class3_moderate_0,PA1_landbasedwind_class3_moderate_1,PA1_utilitypv_class1_moderate_0,PA1_utilitypv_class1_moderate_1,PA2_naturalgas_1on1_combined_cycle_hframe_moderate_0,PA2_naturalgas_combustion_turbine_fframe_moderate_0,PA2_utilityscale_battery_storage_lithium_ion_advanced_0,PA2_nuclear_nuclear__large_conservative_0,PA2_landbasedwind_class3_moderate_0,PA2_landbasedwind_class3_moderate_1,PA2_utilitypv_class1_moderate_0,PA2_utilitypv_class1_moderate_1,PA3_naturalgas_1on1_combined_cycle_hframe_moderate_0,PA3_naturalgas_combustion_turbine_fframe_moderate_0,PA3_utilityscale_battery_storage_lithium_ion_advanced_0,PA3_nuclear_nuclear__large_conservative_0,PA3_landbasedwind_class3_moderate_0,PA3_landbasedwind_class3_moderate_1,PA3_utilitypv_class1_moderate_0,PA3_utilitypv_class1_moderate_1,PA4_naturalgas_1on1_combined_cycle_hframe_moderate_0,PA4_naturalgas_combustion_turbine_fframe_moderate_0,PA4_utilityscale_battery_storage_lithium_ion_advanced_0,PA4_nuclear_nuclear__large_conservative_0,PA4_landbasedwind_class3_moderate_0,PA4_landbasedwind_class3_moderate_1,PA4_utilitypv_class1_moderate_0,PA4_utilitypv_class1_moderate_1,SERC_naturalgas_1on1_combined_cycle_hframe_moderate_0,SERC_naturalgas_combustion_turbine_fframe_moderate_0,SERC_utilityscale_battery_storage_lithium_ion_advanced_0,SERC_nuclear_nuclear__large_conservative_0,SERC_landbasedwind_class3_moderate_0,SERC_landbasedwind_class3_moderate_1,SERC_utilitypv_class1_moderate_0,SERC_utilitypv_class1_moderate_1,SERC_offshorewind_class3_conservative_fixed_1_1,SERC_offshorewind_class3_conservative_fixed_0_1,VA1_naturalgas_1on1_combined_cycle_hframe_moderate_0,VA1_naturalgas_combustion_turbine_fframe_moderate_0,VA1_utilityscale_battery_storage_lithium_ion_advanced_0,VA1_nuclear_nuclear__large_conservative_0,VA1_landbasedwind_class3_moderate_0,VA1_landbasedwind_class3_moderate_1,VA1_utilitypv_class1_moderate_0,VA1_utilitypv_class1_moderate_1,VA2_naturalgas_1on1_combined_cycle_hframe_moderate_0,VA2_naturalgas_combustion_turbine_fframe_moderate_0,VA2_utilityscale_battery_storage_lithium_ion_advanced_0,VA2_nuclear_nuclear__large_conservative_0,VA2_landbasedwind_class3_moderate_0,VA2_landbasedwind_class3_moderate_1,VA2_utilitypv_class1_moderate_0,VA2_utilitypv_class1_moderate_1,VA2_offshorewind_class3_conservative_fixed_1_1,VA2_offshorewind_class3_conservative_fixed_0_1,VA3_naturalgas_1on1_combined_cycle_hframe_moderate_0,VA3_naturalgas_combustion_turbine_fframe_moderate_0,VA3_utilityscale_battery_storage_lithium_ion_advanced_0,VA3_nuclear_nuclear__large_conservative_0,VA3_landbasedwind_class3_moderate_0,VA3_landbasedwind_class3_moderate_1,VA3_utilitypv_class1_moderate_0,VA3_utilitypv_class1_moderate_1,VA4_naturalgas_1on1_combined_cycle_hframe_moderate_0,VA4_naturalgas_combustion_turbine_fframe_moderate_0,VA4_utilityscale_battery_storage_lithium_ion_advanced_0,VA4_nuclear_nuclear__large_conservative_0,VA4_landbasedwind_class3_moderate_0,VA4_landbasedwind_class3_moderate_1,VA4_utilitypv_class1_moderate_0,VA4_utilitypv_class1_moderate_1,WV1_naturalgas_1on1_combined_cycle_hframe_moderate_0,WV1_naturalgas_combustion_turbine_fframe_moderate_0,WV1_utilityscale_battery_storage_lithium_ion_advanced_0,WV1_nuclear_nuclear__large_conservative_0,WV1_landbasedwind_class3_moderate_0,WV1_landbasedwind_class3_moderate_1,WV1_utilitypv_class1_moderate_0,WV1_utilitypv_class1_moderate_1,WV2_naturalgas_1on1_combined_cycle_hframe_moderate_0,WV2_naturalgas_combustion_turbine_fframe_moderate_0,WV2_utilityscale_battery_storage_lithium_ion_advanced_0,WV2_nuclear_nuclear__large_conservative_0,WV2_landbasedwind_class3_moderate_0,WV2_landbasedwind_class3_moderate_1,WV2_utilitypv_class1_moderate_0,WV2_utilitypv_class1_moderate_1
,0,1.0,0.8459426191602482,0.8735658433093121,0.7843553649822911,0.8034996491209018,0.7543645580603744,0.6933960003623448,0.0,1.0,0.8478226627323605,0.4483395679211047,0.9139766231907844,0.8731716319035314,0.8219168176511136,0.8890498164645462,0.9943273142861477,0.8096,0.7734260139458152,0.0,1.0,0.7373538990767529,0.43797770456031015,0.8165444407600919,0.8339656240679088,0.948707439578141,0.9454437132010398,0.8324415596428694,0.8037819860382689,0.9300475261627441,0.7417,0.8096,0.7961508052318362,0.0,0.8483394434732403,0.42456071465873124,0.8683412627028639,0.8112695594236212,0.7680562383120789,0.8201062283247569,0.0,0.4087044873046927,0.8616630221284873,0.7314405082017208,1.0,0.40208037551350684,0.8096,0.0,0.7382977795519879,0.3741187759050496,0.8730896139440487,0.9292686531789803,0.8562890484695909,1.0,0.8529235294599729,0.0,1.0,0.7412960852801666,0.4550785288126563,0.8206689685713265,0.9281122001150913,0.9215461777260068,0.7931547740340205,0.9073209838927069,0.8968021931089003,1.0,0.8096,0.8053498497018172,0.0,1.0,0.7176705861291686,0.4305333273041402,0.8640744326713032,0.916717541719779,0.8303375778494242,0.8676574870443832,0.8166202818770312,0.7965139496894245,0.8917930299539097,0.8096,0.7558233717900527,0.0,1.0,0.847010175191031,0.44722281475242165,0.8313984627968516,0.8351590938430242,0.8792131995826922,0.8286565373172732,0.9901312731933852,0.8096,0.8303062533832888,0.0,1.0,0.7462317899838412,0.454397419599171,0.7436486010565597,0.8521747002993545,0.8244245791290237,0.9138027502580675,0.7396027644342784,0.9103984940857892,0.8096,0.7683935228825138,0.0,1.0,0.7662461120002932,0.9215308278448429,0.8221682445650607,0.7975502467413026,0.8690840612762973,0.412,0.8534503780730378,0.0,1.0,0.9040945174068333,0.9018722185218769,0.8615217002665285,0.9241002617852545,0.8397667371822678,0.8768481110190238,0.8096,0.8410797061410796,0.0,1.0,0.8177949978268412,0.42056777688908387,0.8391546853261274,0.820730073316439,0.8081189932440934,0.8342199423395089,0.8245206556516952,0.8096,0.68740132655176,0.0,0.814084794648289,0.8582977347612052,0.0,1.0,0.7575938677789915,0.42820262411968313,0.9436641521641336,0.894505358162385,0.6924095706132185,0.0,0.8109136991223624,0.40591562052541397,0.7219240036508393,0.8488455875016077,0.8854560021532533,0.9344274920258654,1.0,0.4446,0.7449857371642874,0.0,0.8096,0.0,0.7663824151240535,0.9549310642105301,0.0,1.0,0.7574122333225713,0.37967698125561034,0.8006650649508595,0.8260597464516438,0.8327139646739891,0.8259317931834999,0.784552277745348,0.7759871619472627,0.9682706203073527,0.8096,0.8298038162878923,0.0,1.0,0.7779378276488756,0.3876854071784201,0.8191626129361684,0.7818098530899091,0.8377466404937647,0.8297484047431031,0.7588965854804619,0.7890251693317314,0.9492982696376603,0.8096,0.7247203329379661,0.0,0.8921416389268741,0.4176210296912536,0.814965795899973,0.899110710281688,0.8514582052058599,0.0,1.0,0.8060226325817051,0.43981598367775376,0.7540096800288976,0.7898419387229506,0.8756066153106632,0.9402772664080788,0.7629295529686289,0.8390967287827422,1.0,0.412,0.6895931045062346,0.0,0.4121548547978009,0.8456167949859235,0.0,0.7708064907976908,0.0,1.0,0.3982035440363325,0.7807817808141284,0.840085128655618,0.4446,0.8449431656316745,0.0,0.8116537404990617,0.42423433755734175,0.8665669656377979,0.8450988943763862,0.0,0.0,0.0,0.0,0.0,0.0,0.0,0.0,0.0,0.0,0.0,0.0,0.0,0.0,0.0,0.0,0.0,0.0,0.0,0.0,0.0,0.0,0.0,0.0,0.0,0.0,0.0,0.8136621993304385,0.8267628606034342,1.0,1.0,0.8096,0.4446,0.0,0.0,0.7417,0.7417,0.8915544568651038,0.8938809161310939,1.0,1.0,0.4446,0.4446,0.0,0.0,0.7417,0.412,0.9664795293983448,0.8992782479673996,1.0,1.0,0.8096,0.8096,0.0,0.0,0.7417,0.7417,0.9254665161241841,0.928651951328705,1.0,0.88781053224932,0.8096,0.8096,0.0,0.0,0.8783971531988549,0.8655486602456266,1.0,0.9318627518038468,0.4446,0.4446,0.0,0.0,0.9669633971548233,0.8398749336658444,1.0,0.9269950621568397,0.4446,0.4446,0.0,0.0,0.9329959471874276,0.9491750528669363,1.0,0.9272136613222582,0.4446,0.0,0.0,0.7417,0.412,0.9386585390578545,0.8877358919740915,1.0,0.9649367511729067,0.4446,0.4446,0.0,0.0,0.412,0.7417,0.7858822200483535,0.8849499366250976,1.0,0.926936448068589,0.8096,0.8096,0.0,0.0,0.412,0.412,0.9174672191008751,0.7868972719053646,1.0,1.0,0.4446,0.8096,0.0,0.0,0.7417,0.412,0.9660855482655727,0.9413041487938698,1.0,0.9649022580230753,0.8096,0.8096,0.0,0.0,0.7417,0.412,0.8533546983900604,0.8954765481212362,1.0,0.8754938859552717,0.0,0.412,0.412,0.8442176885725632,0.9242484414283824,1.0,0.8736649748175308,0.4446,0.4446,0.0,0.0,0.412,0.412,0.9061355597173908,0.8028083777438797,1.0,0.9192645516381497,0.8096,0.8096,0.0,0.0,0.9026708931891616,0.7933867240500064,1.0,0.98200567374625,0.8096,0.8096,0.0,0.0,0.8986466146238723,0.8159758812796452,1.0,0.9686625797669175,0.4446,0.4446,0.0,0.0,0.9267271276866282,0.8917105183710479,1.0,0.8872284153768569,0.8096,0.4446,0.0,0.0,0.9243493799197504,0.9414686866302093,1.0,0.934160512767368,0.8096,0.4446,0.0,0.0,0.8911828540645084,0.949618564451553,1.0,0.8848392003133841,0.4446,0.8096,0.0,0.0,0.924148889003795,0.9495625550467534,1.0,1.0,0.4446,0.8096,0.0,0.0,0.7833202195395689,0.8838164138718998,1.0,0.905909410200557,0.8096,0.8096,0.0,0.0,0.7417,0.7417,0.8945771725959952,0.789397510953823,1.0,0.9245704508476208,0.8096,0.8096,0.0,0.0,0.8129515852017528,0.8790455177910419,1.0,0.9281645227679398,0.8096,0.8096,0.0,0.0,0.412,0.7417,0.7909498777746656,0.9280343183336799,1.0,1.0,0.4446,0.8096,0.0,0.0,0.8166486706462036,0.8526371441313083,1.0,1.0,0.8096,0.8096,0.0,0.0,0.9002626022198386,0.9108877725229965,1.0,0.9510871414629722,0.4446,0.8096,0.0,0.0,0.8775133855804954,0.8867234862141632,1.0,0.9242922100544092,0.8096,0.8096,0.0,0.0
,1,1.0,0.8459426191602482,0.8735658433093121,0.7843553649822911,0.8034996491209018,0.7543645580603744,0.6933960003623448,0.0,1.0,0.8478226627323605,0.4483395679211047,0.9139766231907844,0.8731716319035314,0.8219168176511136,0.8890498164645462,0.9943273142861477,0.8135,0.7734260139458152,0.0,1.0,0.7373538990767529,0.43797770456031015,0.8165444407600919,0.8339656240679088,0.948707439578141,0.9454437132010398,0.8324415596428694,0.8037819860382689,0.9300475261627441,0.723,0.8135,0.7961508052318362,0.0,0.8483394434732403,0.42456071465873124,0.8683412627028639,0.8112695594236212,0.7680562383120789,0.8201062283247569,0.0,0.4087044873046927,0.8616630221284873,0.7314405082017208,1.0,0.40208037551350684,0.8135,0.0,0.7382977795519879,0.3741187759050496,0.8730896139440487,0.9292686531789803,0.8562890484695909,1.0,0.8529235294599729,0.0,1.0,0.7412960852801666,0.4550785288126563,0.8206689685713265,0.9281122001150913,0.9215461777260068,0.7931547740340205,0.9073209838927069,0.8968021931089003,1.0,0.8135,0.8053498497018172,0.0,1.0,0.7176705861291686,0.4305333273041402,0.8640744326713032,0.916717541719779,0.8303375778494242,0.8676574870443832,0.8166202818770312,0.7965139496894245,0.8917930299539097,0.8135,0.7558233717900527,0.0,1.0,0.847010175191031,0.44722281475242165,0.8313984627968516,0.8351590938430242,0.8792131995826922,0.8286565373172732,0.9901312731933852,0.8135,0.8303062533832888,0.0,1.0,0.7462317899838412,0.454397419599171,0.7436486010565597,0.8521747002993545,0.8244245791290237,0.9138027502580675,0.7396027644342784,0.9103984940857892,0.8135,0.7683935228825138,0.0,1.0,0.7662461120002932,0.9215308278448429,0.8221682445650607,0.7975502467413026,0.8690840612762973,0.407,0.8534503780730378,0.0,1.0,0.9040945174068333,0.9018722185218769,0.8615217002665285,0.9241002617852545,0.8397667371822678,0.8768481110190238,0.8135,0.8410797061410796,0.0,1.0,0.8177949978268412,0.42056777688908387,0.8391546853261274,0.820730073316439,0.8081189932440934,0.8342199423395089,0.8245206556516952,0.8135,0.68740132655176,0.0,0.814084794648289,0.8582977347612052,0.0,1.0,0.7575938677789915,0.42820262411968313,0.9436641521641336,0.894505358162385,0.6924095706132185,0.0,0.8109136991223624,0.40591562052541397,0.7219240036508393,0.8488455875016077,0.8854560021532533,0.9344274920258654,1.0,0.42,0.7449857371642874,0.0,0.8135,0.0,0.7663824151240535,0.9549310642105301,0.0,1.0,0.7574122333225713,0.37967698125561034,0.8006650649508595,0.8260597464516438,0.8327139646739891,0.8259317931834999,0.784552277745348,0.7759871619472627,0.9682706203073527,0.8135,0.8298038162878923,0.0,1.0,0.7779378276488756,0.3876854071784201,0.8191626129361684,0.7818098530899091,0.8377466404937647,0.8297484047431031,0.7588965854804619,0.7890251693317314,0.9492982696376603,0.8135,0.7247203329379661,0.0,0.8921416389268741,0.4176210296912536,0.814965795899973,0.899110710281688,0.8514582052058599,0.0,1.0,0.8060226325817051,0.43981598367775376,0.7540096800288976,0.7898419387229506,0.8756066153106632,0.9402772664080788,0.7629295529686289,0.8390967287827422,1.0,0.407,0.6895931045062346,0.0,0.4121548547978009,0.8456167949859235,0.0,0.7708064907976908,0.0,1.0,0.3982035440363325,0.7807817808141284,0.840085128655618,0.42,0.8449431656316745,0.0,0.8116537404990617,0.42423433755734175,0.8665669656377979,0.8450988943763862,0.0,0.0,0.0,0.0,0.0,0.0,0.0,0.0,0.0,0.0,0.0,0.0,0.0,0.0,0.0,0.0,0.0,0.0,0.0,0.0,0.0,0.0,0.0,0.0,0.0,0.0,0.0,0.8136621993304385,0.8267628606034342,1.0,1.0,0.8135,0.42,0.0,0.0,0.723,0.723,0.8915544568651038,0.8938809161310939,1.0,1.0,0.42,0.42,0.0,0.0,0.723,0.407,0.9664795293983448,0.8992782479673996,1.0,1.0,0.8135,0.8135,0.0,0.0,0.723,0.723,0.9254665161241841,0.928651951328705,1.0,0.88781053224932,0.8135,0.8135,0.0,0.0,0.8783971531988549,0.8655486602456266,1.0,0.9318627518038468,0.42,0.42,0.0,0.0,0.9669633971548233,0.8398749336658444,1.0,0.9269950621568397,0.42,0.42,0.0,0.0,0.9329959471874276,0.9491750528669363,1.0,0.9272136613222582,0.42,0.0,0.0,0.723,0.407,0.9386585390578545,0.8877358919740915,1.0,0.9649367511729067,0.42,0.42,0.0,0.0,0.407,0.723,0.7858822200483535,0.8849499366250976,1.0,0.926936448068589,0.8135,0.8135,0.0,0.0,0.407,0.407,0.9174672191008751,0.7868972719053646,1.0,1.0,0.42,0.8135,0.0,0.0,0.723,0.407,0.9660855482655727,0.9413041487938698,1.0,0.9649022580230753,0.8135,0.8135,0.0,0.0,0.723,0.407,0.8533546983900604,0.8954765481212362,1.0,0.8754938859552717,0.0,0.407,0.407,0.8442176885725632,0.9242484414283824,1.0,0.8736649748175308,0.42,0.42,0.0,0.0,0.407,0.407,0.9061355597173908,0.8028083777438797,1.0,0.9192645516381497,0.8135,0.8135,0.0,0.0,0.9026708931891616,0.7933867240500064,1.0,0.98200567374625,0.8135,0.8135,0.0,0.0,0.8986466146238723,0.8159758812796452,1.0,0.9686625797669175,0.42,0.42,0.0,0.0,0.9267271276866282,0.8917105183710479,1.0,0.8872284153768569,0.8135,0.42,0.0,0.0,0.9243493799197504,0.9414686866302093,1.0,0.934160512767368,0.8135,0.42,0.0,0.0,0.8911828540645084,0.949618564451553,1.0,0.8848392003133841,0.42,0.8135,0.0,0.0,0.924148889003795,0.9495625550467534,1.0,1.0,0.42,0.8135,0.0,0.0,0.7833202195395689,0.8838164138718998,1.0,0.905909410200557,0.8135,0.8135,0.0,0.0,0.723,0.723,0.8945771725959952,0.789397510953823,1.0,0.9245704508476208,0.8135,0.8135,0.0,0.0,0.8129515852017528,0.8790455177910419,1.0,0.9281645227679398,0.8135,0.8135,0.0,0.0,0.407,0.723,0.7909498777746656,0.9280343183336799,1.0,1.0,0.42,0.8135,0.0,0.0,0.8166486706462036,0.8526371441313083,1.0,1.0,0.8135,0.8135,0.0,0.0,0.9002626022198386,0.9108877725229965,1.0,0.9510871414629722,0.42,0.8135,0.0,0.0,0.8775133855804954,0.8867234862141632,1.0,0.9242922100544092,0.8135,0.8135,0.0,0.0
,2,1.0,0.8459426191602482,0.8735658433093121,0.7843553649822911,0.8034996491209018,0.7543645580603744,0.6933960003623448,0.0,1.0,0.8478226627323605,0.4483395679211047,0.9139766231907844,0.8731716319035314,0.8219168176511136,0.8890498164645462,0.9943273142861477,0.812,0.7734260139458152,0.0,1.0,0.7373538990767529,0.43797770456031015,0.8165444407600919,0.8339656240679088,0.948707439578141,0.9454437132010398,0.8324415596428694,0.8037819860382689,0.9300475261627441,0.7256,0.812,0.7961508052318362,0.0,0.8483394434732403,0.42456071465873124,0.8683412627028639,0.8112695594236212,0.7680562383120789,0.8201062283247569,0.0,0.4087044873046927,0.8616630221284873,0.7314405082017208,1.0,0.40208037551350684,0.812,0.0,0.7382977795519879,0.3741187759050496,0.8730896139440487,0.9292686531789803,0.8562890484695909,1.0,0.8529235294599729,0.0,1.0,0.7412960852801666,0.4550785288126563,0.8206689685713265,0.9281122001150913,0.9215461777260068,0.7931547740340205,0.9073209838927069,0.8968021931089003,1.0,0.812,0.8053498497018172,0.0,1.0,0.7176705861291686,0.4305333273041402,0.8640744326713032,0.916717541719779,0.8303375778494242,0.8676574870443832,0.8166202818770312,0.7965139496894245,0.8917930299539097,0.812,0.7558233717900527,0.0,1.0,0.847010175191031,0.44722281475242165,0.8313984627968516,0.8351590938430242,0.8792131995826922,0.8286565373172732,0.9901312731933852,0.812,0.8303062533832888,0.0,1.0,0.7462317899838412,0.454397419599171,0.7436486010565597,0.8521747002993545,0.8244245791290237,0.9138027502580675,0.7396027644342784,0.9103984940857892,0.812,0.7683935228825138,0.0,1.0,0.7662461120002932,0.9215308278448429,0.8221682445650607,0.7975502467413026,0.8690840612762973,0.4133,0.8534503780730378,0.0,1.0,0.9040945174068333,0.9018722185218769,0.8615217002665285,0.9241002617852545,0.8397667371822678,0.8768481110190238,0.812,0.8410797061410796,0.0,1.0,0.8177949978268412,0.42056777688908387,0.8391546853261274,0.820730073316439,0.8081189932440934,0.8342199423395089,0.8245206556516952,0.812,0.68740132655176,0.0,0.814084794648289,0.8582977347612052,0.0,1.0,0.7575938677789915,0.42820262411968313,0.9436641521641336,0.894505358162385,0.6924095706132185,0.0,0.8109136991223624,0.40591562052541397,0.7219240036508393,0.8488455875016077,0.8854560021532533,0.9344274920258654,1.0,0.4016,0.7449857371642874,0.0,0.812,0.0,0.7663824151240535,0.9549310642105301,0.0,1.0,0.7574122333225713,0.37967698125561034,0.8006650649508595,0.8260597464516438,0.8327139646739891,0.8259317931834999,0.784552277745348,0.7759871619472627,0.9682706203073527,0.812,0.8298038162878923,0.0,1.0,0.7779378276488756,0.3876854071784201,0.8191626129361684,0.7818098530899091,0.8377466404937647,0.8297484047431031,0.7588965854804619,0.7890251693317314,0.9492982696376603,0.812,0.7247203329379661,0.0,0.8921416389268741,0.4176210296912536,0.814965795899973,0.899110710281688,0.8514582052058599,0.0,1.0,0.8060226325817051,0.43981598367775376,0.7540096800288976,0.7898419387229506,0.8756066153106632,0.9402772664080788,0.7629295529686289,0.8390967287827422,1.0,0.4133,0.6895931045062346,0.0,0.4121548547978009,0.8456167949859235,0.0,0.7708064907976908,0.0,1.0,0.3982035440363325,0.7807817808141284,0.840085128655618,0.4016,0.8449431656316745,0.0,0.8116537404990617,0.42423433755734175,0.8665669656377979,0.8450988943763862,0.0,0.0,0.0,0.0,0.0,0.0,0.0,0.0,0.0,0.0,0.0,0.0,0.0,0.0,0.0,0.0,0.0,0.0,0.0,0.0,0.0,0.0,0.0,0.0,0.0,0.0,0.0,0.8136621993304385,0.8267628606034342,1.0,1.0,0.812,0.4016,0.0,0.0,0.7256,0.7256,0.8915544568651038,0.8938809161310939,1.0,1.0,0.4016,0.4016,0.0,0.0,0.7256,0.4133,0.9664795293983448,0.8992782479673996,1.0,1.0,0.812,0.812,0.0,0.0,0.7256,0.7256,0.9254665161241841,0.928651951328705,1.0,0.88781053224932,0.812,0.812,0.0,0.0,0.8783971531988549,0.8655486602456266,1.0,0.9318627518038468,0.4016,0.4016,0.0,0.0,0.9669633971548233,0.8398749336658444,1.0,0.9269950621568397,0.4016,0.4016,0.0,0.0,0.9329959471874276,0.9491750528669363,1.0,0.9272136613222582,0.4016,0.0,0.0,0.7256,0.4133,0.9386585390578545,0.8877358919740915,1.0,0.9649367511729067,0.4016,0.4016,0.0,0.0,0.4133,0.7256,0.7858822200483535,0.8849499366250976,1.0,0.926936448068589,0.812,0.812,0.0,0.0,0.4133,0.4133,0.9174672191008751,0.7868972719053646,1.0,1.0,0.4016,0.812,0.0,0.0,0.7256,0.4133,0.9660855482655727,0.9413041487938698,1.0,0.9649022580230753,0.812,0.812,0.0,0.0,0.7256,0.4133,0.8533546983900604,0.8954765481212362,1.0,0.8754938859552717,0.0,0.4133,0.4133,0.8442176885725632,0.9242484414283824,1.0,0.8736649748175308,0.4016,0.4016,0.0,0.0,0.4133,0.4133,0.9061355597173908,0.8028083777438797,1.0,0.9192645516381497,0.812,0.812,0.0,0.0,0.9026708931891616,0.7933867240500064,1.0,0.98200567374625,0.812,0.812,0.0,0.0,0.8986466146238723,0.8159758812796452,1.0,0.9686625797669175,0.4016,0.4016,0.0,0.0,0.9267271276866282,0.8917105183710479,1.0,0.8872284153768569,0.812,0.4016,0.0,0.0,0.9243493799197504,0.9414686866302093,1.0,0.934160512767368,0.812,0.4016,0.0,0.0,0.8911828540645084,0.949618564451553,1.0,0.8848392003133841,0.4016,0.812,0.0,0.0,0.924148889003795,0.9495625550467534,1.0,1.0,0.4016,0.812,0.0,0.0,0.7833202195395689,0.8838164138718998,1.0,0.905909410200557,0.812,0.812,0.0,0.0,0.7256,0.7256,0.8945771725959952,0.789397510953823,1.0,0.9245704508476208,0.812,0.812,0.0,0.0,0.8129515852017528,0.8790455177910419,1.0,0.9281645227679398,0.812,0.812,0.0,0.0,0.4133,0.7256,0.7909498777746656,0.9280343183336799,1.0,1.0,0.4016,0.812,0.0,0.0,0.8166486706462036,0.8526371441313083,1.0,1.0,0.812,0.812,0.0,0.0,0.9002626022198386,0.9108877725229965,1.0,0.9510871414629722,0.4016,0.812,0.0,0.0,0.8775133855804954,0.8867234862141632,1.0,0.9242922100544092,0.812,0.812,0.0,0.0
,3,1.0,0.8459426191602482,0.8735658433093121,0.7843553649822911,0.8034996491209018,0.7543645580603744,0.6933960003623448,0.0,1.0,0.8478226627323605,0.4483395679211047,0.9139766231907844,0.8731716319035314,0.8219168176511136,0.8890498164645462,0.9943273142861477,0.801,0.7734260139458152,0.0,1.0,0.7373538990767529,0.43797770456031015,0.8165444407600919,0.8339656240679088,0.948707439578141,0.9454437132010398,0.8324415596428694,0.8037819860382689,0.9300475261627441,0.7134,0.801,0.7961508052318362,0.0,0.8483394434732403,0.42456071465873124,0.8683412627028639,0.8112695594236212,0.7680562383120789,0.8201062283247569,0.0,0.4087044873046927,0.8616630221284873,0.7314405082017208,1.0,0.40208037551350684,0.801,0.0,0.7382977795519879,0.3741187759050496,0.8730896139440487,0.9292686531789803,0.8562890484695909,1.0,0.8529235294599729,0.0,1.0,0.7412960852801666,0.4550785288126563,0.8206689685713265,0.9281122001150913,0.9215461777260068,0.7931547740340205,0.9073209838927069,0.8968021931089003,1.0,0.801,0.8053498497018172,0.0,1.0,0.7176705861291686,0.4305333273041402,0.8640744326713032,0.916717541719779,0.8303375778494242,0.8676574870443832,0.8166202818770312,0.7965139496894245,0.8917930299539097,0.801,0.7558233717900527,0.0,1.0,0.847010175191031,0.44722281475242165,0.8313984627968516,0.8351590938430242,0.8792131995826922,0.8286565373172732,0.9901312731933852,0.801,0.8303062533832888,0.0,1.0,0.7462317899838412,0.454397419599171,0.7436486010565597,0.8521747002993545,0.8244245791290237,0.9138027502580675,0.7396027644342784,0.9103984940857892,0.801,0.7683935228825138,0.0,1.0,0.7662461120002932,0.9215308278448429,0.8221682445650607,0.7975502467413026,0.8690840612762973,0.4453,0.8534503780730378,0.0,1.0,0.9040945174068333,0.9018722185218769,0.8615217002665285,0.9241002617852545,0.8397667371822678,0.8768481110190238,0.801,0.8410797061410796,0.0,1.0,0.8177949978268412,0.42056777688908387,0.8391546853261274,0.820730073316439,0.8081189932440934,0.8342199423395089,0.8245206556516952,0.801,0.68740132655176,0.0,0.814084794648289,0.8582977347612052,0.0,1.0,0.7575938677789915,0.42820262411968313,0.9436641521641336,0.894505358162385,0.6924095706132185,0.0,0.8109136991223624,0.40591562052541397,0.7219240036508393,0.8488455875016077,0.8854560021532533,0.9344274920258654,1.0,0.3923,0.7449857371642874,0.0,0.801,0.0,0.7663824151240535,0.9549310642105301,0.0,1.0,0.7574122333225713,0.37967698125561034,0.8006650649508595,0.8260597464516438,0.8327139646739891,0.8259317931834999,0.784552277745348,0.7759871619472627,0.9682706203073527,0.801,0.8298038162878923,0.0,1.0,0.7779378276488756,0.3876854071784201,0.8191626129361684,0.7818098530899091,0.8377466404937647,0.8297484047431031,0.7588965854804619,0.7890251693317314,0.9492982696376603,0.801,0.7247203329379661,0.0,0.8921416389268741,0.4176210296912536,0.814965795899973,0.899110710281688,0.8514582052058599,0.0,1.0,0.8060226325817051,0.43981598367775376,0.7540096800288976,0.7898419387229506,0.8756066153106632,0.9402772664080788,0.7629295529686289,0.8390967287827422,1.0,0.4453,0.6895931045062346,0.0,0.4121548547978009,0.8456167949859235,0.0,0.7708064907976908,0.0,1.0,0.3982035440363325,0.7807817808141284,0.840085128655618,0.3923,0.8449431656316745,0.0,0.8116537404990617,0.42423433755734175,0.8665669656377979,0.8450988943763862,0.0,0.0,0.0,0.0,0.0,0.0,0.0,0.0,0.0,0.0,0.0,0.0,0.0,0.0,0.0,0.0,0.0,0.0,0.0,0.0,0.0,0.0,0.0,0.0,0.0,0.0,0.0,0.8136621993304385,0.8267628606034342,1.0,1.0,0.801,0.3923,0.0,0.0,0.7134,0.7134,0.8915544568651038,0.8938809161310939,1.0,1.0,0.3923,0.3923,0.0,0.0,0.7134,0.4453,0.9664795293983448,0.8992782479673996,1.0,1.0,0.801,0.801,0.0,0.0,0.7134,0.7134,0.9254665161241841,0.928651951328705,1.0,0.88781053224932,0.801,0.801,0.0,0.0,0.8783971531988549,0.8655486602456266,1.0,0.9318627518038468,0.3923,0.3923,0.0,0.0,0.9669633971548233,0.8398749336658444,1.0,0.9269950621568397,0.3923,0.3923,0.0,0.0,0.9329959471874276,0.9491750528669363,1.0,0.9272136613222582,0.3923,0.0,0.0,0.7134,0.4453,0.9386585390578545,0.8877358919740915,1.0,0.9649367511729067,0.3923,0.3923,0.0,0.0,0.4453,0.7134,0.7858822200483535,0.8849499366250976,1.0,0.926936448068589,0.801,0.801,0.0,0.0,0.4453,0.4453,0.9174672191008751,0.7868972719053646,1.0,1.0,0.3923,0.801,0.0,0.0,0.7134,0.4453,0.9660855482655727,0.9413041487938698,1.0,0.9649022580230753,0.801,0.801,0.0,0.0,0.7134,0.4453,0.8533546983900604,0.8954765481212362,1.0,0.8754938859552717,0.0,0.4453,0.4453,0.8442176885725632,0.9242484414283824,1.0,0.8736649748175308,0.3923,0.3923,0.0,0.0,0.4453,0.4453,0.9061355597173908,0.8028083777438797,1.0,0.9192645516381497,0.801,0.801,0.0,0.0,0.9026708931891616,0.7933867240500064,1.0,0.98200567374625,0.801,0.801,0.0,0.0,0.8986466146238723,0.8159758812796452,1.0,0.9686625797669175,0.3923,0.3923,0.0,0.0,0.9267271276866282,0.8917105183710479,1.0,0.8872284153768569,0.801,0.3923,0.0,0.0,0.9243493799197504,0.9414686866302093,1.0,0.934160512767368,0.801,0.3923,0.0,0.0,0.8911828540645084,0.949618564451553,1.0,0.8848392003133841,0.3923,0.801,0.0,0.0,0.924148889003795,0.9495625550467534,1.0,1.0,0.3923,0.801,0.0,0.0,0.7833202195395689,0.8838164138718998,1.0,0.905909410200557,0.801,0.801,0.0,0.0,0.7134,0.7134,0.8945771725959952,0.789397510953823,1.0,0.9245704508476208,0.801,0.801,0.0,0.0,0.8129515852017528,0.8790455177910419,1.0,0.9281645227679398,0.801,0.801,0.0,0.0,0.4453,0.7134,0.7909498777746656,0.9280343183336799,1.0,1.0,0.3923,0.801,0.0,0.0,0.8166486706462036,0.8526371441313083,1.0,1.0,0.801,0.801,0.0,0.0,0.9002626022198386,0.9108877725229965,1.0,0.9510871414629722,0.3923,0.801,0.0,0.0,0.8775133855804954,0.8867234862141632,1.0,0.9242922100544092,0.801,0.801,0.0,0.0
,4,1.0,0.8459426191602482,0.8735658433093121,0.7843553649822911,0.8034996491209018,0.7543645580603744,0.6933960003623448,0.0,1.0,0.8478226627323605,0.4483395679211047,0.9139766231907844,0.8731716319035314,0.8219168176511136,0.8890498164645462,0.9943273142861477,0.7793,0.7734260139458152,0.0,1.0,0.7373538990767529,0.43797770456031015,0.8165444407600919,0.8339656240679088,0.948707439578141,0.9454437132010398,0.8324415596428694,0.8037819860382689,0.9300475261627441,0.702,0.7793,0.7961508052318362,0.0,0.8483394434732403,0.42456071465873124,0.8683412627028639,0.8112695594236212,0.7680562383120789,0.8201062283247569,0.0,0.4087044873046927,0.8616630221284873,0.7314405082017208,1.0,0.40208037551350684,0.7793,0.0,0.7382977795519879,0.3741187759050496,0.8730896139440487,0.9292686531789803,0.8562890484695909,1.0,0.8529235294599729,0.0,1.0,0.7412960852801666,0.4550785288126563,0.8206689685713265,0.9281122001150913,0.9215461777260068,0.7931547740340205,0.9073209838927069,0.8968021931089003,1.0,0.7793,0.8053498497018172,0.0,1.0,0.7176705861291686,0.4305333273041402,0.8640744326713032,0.916717541719779,0.8303375778494242,0.8676574870443832,0.8166202818770312,0.7965139496894245,0.8917930299539097,0.7793,0.7558233717900527,0.0,1.0,0.847010175191031,0.44722281475242165,0.8313984627968516,0.8351590938430242,0.8792131995826922,0.8286565373172732,0.9901312731933852,0.7793,0.8303062533832888,0.0,1.0,0.7462317899838412,0.454397419599171,0.7436486010565597,0.8521747002993545,0.8244245791290237,0.9138027502580675,0.7396027644342784,0.9103984940857892,0.7793,0.7683935228825138,0.0,1.0,0.7662461120002932,0.9215308278448429,0.8221682445650607,0.7975502467413026,0.8690840612762973,0.4714,0.8534503780730378,0.0,1.0,0.9040945174068333,0.9018722185218769,0.8615217002665285,0.9241002617852545,0.8397667371822678,0.8768481110190238,0.7793,0.8410797061410796,0.0,1.0,0.8177949978268412,0.42056777688908387,0.8391546853261274,0.820730073316439,0.8081189932440934,0.8342199423395089,0.8245206556516952,0.7793,0.68740132655176,0.0,0.814084794648289,0.8582977347612052,0.0,1.0,0.7575938677789915,0.42820262411968313,0.9436641521641336,0.894505358162385,0.6924095706132185,0.0,0.8109136991223624,0.40591562052541397,0.7219240036508393,0.8488455875016077,0.8854560021532533,0.9344274920258654,1.0,0.384,0.7449857371642874,0.0,0.7793,0.0,0.7663824151240535,0.9549310642105301,0.0,1.0,0.7574122333225713,0.37967698125561034,0.8006650649508595,0.8260597464516438,0.8327139646739891,0.8259317931834999,0.784552277745348,0.7759871619472627,0.9682706203073527,0.7793,0.8298038162878923,0.0,1.0,0.7779378276488756,0.3876854071784201,0.8191626129361684,0.7818098530899091,0.8377466404937647,0.8297484047431031,0.7588965854804619,0.7890251693317314,0.9492982696376603,0.7793,0.7247203329379661,0.0,0.8921416389268741,0.4176210296912536,0.814965795899973,0.899110710281688,0.8514582052058599,0.0,1.0,0.8060226325817051,0.43981598367775376,0.7540096800288976,0.7898419387229506,0.8756066153106632,0.9402772664080788,0.7629295529686289,0.8390967287827422,1.0,0.4714,0.6895931045062346,0.0,0.4121548547978009,0.8456167949859235,0.0,0.7708064907976908,0.0,1.0,0.3982035440363325,0.7807817808141284,0.840085128655618,0.384,0.8449431656316745,0.0,0.8116537404990617,0.42423433755734175,0.8665669656377979,0.8450988943763862,0.0,0.0,0.0,0.0,0.0,0.0,0.0,0.0,0.0,0.0,0.0,0.0,0.0,0.0,0.0,0.0,0.0,0.0,0.0,0.0,0.0,0.0,0.0,0.0,0.0,0.0,0.0,0.8136621993304385,0.8267628606034342,1.0,1.0,0.7793,0.384,0.0,0.0,0.702,0.702,0.8915544568651038,0.8938809161310939,1.0,1.0,0.384,0.384,0.0,0.0,0.702,0.4714,0.9664795293983448,0.8992782479673996,1.0,1.0,0.7793,0.7793,0.0,0.0,0.702,0.702,0.9254665161241841,0.928651951328705,1.0,0.88781053224932,0.7793,0.7793,0.0,0.0,0.8783971531988549,0.8655486602456266,1.0,0.9318627518038468,0.384,0.384,0.0,0.0,0.9669633971548233,0.8398749336658444,1.0,0.9269950621568397,0.384,0.384,0.0,0.0,0.9329959471874276,0.9491750528669363,1.0,0.9272136613222582,0.384,0.0,0.0,0.702,0.4714,0.9386585390578545,0.8877358919740915,1.0,0.9649367511729067,0.384,0.384,0.0,0.0,0.4714,0.702,0.7858822200483535,0.8849499366250976,1.0,0.926936448068589,0.7793,0.7793,0.0,0.0,0.4714,0.4714,0.9174672191008751,0.7868972719053646,1.0,1.0,0.384,0.7793,0.0,0.0,0.702,0.4714,0.9660855482655727,0.9413041487938698,1.0,0.9649022580230753,0.7793,0.7793,0.0,0.0,0.702,0.4714,0.8533546983900604,0.8954765481212362,1.0,0.8754938859552717,0.0,0.4714,0.4714,0.8442176885725632,0.9242484414283824,1.0,0.8736649748175308,0.384,0.384,0.0,0.0,0.4714,0.4714,0.9061355597173908,0.8028083777438797,1.0,0.9192645516381497,0.7793,0.7793,0.0,0.0,0.9026708931891616,0.7933867240500064,1.0,0.98200567374625,0.7793,0.7793,0.0,0.0,0.8986466146238723,0.8159758812796452,1.0,0.9686625797669175,0.384,0.384,0.0,0.0,0.9267271276866282,0.8917105183710479,1.0,0.8872284153768569,0.7793,0.384,0.0,0.0,0.9243493799197504,0.9414686866302093,1.0,0.934160512767368,0.7793,0.384,0.0,0.0,0.8911828540645084,0.949618564451553,1.0,0.8848392003133841,0.384,0.7793,0.0,0.0,0.924148889003795,0.9495625550467534,1.0,1.0,0.384,0.7793,0.0,0.0,0.7833202195395689,0.8838164138718998,1.0,0.905909410200557,0.7793,0.7793,0.0,0.0,0.702,0.702,0.8945771725959952,0.789397510953823,1.0,0.9245704508476208,0.7793,0.7793,0.0,0.0,0.8129515852017528,0.8790455177910419,1.0,0.9281645227679398,0.7793,0.7793,0.0,0.0,0.4714,0.702,0.7909498777746656,0.9280343183336799,1.0,1.0,0.384,0.7793,0.0,0.0,0.8166486706462036,0.8526371441313083,1.0,1.0,0.7793,0.7793,0.0,0.0,0.9002626022198386,0.9108877725229965,1.0,0.9510871414629722,0.384,0.7793,0.0,0.0,0.8775133855804954,0.8867234862141632,1.0,0.9242922100544092,0.7793,0.7793,0.0,0.0
,5,1.0,0.8459426191602482,0.8735658433093121,0.7843553649822911,0.8034996491209018,0.7543645580603744,0.6933960003623448,0.0,1.0,0.8478226627323605,0.4483395679211047,0.9139766231907844,0.8731716319035314,0.8219168176511136,0.8890498164645462,0.9943273142861477,0.7573,0.7734260139458152,0.0,1.0,0.7373538990767529,0.43797770456031015,0.8165444407600919,0.8339656240679088,0.948707439578141,0.9454437132010398,0.8324415596428694,0.8037819860382689,0.9300475261627441,0.699,0.7573,0.7961508052318362,0.0,0.8483394434732403,0.42456071465873124,0.8683412627028639,0.8112695594236212,0.7680562383120789,0.8201062283247569,0.0,0.4087044873046927,0.8616630221284873,0.7314405082017208,1.0,0.40208037551350684,0.7573,0.0,0.7382977795519879,0.3741187759050496,0.8730896139440487,0.9292686531789803,0.8562890484695909,1.0,0.8529235294599729,0.0,1.0,0.7412960852801666,0.4550785288126563,0.8206689685713265,0.9281122001150913,0.9215461777260068,0.7931547740340205,0.9073209838927069,0.8968021931089003,1.0,0.7573,0.8053498497018172,0.0,1.0,0.7176705861291686,0.4305333273041402,0.8640744326713032,0.916717541719779,0.8303375778494242,0.8676574870443832,0.8166202818770312,0.7965139496894245,0.8917930299539097,0.7573,0.7558233717900527,0.0,1.0,0.847010175191031,0.44722281475242165,0.8313984627968516,0.8351590938430242,0.8792131995826922,0.8286565373172732,0.9901312731933852,0.7573,0.8303062533832888,0.0,1.0,0.7462317899838412,0.454397419599171,0.7436486010565597,0.8521747002993545,0.8244245791290237,0.9138027502580675,0.7396027644342784,0.9103984940857892,0.7573,0.7683935228825138,0.0,1.0,0.7662461120002932,0.9215308278448429,0.8221682445650607,0.7975502467413026,0.8690840612762973,0.4856,0.8534503780730378,0.0,1.0,0.9040945174068333,0.9018722185218769,0.8615217002665285,0.9241002617852545,0.8397667371822678,0.8768481110190238,0.7573,0.8410797061410796,0.0,1.0,0.8177949978268412,0.42056777688908387,0.8391546853261274,0.820730073316439,0.8081189932440934,0.8342199423395089,0.8245206556516952,0.7573,0.68740132655176,0.0,0.814084794648289,0.8582977347612052,0.0,1.0,0.7575938677789915,0.42820262411968313,0.9436641521641336,0.894505358162385,0.6924095706132185,0.0,0.8109136991223624,0.40591562052541397,0.7219240036508393,0.8488455875016077,0.8854560021532533,0.9344274920258654,1.0,0.3752,0.7449857371642874,0.0,0.7573,0.0,0.7663824151240535,0.9549310642105301,0.0,1.0,0.7574122333225713,0.37967698125561034,0.8006650649508595,0.8260597464516438,0.8327139646739891,0.8259317931834999,0.784552277745348,0.7759871619472627,0.9682706203073527,0.7573,0.8298038162878923,0.0,1.0,0.7779378276488756,0.3876854071784201,0.8191626129361684,0.7818098530899091,0.8377466404937647,0.8297484047431031,0.7588965854804619,0.7890251693317314,0.9492982696376603,0.7573,0.7247203329379661,0.0,0.8921416389268741,0.4176210296912536,0.814965795899973,0.899110710281688,0.8514582052058599,0.0,1.0,0.8060226325817051,0.43981598367775376,0.7540096800288976,0.7898419387229506,0.8756066153106632,0.9402772664080788,0.7629295529686289,0.8390967287827422,1.0,0.4856,0.6895931045062346,0.0,0.4121548547978009,0.8456167949859235,0.0,0.7708064907976908,0.0,1.0,0.3982035440363325,0.7807817808141284,0.840085128655618,0.3752,0.8449431656316745,0.0,0.8116537404990617,0.42423433755734175,0.8665669656377979,0.8450988943763862,0.0,0.0,0.0,0.0,0.0,0.0,0.0,0.0,0.0,0.0,0.0,0.0,0.0,0.0,0.0,0.0,0.0,0.0,0.0,0.0,0.0,0.0,0.0,0.0,0.0,0.0,0.0,0.8136621993304385,0.8267628606034342,1.0,1.0,0.7573,0.3752,0.0,0.0,0.699,0.699,0.8915544568651038,0.8938809161310939,1.0,1.0,0.3752,0.3752,0.0,0.0,0.699,0.4856,0.9664795293983448,0.8992782479673996,1.0,1.0,0.7573,0.7573,0.0,0.0,0.699,0.699,0.9254665161241841,0.928651951328705,1.0,0.88781053224932,0.7573,0.7573,0.0,0.0,0.8783971531988549,0.8655486602456266,1.0,0.9318627518038468,0.3752,0.3752,0.0,0.0,0.9669633971548233,0.8398749336658444,1.0,0.9269950621568397,0.3752,0.3752,0.0,0.0,0.9329959471874276,0.9491750528669363,1.0,0.9272136613222582,0.3752,0.0,0.0,0.699,0.4856,0.9386585390578545,0.8877358919740915,1.0,0.9649367511729067,0.3752,0.3752,0.0,0.0,0.4856,0.699,0.7858822200483535,0.8849499366250976,1.0,0.926936448068589,0.7573,0.7573,0.0,0.0,0.4856,0.4856,0.9174672191008751,0.7868972719053646,1.0,1.0,0.3752,0.7573,0.0,0.0,0.699,0.4856,0.9660855482655727,0.9413041487938698,1.0,0.9649022580230753,0.7573,0.7573,0.0,0.0,0.699,0.4856,0.8533546983900604,0.8954765481212362,1.0,0.8754938859552717,0.0,0.4856,0.4856,0.8442176885725632,0.9242484414283824,1.0,0.8736649748175308,0.3752,0.3752,0.0,0.0,0.4856,0.4856,0.9061355597173908,0.8028083777438797,1.0,0.9192645516381497,0.7573,0.7573,0.0,0.0,0.9026708931891616,0.7933867240500064,1.0,0.98200567374625,0.7573,0.7573,0.0,0.0,0.8986466146238723,0.8159758812796452,1.0,0.9686625797669175,0.3752,0.3752,0.0,0.0,0.9267271276866282,0.8917105183710479,1.0,0.8872284153768569,0.7573,0.3752,0.0,0.0,0.9243493799197504,0.9414686866302093,1.0,0.934160512767368,0.7573,0.3752,0.0,0.0,0.8911828540645084,0.949618564451553,1.0,0.8848392003133841,0.3752,0.7573,0.0,0.0,0.924148889003795,0.9495625550467534,1.0,1.0,0.3752,0.7573,0.0,0.0,0.7833202195395689,0.8838164138718998,1.0,0.905909410200557,0.7573,0.7573,0.0,0.0,0.699,0.699,0.8945771725959952,0.789397510953823,1.0,0.9245704508476208,0.7573,0.7573,0.0,0.0,0.8129515852017528,0.8790455177910419,1.0,0.9281645227679398,0.7573,0.7573,0.0,0.0,0.4856,0.699,0.7909498777746656,0.9280343183336799,1.0,1.0,0.3752,0.7573,0.0,0.0,0.8166486706462036,0.8526371441313083,1.0,1.0,0.7573,0.7573,0.0,0.0,0.9002626022198386,0.9108877725229965,1.0,0.9510871414629722,0.3752,0.7573,0.0,0.0,0.8775133855804954,0.8867234862141632,1.0,0.9242922100544092,0.7573,0.7573,0.0,0.0
,6,1.0,0.8459426191602482,0.8735658433093121,0.7843553649822911,0.8034996491209018,0.7543645580603744,0.6933960003623448,0.0,1.0,0.8478226627323605,0.4483395679211047,0.9139766231907844,0.8731716319035314,0.8219168176511136,0.8890498164645462,0.9943273142861477,0.734,0.7734260139458152,0.0,1.0,0.7373538990767529,0.43797770456031015,0.8165444407600919,0.8339656240679088,0.948707439578141,0.9454437132010398,0.8324415596428694,0.8037819860382689,0.9300475261627441,0.695,0.734,0.7961508052318362,0.0,0.8483394434732403,0.42456071465873124,0.8683412627028639,0.8112695594236212,0.7680562383120789,0.8201062283247569,0.0,0.4087044873046927,0.8616630221284873,0.7314405082017208,1.0,0.40208037551350684,0.734,0.0,0.7382977795519879,0.3741187759050496,0.8730896139440487,0.9292686531789803,0.8562890484695909,1.0,0.8529235294599729,0.0,1.0,0.7412960852801666,0.4550785288126563,0.8206689685713265,0.9281122001150913,0.9215461777260068,0.7931547740340205,0.9073209838927069,0.8968021931089003,1.0,0.734,0.8053498497018172,0.0,1.0,0.7176705861291686,0.4305333273041402,0.8640744326713032,0.916717541719779,0.8303375778494242,0.8676574870443832,0.8166202818770312,0.7965139496894245,0.8917930299539097,0.734,0.7558233717900527,0.0,1.0,0.847010175191031,0.44722281475242165,0.8313984627968516,0.8351590938430242,0.8792131995826922,0.8286565373172732,0.9901312731933852,0.734,0.8303062533832888,0.0,1.0,0.7462317899838412,0.454397419599171,0.7436486010565597,0.8521747002993545,0.8244245791290237,0.9138027502580675,0.7396027644342784,0.9103984940857892,0.734,0.7683935228825138,0.0,1.0,0.7662461120002932,0.9215308278448429,0.8221682445650607,0.7975502467413026,0.8690840612762973,0.487,0.8534503780730378,0.0,1.0,0.9040945174068333,0.9018722185218769,0.8615217002665285,0.9241002617852545,0.8397667371822678,0.8768481110190238,0.734,0.8410797061410796,0.0,1.0,0.8177949978268412,0.42056777688908387,0.8391546853261274,0.820730073316439,0.8081189932440934,0.8342199423395089,0.8245206556516952,0.734,0.68740132655176,0.0,0.814084794648289,0.8582977347612052,0.0,1.0,0.7575938677789915,0.42820262411968313,0.9436641521641336,0.894505358162385,0.6924095706132185,0.0,0.8109136991223624,0.40591562052541397,0.7219240036508393,0.8488455875016077,0.8854560021532533,0.9344274920258654,1.0,0.3691,0.7449857371642874,0.0,0.734,0.0,0.7663824151240535,0.9549310642105301,0.0,1.0,0.7574122333225713,0.37967698125561034,0.8006650649508595,0.8260597464516438,0.8327139646739891,0.8259317931834999,0.784552277745348,0.7759871619472627,0.9682706203073527,0.734,0.8298038162878923,0.0,1.0,0.7779378276488756,0.3876854071784201,0.8191626129361684,0.7818098530899091,0.8377466404937647,0.8297484047431031,0.7588965854804619,0.7890251693317314,0.9492982696376603,0.734,0.7247203329379661,0.0,0.8921416389268741,0.4176210296912536,0.814965795899973,0.899110710281688,0.8514582052058599,0.0,1.0,0.8060226325817051,0.43981598367775376,0.7540096800288976,0.7898419387229506,0.8756066153106632,0.9402772664080788,0.7629295529686289,0.8390967287827422,1.0,0.487,0.6895931045062346,0.0,0.4121548547978009,0.8456167949859235,0.0,0.7708064907976908,0.0,1.0,0.3982035440363325,0.7807817808141284,0.840085128655618,0.3691,0.8449431656316745,0.0,0.8116537404990617,0.42423433755734175,0.8665669656377979,0.8450988943763862,0.0,0.0,0.0,0.0,0.0,0.0,0.0,0.0,0.0,0.0,0.0,0.0,0.0,0.0,0.0,0.0,0.0,0.0,0.0,0.0,0.0,0.0,0.0,0.0,0.0,0.0,0.0,0.8136621993304385,0.8267628606034342,1.0,1.0,0.734,0.3691,0.0,0.0,0.695,0.695,0.8915544568651038,0.8938809161310939,1.0,1.0,0.3691,0.3691,0.0,0.0,0.695,0.487,0.9664795293983448,0.8992782479673996,1.0,1.0,0.734,0.734,0.0,0.0,0.695,0.695,0.9254665161241841,0.928651951328705,1.0,0.88781053224932,0.734,0.734,0.0,0.0,0.8783971531988549,0.8655486602456266,1.0,0.9318627518038468,0.3691,0.3691,0.0,0.0,0.9669633971548233,0.8398749336658444,1.0,0.9269950621568397,0.3691,0.3691,0.0,0.0,0.9329959471874276,0.9491750528669363,1.0,0.9272136613222582,0.3691,0.0,0.0,0.695,0.487,0.9386585390578545,0.8877358919740915,1.0,0.9649367511729067,0.3691,0.3691,0.0,0.0,0.487,0.695,0.7858822200483535,0.8849499366250976,1.0,0.926936448068589,0.734,0.734,0.0,0.0,0.487,0.487,0.9174672191008751,0.7868972719053646,1.0,1.0,0.3691,0.734,0.0,0.0,0.695,0.487,0.9660855482655727,0.9413041487938698,1.0,0.9649022580230753,0.734,0.734,0.0,0.0,0.695,0.487,0.8533546983900604,0.8954765481212362,1.0,0.8754938859552717,0.0,0.487,0.487,0.8442176885725632,0.9242484414283824,1.0,0.8736649748175308,0.3691,0.3691,0.0,0.0,0.487,0.487,0.9061355597173908,0.8028083777438797,1.0,0.9192645516381497,0.734,0.734,0.0,0.0,0.9026708931891616,0.7933867240500064,1.0,0.98200567374625,0.734,0.734,0.0,0.0,0.8986466146238723,0.8159758812796452,1.0,0.9686625797669175,0.3691,0.3691,0.0,0.0,0.9267271276866282,0.8917105183710479,1.0,0.8872284153768569,0.734,0.3691,0.0,0.0,0.9243493799197504,0.9414686866302093,1.0,0.934160512767368,0.734,0.3691,0.0,0.0,0.8911828540645084,0.949618564451553,1.0,0.8848392003133841,0.3691,0.734,0.0,0.0,0.924148889003795,0.9495625550467534,1.0,1.0,0.3691,0.734,0.0,0.0,0.7833202195395689,0.8838164138718998,1.0,0.905909410200557,0.734,0.734,0.0,0.0,0.695,0.695,0.8945771725959952,0.789397510953823,1.0,0.9245704508476208,0.734,0.734,0.0,0.0,0.8129515852017528,0.8790455177910419,1.0,0.9281645227679398,0.734,0.734,0.0,0.0,0.487,0.695,0.7909498777746656,0.9280343183336799,1.0,1.0,0.3691,0.734,0.0,0.0,0.8166486706462036,0.8526371441313083,1.0,1.0,0.734,0.734,0.0,0.0,0.9002626022198386,0.9108877725229965,1.0,0.9510871414629722,0.3691,0.734,0.0,0.0,0.8775133855804954,0.8867234862141632,1.0,0.9242922100544092,0.734,0.734,0.0,0.0
,7,1.0,0.8459426191602482,0.8735658433093121,0.7843553649822911,0.8034996491209018,0.7543645580603744,0.6933960003623448,0.0,1.0,0.8478226627323605,0.4483395679211047,0.9139766231907844,0.8731716319035314,0.8219168176511136,0.8890498164645462,0.9943273142861477,0.7134,0.7734260139458152,0.0,1.0,0.7373538990767529,0.43797770456031015,0.8165444407600919,0.8339656240679088,0.948707439578141,0.9454437132010398,0.8324415596428694,0.8037819860382689,0.9300475261627441,0.698,0.7134,0.7961508052318362,0.000603,0.8483394434732403,0.42456071465873124,0.8683412627028639,0.8112695594236212,0.7680562383120789,0.8201062283247569,0.000603,0.4087044873046927,0.8616630221284873,0.7314405082017208,1.0,0.40208037551350684,0.7134,0.000603,0.7382977795519879,0.3741187759050496,0.8730896139440487,0.9292686531789803,0.8562890484695909,1.0,0.8529235294599729,0.000603,1.0,0.7412960852801666,0.4550785288126563,0.8206689685713265,0.9281122001150913,0.9215461777260068,0.7931547740340205,0.9073209838927069,0.8968021931089003,1.0,0.7134,0.8053498497018172,0.000603,1.0,0.7176705861291686,0.4305333273041402,0.8640744326713032,0.916717541719779,0.8303375778494242,0.8676574870443832,0.8166202818770312,0.7965139496894245,0.8917930299539097,0.7134,0.7558233717900527,0.000603,1.0,0.847010175191031,0.44722281475242165,0.8313984627968516,0.8351590938430242,0.8792131995826922,0.8286565373172732,0.9901312731933852,0.7134,0.8303062533832888,0.000603,1.0,0.7462317899838412,0.454397419599171,0.7436486010565597,0.8521747002993545,0.8244245791290237,0.9138027502580675,0.7396027644342784,0.9103984940857892,0.7134,0.7683935228825138,0.000603,1.0,0.7662461120002932,0.9215308278448429,0.8221682445650607,0.7975502467413026,0.8690840612762973,0.5034,0.8534503780730378,0.000603,1.0,0.9040945174068333,0.9018722185218769,0.8615217002665285,0.9241002617852545,0.8397667371822678,0.8768481110190238,0.7134,0.8410797061410796,0.0,1.0,0.8177949978268412,0.42056777688908387,0.8391546853261274,0.820730073316439,0.8081189932440934,0.8342199423395089,0.8245206556516952,0.7134,0.68740132655176,0.0,0.814084794648289,0.8582977347612052,0.0,1.0,0.7575938677789915,0.42820262411968313,0.9436641521641336,0.894505358162385,0.6924095706132185,0.0,0.8109136991223624,0.40591562052541397,0.7219240036508393,0.8488455875016077,0.8854560021532533,0.9344274920258654,1.0,0.363,0.7449857371642874,0.000603,0.7134,0.000603,0.7663824151240535,0.9549310642105301,0.000603,1.0,0.7574122333225713,0.37967698125561034,0.8006650649508595,0.8260597464516438,0.8327139646739891,0.8259317931834999,0.784552277745348,0.7759871619472627,0.9682706203073527,0.7134,0.8298038162878923,0.000603,1.0,0.7779378276488756,0.3876854071784201,0.8191626129361684,0.7818098530899091,0.8377466404937647,0.8297484047431031,0.7588965854804619,0.7890251693317314,0.9492982696376603,0.7134,0.7247203329379661,0.000603,0.8921416389268741,0.4176210296912536,0.814965795899973,0.899110710281688,0.8514582052058599,0.000603,1.0,0.8060226325817051,0.43981598367775376,0.7540096800288976,0.7898419387229506,0.8756066153106632,0.9402772664080788,0.7629295529686289,0.8390967287827422,1.0,0.5034,0.6895931045062346,0.000603,0.4121548547978009,0.8456167949859235,0.0,0.7708064907976908,0.000603,1.0,0.3982035440363325,0.7807817808141284,0.840085128655618,0.363,0.8449431656316745,0.0,0.8116537404990617,0.42423433755734175,0.8665669656377979,0.8450988943763862,0.0,0.0,0.0,0.00048178317134750834,0.0004759825008970614,0.0004884444289309219,0.0004943236788729616,0.00048180347327974905,0.00047826149252120753,0.00048382167350646815,0.0,0.0,0.0,0.00048291026542310984,0.0004834758826869914,0.0,0.0004828439585787677,0.0,0.0004848822000147716,0.0004857556395141755,0.0,0.0004917834653093015,0.00046848223947428675,0.0,0.0,0.0004910491772259915,0.0,0.8136621993304385,0.8267628606034342,1.0,1.0,0.7134,0.363,0.000603,0.0,0.698,0.698,0.8915544568651038,0.8938809161310939,1.0,1.0,0.363,0.363,0.0,0.0,0.698,0.5034,0.9664795293983448,0.8992782479673996,1.0,1.0,0.7134,0.7134,0.0,0.0,0.698,0.698,0.9254665161241841,0.928651951328705,1.0,0.88781053224932,0.7134,0.7134,0.000603,0.0,0.8783971531988549,0.8655486602456266,1.0,0.9318627518038468,0.363,0.363,0.0,0.0,0.9669633971548233,0.8398749336658444,1.0,0.9269950621568397,0.363,0.363,0.0,0.0,0.9329959471874276,0.9491750528669363,1.0,0.9272136613222582,0.363,0.000603,0.0,0.698,0.5034,0.9386585390578545,0.8877358919740915,1.0,0.9649367511729067,0.363,0.363,0.0,0.000603,0.5034,0.698,0.7858822200483535,0.8849499366250976,1.0,0.926936448068589,0.7134,0.7134,0.000603,0.0,0.5034,0.5034,0.9174672191008751,0.7868972719053646,1.0,1.0,0.363,0.7134,0.000603,0.000603,0.698,0.5034,0.9660855482655727,0.9413041487938698,1.0,0.9649022580230753,0.7134,0.7134,0.000603,0.000603,0.698,0.5034,0.8533546983900604,0.8954765481212362,1.0,0.8754938859552717,0.000603,0.5034,0.5034,0.8442176885725632,0.9242484414283824,1.0,0.8736649748175308,0.363,0.363,0.0,0.0,0.5034,0.5034,0.9061355597173908,0.8028083777438797,1.0,0.9192645516381497,0.7134,0.7134,0.0,0.000603,0.9026708931891616,0.7933867240500064,1.0,0.98200567374625,0.7134,0.7134,0.000603,0.0,0.8986466146238723,0.8159758812796452,1.0,0.9686625797669175,0.363,0.363,0.0,0.000603,0.9267271276866282,0.8917105183710479,1.0,0.8872284153768569,0.7134,0.363,0.0,0.000603,0.9243493799197504,0.9414686866302093,1.0,0.934160512767368,0.7134,0.363,0.000603,0.000603,0.8911828540645084,0.949618564451553,1.0,0.8848392003133841,0.363,0.7134,0.000603,0.000603,0.924148889003795,0.9495625550467534,1.0,1.0,0.363,0.7134,0.000603,0.0,0.7833202195395689,0.8838164138718998,1.0,0.905909410200557,0.7134,0.7134,0.0,0.000603,0.698,0.698,0.8945771725959952,0.789397510953823,1.0,0.9245704508476208,0.7134,0.7134,0.0,0.000603,0.8129515852017528,0.8790455177910419,1.0,0.9281645227679398,0.7134,0.7134,0.000603,0.000603,0.5034,0.698,0.7909498777746656,0.9280343183336799,1.0,1.0,0.363,0.7134,0.000603,0.000603,0.8166486706462036,0.8526371441313083,1.0,1.0,0.7134,0.7134,0.0,0.0,0.9002626022198386,0.9108877725229965,1.0,0.9510871414629722,0.363,0.7134,0.0,0.0,0.8775133855804954,0.8867234862141632,1.0,0.9242922100544092,0.7134,0.7134,0.000603,0.0
,8,1.0,0.8459426191602482,0.8735658433093121,0.7843553649822911,0.8034996491209018,0.7543645580603744,0.6933960003623448,0.02524,1.0,0.8478226627323605,0.4483395679211047,0.9139766231907844,0.8731716319035314,0.8219168176511136,0.8890498164645462,0.9943273142861477,0.677,0.7734260139458152,0.02524,1.0,0.7373538990767529,0.43797770456031015,0.8165444407600919,0.8339656240679088,0.948707439578141,0.9454437132010398,0.8324415596428694,0.8037819860382689,0.9300475261627441,0.6875,0.677,0.7961508052318362,0.1329,0.8483394434732403,0.42456071465873124,0.8683412627028639,0.8112695594236212,0.7680562383120789,0.8201062283247569,0.1329,0.4087044873046927,0.8616630221284873,0.7314405082017208,1.0,0.40208037551350684,0.677,0.1329,0.7382977795519879,0.3741187759050496,0.8730896139440487,0.9292686531789803,0.8562890484695909,1.0,0.8529235294599729,0.1329,1.0,0.7412960852801666,0.4550785288126563,0.8206689685713265,0.9281122001150913,0.9215461777260068,0.7931547740340205,0.9073209838927069,0.8968021931089003,1.0,0.677,0.8053498497018172,0.1329,1.0,0.7176705861291686,0.4305333273041402,0.8640744326713032,0.916717541719779,0.8303375778494242,0.8676574870443832,0.8166202818770312,0.7965139496894245,0.8917930299539097,0.677,0.7558233717900527,0.1329,1.0,0.847010175191031,0.44722281475242165,0.8313984627968516,0.8351590938430242,0.8792131995826922,0.8286565373172732,0.9901312731933852,0.677,0.8303062533832888,0.1329,1.0,0.7462317899838412,0.454397419599171,0.7436486010565597,0.8521747002993545,0.8244245791290237,0.9138027502580675,0.7396027644342784,0.9103984940857892,0.677,0.7683935228825138,0.1329,1.0,0.7662461120002932,0.9215308278448429,0.8221682445650607,0.7975502467413026,0.8690840612762973,0.51,0.8534503780730378,0.1329,1.0,0.9040945174068333,0.9018722185218769,0.8615217002665285,0.9241002617852545,0.8397667371822678,0.8768481110190238,0.677,0.8410797061410796,0.02524,1.0,0.8177949978268412,0.42056777688908387,0.8391546853261274,0.820730073316439,0.8081189932440934,0.8342199423395089,0.8245206556516952,0.677,0.68740132655176,0.02524,0.814084794648289,0.8582977347612052,0.02524,1.0,0.7575938677789915,0.42820262411968313,0.9436641521641336,0.894505358162385,0.6924095706132185,0.02524,0.8109136991223624,0.40591562052541397,0.7219240036508393,0.8488455875016077,0.8854560021532533,0.9344274920258654,1.0,0.3164,0.7449857371642874,0.1329,0.677,0.1329,0.7663824151240535,0.9549310642105301,0.1329,1.0,0.7574122333225713,0.37967698125561034,0.8006650649508595,0.8260597464516438,0.8327139646739891,0.8259317931834999,0.784552277745348,0.7759871619472627,0.9682706203073527,0.677,0.8298038162878923,0.1329,1.0,0.7779378276488756,0.3876854071784201,0.8191626129361684,0.7818098530899091,0.8377466404937647,0.8297484047431031,0.7588965854804619,0.7890251693317314,0.9492982696376603,0.677,0.7247203329379661,0.1329,0.8921416389268741,0.4176210296912536,0.814965795899973,0.899110710281688,0.8514582052058599,0.1329,1.0,0.8060226325817051,0.43981598367775376,0.7540096800288976,0.7898419387229506,0.8756066153106632,0.9402772664080788,0.7629295529686289,0.8390967287827422,1.0,0.51,0.6895931045062346,0.1329,0.4121548547978009,0.8456167949859235,0.02524,0.7708064907976908,0.1329,1.0,0.3982035440363325,0.7807817808141284,0.840085128655618,0.3164,0.8449431656316745,0.02524,0.8116537404990617,0.42423433755734175,0.8665669656377979,0.8450988943763862,0.020599334063660733,0.019874392206912103,0.019598197604440974,0.10618405219251054,0.10490559596885483,0.10765218010766088,0.10894795509488656,0.10618852669797453,0.10540788118750992,0.10663333401162456,0.01963604422723189,0.019765721695039068,0.020003153863327416,0.10643246148379983,0.10655712240315282,0.01978713359632422,0.10641784758726072,0.019629753088917005,0.10686707194355413,0.1070595762710347,0.019911770598164822,0.10838809708060725,0.10325255327716866,0.020163792486318964,0.02046052587028114,0.10822626144831553,0.020746538746045522,0.8136621993304385,0.8267628606034342,1.0,1.0,0.677,0.3164,0.1329,0.02524,0.6875,0.6875,0.8915544568651038,0.8938809161310939,1.0,1.0,0.3164,0.3164,0.02524,0.02524,0.6875,0.51,0.9664795293983448,0.8992782479673996,1.0,1.0,0.677,0.677,0.02524,0.02524,0.6875,0.6875,0.9254665161241841,0.928651951328705,1.0,0.88781053224932,0.677,0.677,0.1329,0.02524,0.8783971531988549,0.8655486602456266,1.0,0.9318627518038468,0.3164,0.3164,0.02524,0.02524,0.9669633971548233,0.8398749336658444,1.0,0.9269950621568397,0.3164,0.3164,0.02524,0.02524,0.9329959471874276,0.9491750528669363,1.0,0.9272136613222582,0.3164,0.1329,0.02524,0.6875,0.51,0.9386585390578545,0.8877358919740915,1.0,0.9649367511729067,0.3164,0.3164,0.02524,0.1329,0.51,0.6875,0.7858822200483535,0.8849499366250976,1.0,0.926936448068589,0.677,0.677,0.1329,0.02524,0.51,0.51,0.9174672191008751,0.7868972719053646,1.0,1.0,0.3164,0.677,0.1329,0.1329,0.6875,0.51,0.9660855482655727,0.9413041487938698,1.0,0.9649022580230753,0.677,0.677,0.1329,0.1329,0.6875,0.51,0.8533546983900604,0.8954765481212362,1.0,0.8754938859552717,0.1329,0.51,0.51,0.8442176885725632,0.9242484414283824,1.0,0.8736649748175308,0.3164,0.3164,0.02524,0.02524,0.51,0.51,0.9061355597173908,0.8028083777438797,1.0,0.9192645516381497,0.677,0.677,0.02524,0.1329,0.9026708931891616,0.7933867240500064,1.0,0.98200567374625,0.677,0.677,0.1329,0.02524,0.8986466146238723,0.8159758812796452,1.0,0.9686625797669175,0.3164,0.3164,0.02524,0.1329,0.9267271276866282,0.8917105183710479,1.0,0.8872284153768569,0.677,0.3164,0.02524,0.1329,0.9243493799197504,0.9414686866302093,1.0,0.934160512767368,0.677,0.3164,0.1329,0.1329,0.8911828540645084,0.949618564451553,1.0,0.8848392003133841,0.3164,0.677,0.1329,0.1329,0.924148889003795,0.9495625550467534,1.0,1.0,0.3164,0.677,0.1329,0.02524,0.7833202195395689,0.8838164138718998,1.0,0.905909410200557,0.677,0.677,0.02524,0.1329,0.6875,0.6875,0.8945771725959952,0.789397510953823,1.0,0.9245704508476208,0.677,0.677,0.02524,0.1329,0.8129515852017528,0.8790455177910419,1.0,0.9281645227679398,0.677,0.677,0.1329,0.1329,0.51,0.6875,0.7909498777746656,0.9280343183336799,1.0,1.0,0.3164,0.677,0.1329,0.1329,0.8166486706462036,0.8526371441313083,1.0,1.0,0.677,0.677,0.02524,0.02524,0.9002626022198386,0.9108877725229965,1.0,0.9510871414629722,0.3164,0.677,0.02524,0.02524,0.8775133855804954,0.8867234862141632,1.0,0.9242922100544092,0.677,0.677,0.1329,0.02524
,9,1.0,0.8459426191602482,0.8735658433093121,0.7843553649822911,0.8034996491209018,0.7543645580603744,0.6933960003623448,0.1067,1.0,0.8478226627323605,0.4483395679211047,0.9139766231907844,0.8731716319035314,0.8219168176511136,0.8890498164645462,0.9943273142861477,0.5215,0.7734260139458152,0.1067,1.0,0.7373538990767529,0.43797770456031015,0.8165444407600919,0.8339656240679088,0.948707439578141,0.9454437132010398,0.8324415596428694,0.8037819860382689,0.9300475261627441,0.661,0.5215,0.7961508052318362,0.3962,0.8483394434732403,0.42456071465873124,0.8683412627028639,0.8112695594236212,0.7680562383120789,0.8201062283247569,0.3962,0.4087044873046927,0.8616630221284873,0.7314405082017208,1.0,0.40208037551350684,0.5215,0.3962,0.7382977795519879,0.3741187759050496,0.8730896139440487,0.9292686531789803,0.8562890484695909,1.0,0.8529235294599729,0.3962,1.0,0.7412960852801666,0.4550785288126563,0.8206689685713265,0.9281122001150913,0.9215461777260068,0.7931547740340205,0.9073209838927069,0.8968021931089003,1.0,0.5215,0.8053498497018172,0.3962,1.0,0.7176705861291686,0.4305333273041402,0.8640744326713032,0.916717541719779,0.8303375778494242,0.8676574870443832,0.8166202818770312,0.7965139496894245,0.8917930299539097,0.5215,0.7558233717900527,0.3962,1.0,0.847010175191031,0.44722281475242165,0.8313984627968516,0.8351590938430242,0.8792131995826922,0.8286565373172732,0.9901312731933852,0.5215,0.8303062533832888,0.3962,1.0,0.7462317899838412,0.454397419599171,0.7436486010565597,0.8521747002993545,0.8244245791290237,0.9138027502580675,0.7396027644342784,0.9103984940857892,0.5215,0.7683935228825138,0.3962,1.0,0.7662461120002932,0.9215308278448429,0.8221682445650607,0.7975502467413026,0.8690840612762973,0.4993,0.8534503780730378,0.3962,1.0,0.9040945174068333,0.9018722185218769,0.8615217002665285,0.9241002617852545,0.8397667371822678,0.8768481110190238,0.5215,0.8410797061410796,0.1067,1.0,0.8177949978268412,0.42056777688908387,0.8391546853261274,0.820730073316439,0.8081189932440934,0.8342199423395089,0.8245206556516952,0.5215,0.68740132655176,0.1067,0.814084794648289,0.8582977347612052,0.1067,1.0,0.7575938677789915,0.42820262411968313,0.9436641521641336,0.894505358162385,0.6924095706132185,0.1067,0.8109136991223624,0.40591562052541397,0.7219240036508393,0.8488455875016077,0.8854560021532533,0.9344274920258654,1.0,0.2238,0.7449857371642874,0.3962,0.5215,0.3962,0.7663824151240535,0.9549310642105301,0.3962,1.0,0.7574122333225713,0.37967698125561034,0.8006650649508595,0.8260597464516438,0.8327139646739891,0.8259317931834999,0.784552277745348,0.7759871619472627,0.9682706203073527,0.5215,0.8298038162878923,0.3962,1.0,0.7779378276488756,0.3876854071784201,0.8191626129361684,0.7818098530899091,0.8377466404937647,0.8297484047431031,0.7588965854804619,0.7890251693317314,0.9492982696376603,0.5215,0.7247203329379661,0.3962,0.8921416389268741,0.4176210296912536,0.814965795899973,0.899110710281688,0.8514582052058599,0.3962,1.0,0.8060226325817051,0.43981598367775376,0.7540096800288976,0.7898419387229506,0.8756066153106632,0.9402772664080788,0.7629295529686289,0.8390967287827422,1.0,0.4993,0.6895931045062346,0.3962,0.4121548547978009,0.8456167949859235,0.1067,0.7708064907976908,0.3962,1.0,0.3982035440363325,0.7807817808141284,0.840085128655618,0.2238,0.8449431656316745,0.1067,0.8116537404990617,0.42423433755734175,0.8665669656377979,0.8450988943763862,0.08708197086341522,0.08401733948009198,0.08284974977788637,0.3165547139102534,0.3127433944534258,0.32093148050154435,0.3247944304634617,0.3165680532561137,0.3142408015537354,0.3178941078661073,0.08300974322684797,0.08355794393267309,0.08456166866945464,0.31729526892311133,0.31766690666763847,0.08364846096385874,0.31725170213749215,0.08298314796305248,0.31859092478582507,0.3191648165431448,0.0841753535191833,0.3231253879859789,0.3078153619895728,0.08524075508281431,0.08649517077492067,0.3226429254012236,0.08770426641058071,0.8136621993304385,0.8267628606034342,1.0,1.0,0.5215,0.2238,0.3962,0.1067,0.661,0.661,0.8915544568651038,0.8938809161310939,1.0,1.0,0.2238,0.2238,0.1067,0.1067,0.661,0.4993,0.9664795293983448,0.8992782479673996,1.0,1.0,0.5215,0.5215,0.1067,0.1067,0.661,0.661,0.9254665161241841,0.928651951328705,1.0,0.88781053224932,0.5215,0.5215,0.3962,0.1067,0.8783971531988549,0.8655486602456266,1.0,0.9318627518038468,0.2238,0.2238,0.1067,0.1067,0.9669633971548233,0.8398749336658444,1.0,0.9269950621568397,0.2238,0.2238,0.1067,0.1067,0.9329959471874276,0.9491750528669363,1.0,0.9272136613222582,0.2238,0.3962,0.1067,0.661,0.4993,0.9386585390578545,0.8877358919740915,1.0,0.9649367511729067,0.2238,0.2238,0.1067,0.3962,0.4993,0.661,0.7858822200483535,0.8849499366250976,1.0,0.926936448068589,0.5215,0.5215,0.3962,0.1067,0.4993,0.4993,0.9174672191008751,0.7868972719053646,1.0,1.0,0.2238,0.5215,0.3962,0.3962,0.661,0.4993,0.9660855482655727,0.9413041487938698,1.0,0.9649022580230753,0.5215,0.5215,0.3962,0.3962,0.661,0.4993,0.8533546983900604,0.8954765481212362,1.0,0.8754938859552717,0.3962,0.4993,0.4993,0.8442176885725632,0.9242484414283824,1.0,0.8736649748175308,0.2238,0.2238,0.1067,0.1067,0.4993,0.4993,0.9061355597173908,0.8028083777438797,1.0,0.9192645516381497,0.5215,0.5215,0.1067,0.3962,0.9026708931891616,0.7933867240500064,1.0,0.98200567374625,0.5215,0.5215,0.3962,0.1067,0.8986466146238723,0.8159758812796452,1.0,0.9686625797669175,0.2238,0.2238,0.1067,0.3962,0.9267271276866282,0.8917105183710479,1.0,0.8872284153768569,0.5215,0.2238,0.1067,0.3962,0.9243493799197504,0.9414686866302093,1.0,0.934160512767368,0.5215,0.2238,0.3962,0.3962,0.8911828540645084,0.949618564451553,1.0,0.8848392003133841,0.2238,0.5215,0.3962,0.3962,0.924148889003795,0.9495625550467534,1.0,1.0,0.2238,0.5215,0.3962,0.1067,0.7833202195395689,0.8838164138718998,1.0,0.905909410200557,0.5215,0.5215,0.1067,0.3962,0.661,0.661,0.8945771725959952,0.789397510953823,1.0,0.9245704508476208,0.5215,0.5215,0.1067,0.3962,0.8129515852017528,0.8790455177910419,1.0,0.9281645227679398,0.5215,0.5215,0.3962,0.3962,0.4993,0.661,0.7909498777746656,0.9280343183336799,1.0,1.0,0.2238,0.5215,0.3962,0.3962,0.8166486706462036,0.8526371441313083,1.0,1.0,0.5215,0.5215,0.1067,0.1067,0.9002626022198386,0.9108877725229965,1.0,0.9510871414629722,0.2238,0.5215,0.1067,0.1067,0.8775133855804954,0.8867234862141632,1.0,0.9242922100544092,0.5215,0.5215,0.3962,0.1067
,10,1.0,0.8459426191602482,0.8735658433093121,0.7843553649822911,0.8034996491209018,0.7543645580603744,0.6933960003623448,0.1664,1.0,0.8478226627323605,0.4483395679211047,0.9139766231907844,0.8731716319035314,0.8219168176511136,0.8890498164645462,0.9943273142861477,0.3572,0.7734260139458152,0.1664,1.0,0.7373538990767529,0.43797770456031015,0.8165444407600919,0.8339656240679088,0.948707439578141,0.9454437132010398,0.8324415596428694,0.8037819860382689,0.9300475261627441,0.6006,0.3572,0.7961508052318362,0.4612,0.8483394434732403,0.42456071465873124,0.8683412627028639,0.8112695594236212,0.7680562383120789,0.8201062283247569,0.4612,0.4087044873046927,0.8616630221284873,0.7314405082017208,1.0,0.40208037551350684,0.3572,0.4612,0.7382977795519879,0.3741187759050496,0.8730896139440487,0.9292686531789803,0.8562890484695909,1.0,0.8529235294599729,0.4612,1.0,0.7412960852801666,0.4550785288126563,0.8206689685713265,0.9281122001150913,0.9215461777260068,0.7931547740340205,0.9073209838927069,0.8968021931089003,1.0,0.3572,0.8053498497018172,0.4612,1.0,0.7176705861291686,0.4305333273041402,0.8640744326713032,0.916717541719779,0.8303375778494242,0.8676574870443832,0.8166202818770312,0.7965139496894245,0.8917930299539097,0.3572,0.7558233717900527,0.4612,1.0,0.847010175191031,0.44722281475242165,0.8313984627968516,0.8351590938430242,0.8792131995826922,0.8286565373172732,0.9901312731933852,0.3572,0.8303062533832888,0.4612,1.0,0.7462317899838412,0.454397419599171,0.7436486010565597,0.8521747002993545,0.8244245791290237,0.9138027502580675,0.7396027644342784,0.9103984940857892,0.3572,0.7683935228825138,0.4612,1.0,0.7662461120002932,0.9215308278448429,0.8221682445650607,0.7975502467413026,0.8690840612762973,0.463,0.8534503780730378,0.4612,1.0,0.9040945174068333,0.9018722185218769,0.8615217002665285,0.9241002617852545,0.8397667371822678,0.8768481110190238,0.3572,0.8410797061410796,0.1664,1.0,0.8177949978268412,0.42056777688908387,0.8391546853261274,0.820730073316439,0.8081189932440934,0.8342199423395089,0.8245206556516952,0.3572,0.68740132655176,0.1664,0.814084794648289,0.8582977347612052,0.1664,1.0,0.7575938677789915,0.42820262411968313,0.9436641521641336,0.894505358162385,0.6924095706132185,0.1664,0.8109136991223624,0.40591562052541397,0.7219240036508393,0.8488455875016077,0.8854560021532533,0.9344274920258654,1.0,0.2052,0.7449857371642874,0.4612,0.3572,0.4612,0.7663824151240535,0.9549310642105301,0.4612,1.0,0.7574122333225713,0.37967698125561034,0.8006650649508595,0.8260597464516438,0.8327139646739891,0.8259317931834999,0.784552277745348,0.7759871619472627,0.9682706203073527,0.3572,0.8298038162878923,0.4612,1.0,0.7779378276488756,0.3876854071784201,0.8191626129361684,0.7818098530899091,0.8377466404937647,0.8297484047431031,0.7588965854804619,0.7890251693317314,0.9492982696376603,0.3572,0.7247203329379661,0.4612,0.8921416389268741,0.4176210296912536,0.814965795899973,0.899110710281688,0.8514582052058599,0.4612,1.0,0.8060226325817051,0.43981598367775376,0.7540096800288976,0.7898419387229506,0.8756066153106632,0.9402772664080788,0.7629295529686289,0.8390967287827422,1.0,0.463,0.6895931045062346,0.4612,0.4121548547978009,0.8456167949859235,0.1664,0.7708064907976908,0.4612,1.0,0.3982035440363325,0.7807817808141284,0.840085128655618,0.2052,0.8449431656316745,0.1664,0.8116537404990617,0.42423433755734175,0.8665669656377979,0.8450988943763862,0.13580543534838135,0.13102610393146488,0.12920523301818454,0.3684882232594873,0.36405162423503273,0.3735830358589406,0.3780797358146101,0.3685037510391712,0.3657946937823896,0.370047356254035,0.12945474482612465,0.1303096707628566,0.13187499218929005,0.36935027265860404,0.36978288075495924,0.13045083321823892,0.3692995583690342,0.12941326917574442,0.3708584919515964,0.3715265355620858,0.13127252882466822,0.37613687263789364,0.3583151058798359,0.1329340360429269,0.13489031318600558,0.375575257938022,0.1367759131276535,0.8136621993304385,0.8267628606034342,1.0,1.0,0.3572,0.2052,0.4612,0.1664,0.6006,0.6006,0.8915544568651038,0.8938809161310939,1.0,1.0,0.2052,0.2052,0.1664,0.1664,0.6006,0.463,0.9664795293983448,0.8992782479673996,1.0,1.0,0.3572,0.3572,0.1664,0.1664,0.6006,0.6006,0.9254665161241841,0.928651951328705,1.0,0.88781053224932,0.3572,0.3572,0.4612,0.1664,0.8783971531988549,0.8655486602456266,1.0,0.9318627518038468,0.2052,0.2052,0.1664,0.1664,0.9669633971548233,0.8398749336658444,1.0,0.9269950621568397,0.2052,0.2052,0.1664,0.1664,0.9329959471874276,0.9491750528669363,1.0,0.9272136613222582,0.2052,0.4612,0.1664,0.6006,0.463,0.9386585390578545,0.8877358919740915,1.0,0.9649367511729067,0.2052,0.2052,0.1664,0.4612,0.463,0.6006,0.7858822200483535,0.8849499366250976,1.0,0.926936448068589,0.3572,0.3572,0.4612,0.1664,0.463,0.463,0.9174672191008751,0.7868972719053646,1.0,1.0,0.2052,0.3572,0.4612,0.4612,0.6006,0.463,0.9660855482655727,0.9413041487938698,1.0,0.9649022580230753,0.3572,0.3572,0.4612,0.4612,0.6006,0.463,0.8533546983900604,0.8954765481212362,1.0,0.8754938859552717,0.4612,0.463,0.463,0.8442176885725632,0.9242484414283824,1.0,0.8736649748175308,0.2052,0.2052,0.1664,0.1664,0.463,0.463,0.9061355597173908,0.8028083777438797,1.0,0.9192645516381497,0.3572,0.3572,0.1664,0.4612,0.9026708931891616,0.7933867240500064,1.0,0.98200567374625,0.3572,0.3572,0.4612,0.1664,0.8986466146238723,0.8159758812796452,1.0,0.9686625797669175,0.2052,0.2052,0.1664,0.4612,0.9267271276866282,0.8917105183710479,1.0,0.8872284153768569,0.3572,0.2052,0.1664,0.4612,0.9243493799197504,0.9414686866302093,1.0,0.934160512767368,0.3572,0.2052,0.4612,0.4612,0.8911828540645084,0.949618564451553,1.0,0.8848392003133841,0.2052,0.3572,0.4612,0.4612,0.924148889003795,0.9495625550467534,1.0,1.0,0.2052,0.3572,0.4612,0.1664,0.7833202195395689,0.8838164138718998,1.0,0.905909410200557,0.3572,0.3572,0.1664,0.4612,0.6006,0.6006,0.8945771725959952,0.789397510953823,1.0,0.9245704508476208,0.3572,0.3572,0.1664,0.4612,0.8129515852017528,0.8790455177910419,1.0,0.9281645227679398,0.3572,0.3572,0.4612,0.4612,0.463,0.6006,0.7909498777746656,0.9280343183336799,1.0,1.0,0.2052,0.3572,0.4612,0.4612,0.8166486706462036,0.8526371441313083,1.0,1.0,0.3572,0.3572,0.1664,0.1664,0.9002626022198386,0.9108877725229965,1.0,0.9510871414629722,0.2052,0.3572,0.1664,0.1664,0.8775133855804954,0.8867234862141632,1.0,0.9242922100544092,0.3572,0.3572,0.4612,0.1664
,11,1.0,0.8459426191602482,0.8735658433093121,0.7843553649822911,0.8034996491209018,0.7543645580603744,0.6933960003623448,0.1913,1.0,0.8478226627323605,0.4483395679211047,0.9139766231907844,0.8731716319035314,0.8219168176511136,0.8890498164645462,0.9943273142861477,0.3132,0.7734260139458152,0.1913,1.0,0.7373538990767529,0.43797770456031015,0.8165444407600919,0.8339656240679088,0.948707439578141,0.9454437132010398,0.8324415596428694,0.8037819860382689,0.9300475261627441,0.5557,0.3132,0.7961508052318362,0.4365,0.8483394434732403,0.42456071465873124,0.8683412627028639,0.8112695594236212,0.7680562383120789,0.8201062283247569,0.4365,0.4087044873046927,0.8616630221284873,0.7314405082017208,1.0,0.40208037551350684,0.3132,0.4365,0.7382977795519879,0.3741187759050496,0.8730896139440487,0.9292686531789803,0.8562890484695909,1.0,0.8529235294599729,0.4365,1.0,0.7412960852801666,0.4550785288126563,0.8206689685713265,0.9281122001150913,0.9215461777260068,0.7931547740340205,0.9073209838927069,0.8968021931089003,1.0,0.3132,0.8053498497018172,0.4365,1.0,0.7176705861291686,0.4305333273041402,0.8640744326713032,0.916717541719779,0.8303375778494242,0.8676574870443832,0.8166202818770312,0.7965139496894245,0.8917930299539097,0.3132,0.7558233717900527,0.4365,1.0,0.847010175191031,0.44722281475242165,0.8313984627968516,0.8351590938430242,0.8792131995826922,0.8286565373172732,0.9901312731933852,0.3132,0.8303062533832888,0.4365,1.0,0.7462317899838412,0.454397419599171,0.7436486010565597,0.8521747002993545,0.8244245791290237,0.9138027502580675,0.7396027644342784,0.9103984940857892,0.3132,0.7683935228825138,0.4365,1.0,0.7662461120002932,0.9215308278448429,0.8221682445650607,0.7975502467413026,0.8690840612762973,0.4292,0.8534503780730378,0.4365,1.0,0.9040945174068333,0.9018722185218769,0.8615217002665285,0.9241002617852545,0.8397667371822678,0.8768481110190238,0.3132,0.8410797061410796,0.1913,1.0,0.8177949978268412,0.42056777688908387,0.8391546853261274,0.820730073316439,0.8081189932440934,0.8342199423395089,0.8245206556516952,0.3132,0.68740132655176,0.1913,0.814084794648289,0.8582977347612052,0.1913,1.0,0.7575938677789915,0.42820262411968313,0.9436641521641336,0.894505358162385,0.6924095706132185,0.1913,0.8109136991223624,0.40591562052541397,0.7219240036508393,0.8488455875016077,0.8854560021532533,0.9344274920258654,1.0,0.2147,0.7449857371642874,0.4365,0.3132,0.4365,0.7663824151240535,0.9549310642105301,0.4365,1.0,0.7574122333225713,0.37967698125561034,0.8006650649508595,0.8260597464516438,0.8327139646739891,0.8259317931834999,0.784552277745348,0.7759871619472627,0.9682706203073527,0.3132,0.8298038162878923,0.4365,1.0,0.7779378276488756,0.3876854071784201,0.8191626129361684,0.7818098530899091,0.8377466404937647,0.8297484047431031,0.7588965854804619,0.7890251693317314,0.9492982696376603,0.3132,0.7247203329379661,0.4365,0.8921416389268741,0.4176210296912536,0.814965795899973,0.899110710281688,0.8514582052058599,0.4365,1.0,0.8060226325817051,0.43981598367775376,0.7540096800288976,0.7898419387229506,0.8756066153106632,0.9402772664080788,0.7629295529686289,0.8390967287827422,1.0,0.4292,0.6895931045062346,0.4365,0.4121548547978009,0.8456167949859235,0.1913,0.7708064907976908,0.4365,1.0,0.3982035440363325,0.7807817808141284,0.840085128655618,0.2147,0.8449431656316745,0.1913,0.8116537404990617,0.42423433755734175,0.8665669656377979,0.8450988943763862,0.15612728234462356,0.15063277453178628,0.14853942954554508,0.34875348970677844,0.3445544969180221,0.35357544482313,0.35783131978117366,0.34876818588160935,0.346204214735501,0.3502291218666225,0.14882627815647625,0.14980913471715426,0.1516086899387692,0.3495693712391168,0.3499788106017773,0.14997142064092012,0.34952137300104824,0.1487785961137014,0.3509968164286033,0.35162908233488827,0.15091607430384035,0.355992508470166,0.33912520320153594,0.1528262085036774,0.15507522182982494,0.3554609715740386,0.15724298185889493,0.8136621993304385,0.8267628606034342,1.0,1.0,0.3132,0.2147,0.4365,0.1913,0.5557,0.5557,0.8915544568651038,0.8938809161310939,1.0,1.0,0.2147,0.2147,0.1913,0.1913,0.5557,0.4292,0.9664795293983448,0.8992782479673996,1.0,1.0,0.3132,0.3132,0.1913,0.1913,0.5557,0.5557,0.9254665161241841,0.928651951328705,1.0,0.88781053224932,0.3132,0.3132,0.4365,0.1913,0.8783971531988549,0.8655486602456266,1.0,0.9318627518038468,0.2147,0.2147,0.1913,0.1913,0.9669633971548233,0.8398749336658444,1.0,0.9269950621568397,0.2147,0.2147,0.1913,0.1913,0.9329959471874276,0.9491750528669363,1.0,0.9272136613222582,0.2147,0.4365,0.1913,0.5557,0.4292,0.9386585390578545,0.8877358919740915,1.0,0.9649367511729067,0.2147,0.2147,0.1913,0.4365,0.4292,0.5557,0.7858822200483535,0.8849499366250976,1.0,0.926936448068589,0.3132,0.3132,0.4365,0.1913,0.4292,0.4292,0.9174672191008751,0.7868972719053646,1.0,1.0,0.2147,0.3132,0.4365,0.4365,0.5557,0.4292,0.9660855482655727,0.9413041487938698,1.0,0.9649022580230753,0.3132,0.3132,0.4365,0.4365,0.5557,0.4292,0.8533546983900604,0.8954765481212362,1.0,0.8754938859552717,0.4365,0.4292,0.4292,0.8442176885725632,0.9242484414283824,1.0,0.8736649748175308,0.2147,0.2147,0.1913,0.1913,0.4292,0.4292,0.9061355597173908,0.8028083777438797,1.0,0.9192645516381497,0.3132,0.3132,0.1913,0.4365,0.9026708931891616,0.7933867240500064,1.0,0.98200567374625,0.3132,0.3132,0.4365,0.1913,0.8986466146238723,0.8159758812796452,1.0,0.9686625797669175,0.2147,0.2147,0.1913,0.4365,0.9267271276866282,0.8917105183710479,1.0,0.8872284153768569,0.3132,0.2147,0.1913,0.4365,0.9243493799197504,0.9414686866302093,1.0,0.934160512767368,0.3132,0.2147,0.4365,0.4365,0.8911828540645084,0.949618564451553,1.0,0.8848392003133841,0.2147,0.3132,0.4365,0.4365,0.924148889003795,0.9495625550467534,1.0,1.0,0.2147,0.3132,0.4365,0.1913,0.7833202195395689,0.8838164138718998,1.0,0.905909410200557,0.3132,0.3132,0.1913,0.4365,0.5557,0.5557,0.8945771725959952,0.789397510953823,1.0,0.9245704508476208,0.3132,0.3132,0.1913,0.4365,0.8129515852017528,0.8790455177910419,1.0,0.9281645227679398,0.3132,0.3132,0.4365,0.4365,0.4292,0.5557,0.7909498777746656,0.9280343183336799,1.0,1.0,0.2147,0.3132,0.4365,0.4365,0.8166486706462036,0.8526371441313083,1.0,1.0,0.3132,0.3132,0.1913,0.1913,0.9002626022198386,0.9108877725229965,1.0,0.9510871414629722,0.2147,0.3132,0.1913,0.1913,0.8775133855804954,0.8867234862141632,1.0,0.9242922100544092,0.3132,0.3132,0.4365,0.1913
,12,1.0,0.8459426191602482,0.8735658433093121,0.7843553649822911,0.8034996491209018,0.7543645580603744,0.6933960003623448,0.2047,1.0,0.8478226627323605,0.4483395679211047,0.9139766231907844,0.8731716319035314,0.8219168176511136,0.8890498164645462,0.9943273142861477,0.3164,0.7734260139458152,0.2047,1.0,0.7373538990767529,0.43797770456031015,0.8165444407600919,0.8339656240679088,0.948707439578141,0.9454437132010398,0.8324415596428694,0.8037819860382689,0.9300475261627441,0.5034,0.3164,0.7961508052318362,0.391,0.8483394434732403,0.42456071465873124,0.8683412627028639,0.8112695594236212,0.7680562383120789,0.8201062283247569,0.391,0.4087044873046927,0.8616630221284873,0.7314405082017208,1.0,0.40208037551350684,0.3164,0.391,0.7382977795519879,0.3741187759050496,0.8730896139440487,0.9292686531789803,0.8562890484695909,1.0,0.8529235294599729,0.391,1.0,0.7412960852801666,0.4550785288126563,0.8206689685713265,0.9281122001150913,0.9215461777260068,0.7931547740340205,0.9073209838927069,0.8968021931089003,1.0,0.3164,0.8053498497018172,0.391,1.0,0.7176705861291686,0.4305333273041402,0.8640744326713032,0.916717541719779,0.8303375778494242,0.8676574870443832,0.8166202818770312,0.7965139496894245,0.8917930299539097,0.3164,0.7558233717900527,0.391,1.0,0.847010175191031,0.44722281475242165,0.8313984627968516,0.8351590938430242,0.8792131995826922,0.8286565373172732,0.9901312731933852,0.3164,0.8303062533832888,0.391,1.0,0.7462317899838412,0.454397419599171,0.7436486010565597,0.8521747002993545,0.8244245791290237,0.9138027502580675,0.7396027644342784,0.9103984940857892,0.3164,0.7683935228825138,0.391,1.0,0.7662461120002932,0.9215308278448429,0.8221682445650607,0.7975502467413026,0.8690840612762973,0.4172,0.8534503780730378,0.391,1.0,0.9040945174068333,0.9018722185218769,0.8615217002665285,0.9241002617852545,0.8397667371822678,0.8768481110190238,0.3164,0.8410797061410796,0.2047,1.0,0.8177949978268412,0.42056777688908387,0.8391546853261274,0.820730073316439,0.8081189932440934,0.8342199423395089,0.8245206556516952,0.3164,0.68740132655176,0.2047,0.814084794648289,0.8582977347612052,0.2047,1.0,0.7575938677789915,0.42820262411968313,0.9436641521641336,0.894505358162385,0.6924095706132185,0.2047,0.8109136991223624,0.40591562052541397,0.7219240036508393,0.8488455875016077,0.8854560021532533,0.9344274920258654,1.0,0.2278,0.7449857371642874,0.391,0.3164,0.391,0.7663824151240535,0.9549310642105301,0.391,1.0,0.7574122333225713,0.37967698125561034,0.8006650649508595,0.8260597464516438,0.8327139646739891,0.8259317931834999,0.784552277745348,0.7759871619472627,0.9682706203073527,0.3164,0.8298038162878923,0.391,1.0,0.7779378276488756,0.3876854071784201,0.8191626129361684,0.7818098530899091,0.8377466404937647,0.8297484047431031,0.7588965854804619,0.7890251693317314,0.9492982696376603,0.3164,0.7247203329379661,0.391,0.8921416389268741,0.4176210296912536,0.814965795899973,0.899110710281688,0.8514582052058599,0.391,1.0,0.8060226325817051,0.43981598367775376,0.7540096800288976,0.7898419387229506,0.8756066153106632,0.9402772664080788,0.7629295529686289,0.8390967287827422,1.0,0.4172,0.6895931045062346,0.391,0.4121548547978009,0.8456167949859235,0.2047,0.7708064907976908,0.391,1.0,0.3982035440363325,0.7807817808141284,0.840085128655618,0.2278,0.8449431656316745,0.2047,0.8116537404990617,0.42423433755734175,0.8665669656377979,0.8450988943763862,0.16706353735464946,0.16118415549742107,0.15894417787753834,0.3124000331623147,0.3086387360708972,0.31671935607295265,0.3205316060353698,0.3124131974334691,0.31011649017544307,0.313721847995073,0.15925111938646466,0.1603028221463747,0.1622284308963202,0.31313086862427186,0.3134976287406528,0.1604764757197927,0.3130878736389688,0.1592000973574212,0.31440951941256334,0.31497587902162955,0.1614872995817884,0.3188844692138257,0.3037753824783518,0.16353123304078812,0.16593778310802493,0.31840833879827973,0.16825738832470358,0.8136621993304385,0.8267628606034342,1.0,1.0,0.3164,0.2278,0.391,0.2047,0.5034,0.5034,0.8915544568651038,0.8938809161310939,1.0,1.0,0.2278,0.2278,0.2047,0.2047,0.5034,0.4172,0.9664795293983448,0.8992782479673996,1.0,1.0,0.3164,0.3164,0.2047,0.2047,0.5034,0.5034,0.9254665161241841,0.928651951328705,1.0,0.88781053224932,0.3164,0.3164,0.391,0.2047,0.8783971531988549,0.8655486602456266,1.0,0.9318627518038468,0.2278,0.2278,0.2047,0.2047,0.9669633971548233,0.8398749336658444,1.0,0.9269950621568397,0.2278,0.2278,0.2047,0.2047,0.9329959471874276,0.9491750528669363,1.0,0.9272136613222582,0.2278,0.391,0.2047,0.5034,0.4172,0.9386585390578545,0.8877358919740915,1.0,0.9649367511729067,0.2278,0.2278,0.2047,0.391,0.4172,0.5034,0.7858822200483535,0.8849499366250976,1.0,0.926936448068589,0.3164,0.3164,0.391,0.2047,0.4172,0.4172,0.9174672191008751,0.7868972719053646,1.0,1.0,0.2278,0.3164,0.391,0.391,0.5034,0.4172,0.9660855482655727,0.9413041487938698,1.0,0.9649022580230753,0.3164,0.3164,0.391,0.391,0.5034,0.4172,0.8533546983900604,0.8954765481212362,1.0,0.8754938859552717,0.391,0.4172,0.4172,0.8442176885725632,0.9242484414283824,1.0,0.8736649748175308,0.2278,0.2278,0.2047,0.2047,0.4172,0.4172,0.9061355597173908,0.8028083777438797,1.0,0.9192645516381497,0.3164,0.3164,0.2047,0.391,0.9026708931891616,0.7933867240500064,1.0,0.98200567374625,0.3164,0.3164,0.391,0.2047,0.8986466146238723,0.8159758812796452,1.0,0.9686625797669175,0.2278,0.2278,0.2047,0.391,0.9267271276866282,0.8917105183710479,1.0,0.8872284153768569,0.3164,0.2278,0.2047,0.391,0.9243493799197504,0.9414686866302093,1.0,0.934160512767368,0.3164,0.2278,0.391,0.391,0.8911828540645084,0.949618564451553,1.0,0.8848392003133841,0.2278,0.3164,0.391,0.391,0.924148889003795,0.9495625550467534,1.0,1.0,0.2278,0.3164,0.391,0.2047,0.7833202195395689,0.8838164138718998,1.0,0.905909410200557,0.3164,0.3164,0.2047,0.391,0.5034,0.5034,0.8945771725959952,0.789397510953823,1.0,0.9245704508476208,0.3164,0.3164,0.2047,0.391,0.8129515852017528,0.8790455177910419,1.0,0.9281645227679398,0.3164,0.3164,0.391,0.391,0.4172,0.5034,0.7909498777746656,0.9280343183336799,1.0,1.0,0.2278,0.3164,0.391,0.391,0.8166486706462036,0.8526371441313083,1.0,1.0,0.3164,0.3164,0.2047,0.2047,0.9002626022198386,0.9108877725229965,1.0,0.9510871414629722,0.2278,0.3164,0.2047,0.2047,0.8775133855804954,0.8867234862141632,1.0,0.9242922100544092,0.3164,0.3164,0.391,0.2047
,13,1.0,0.8459426191602482,0.8735658433093121,0.7843553649822911,0.8034996491209018,0.7543645580603744,0.6933960003623448,0.2039,1.0,0.8478226627323605,0.4483395679211047,0.9139766231907844,0.8731716319035314,0.8219168176511136,0.8890498164645462,0.9943273142861477,0.3372,0.7734260139458152,0.2039,1.0,0.7373538990767529,0.43797770456031015,0.8165444407600919,0.8339656240679088,0.948707439578141,0.9454437132010398,0.8324415596428694,0.8037819860382689,0.9300475261627441,0.4722,0.3372,0.7961508052318362,0.3682,0.8483394434732403,0.42456071465873124,0.8683412627028639,0.8112695594236212,0.7680562383120789,0.8201062283247569,0.3682,0.4087044873046927,0.8616630221284873,0.7314405082017208,1.0,0.40208037551350684,0.3372,0.3682,0.7382977795519879,0.3741187759050496,0.8730896139440487,0.9292686531789803,0.8562890484695909,1.0,0.8529235294599729,0.3682,1.0,0.7412960852801666,0.4550785288126563,0.8206689685713265,0.9281122001150913,0.9215461777260068,0.7931547740340205,0.9073209838927069,0.8968021931089003,1.0,0.3372,0.8053498497018172,0.3682,1.0,0.7176705861291686,0.4305333273041402,0.8640744326713032,0.916717541719779,0.8303375778494242,0.8676574870443832,0.8166202818770312,0.7965139496894245,0.8917930299539097,0.3372,0.7558233717900527,0.3682,1.0,0.847010175191031,0.44722281475242165,0.8313984627968516,0.8351590938430242,0.8792131995826922,0.8286565373172732,0.9901312731933852,0.3372,0.8303062533832888,0.3682,1.0,0.7462317899838412,0.454397419599171,0.7436486010565597,0.8521747002993545,0.8244245791290237,0.9138027502580675,0.7396027644342784,0.9103984940857892,0.3372,0.7683935228825138,0.3682,1.0,0.7662461120002932,0.9215308278448429,0.8221682445650607,0.7975502467413026,0.8690840612762973,0.4224,0.8534503780730378,0.3682,1.0,0.9040945174068333,0.9018722185218769,0.8615217002665285,0.9241002617852545,0.8397667371822678,0.8768481110190238,0.3372,0.8410797061410796,0.2039,1.0,0.8177949978268412,0.42056777688908387,0.8391546853261274,0.820730073316439,0.8081189932440934,0.8342199423395089,0.8245206556516952,0.3372,0.68740132655176,0.2039,0.814084794648289,0.8582977347612052,0.2039,1.0,0.7575938677789915,0.42820262411968313,0.9436641521641336,0.894505358162385,0.6924095706132185,0.2039,0.8109136991223624,0.40591562052541397,0.7219240036508393,0.8488455875016077,0.8854560021532533,0.9344274920258654,1.0,0.2462,0.7449857371642874,0.3682,0.3372,0.3682,0.7663824151240535,0.9549310642105301,0.3682,1.0,0.7574122333225713,0.37967698125561034,0.8006650649508595,0.8260597464516438,0.8327139646739891,0.8259317931834999,0.784552277745348,0.7759871619472627,0.9682706203073527,0.3372,0.8298038162878923,0.3682,1.0,0.7779378276488756,0.3876854071784201,0.8191626129361684,0.7818098530899091,0.8377466404937647,0.8297484047431031,0.7588965854804619,0.7890251693317314,0.9492982696376603,0.3372,0.7247203329379661,0.3682,0.8921416389268741,0.4176210296912536,0.814965795899973,0.899110710281688,0.8514582052058599,0.3682,1.0,0.8060226325817051,0.43981598367775376,0.7540096800288976,0.7898419387229506,0.8756066153106632,0.9402772664080788,0.7629295529686289,0.8390967287827422,1.0,0.4224,0.6895931045062346,0.3682,0.4121548547978009,0.8456167949859235,0.2039,0.7708064907976908,0.3682,1.0,0.3982035440363325,0.7807817808141284,0.840085128655618,0.2462,0.8449431656316745,0.2039,0.8116537404990617,0.42423433755734175,0.8665669656377979,0.8450988943763862,0.16641062660778225,0.16055422230544286,0.1583229988726432,0.2941833560367373,0.29064138777827203,0.29825081050143526,0.3018407604660439,0.2941957526726428,0.29203297105523823,0.295428093175923,0.15862874080556985,0.1596763333446302,0.16159441651079476,0.2948715750062837,0.2952169485992541,0.15984930825239735,0.29483108714544326,0.15857791817869166,0.29607566508364663,0.2966089991196011,0.16085618165474672,0.3002896715205387,0.28606162615992103,0.16289212709827403,0.16528927198693835,0.2998413052315258,0.16759981181928216,0.8136621993304385,0.8267628606034342,1.0,1.0,0.3372,0.2462,0.3682,0.2039,0.4722,0.4722,0.8915544568651038,0.8938809161310939,1.0,1.0,0.2462,0.2462,0.2039,0.2039,0.4722,0.4224,0.9664795293983448,0.8992782479673996,1.0,1.0,0.3372,0.3372,0.2039,0.2039,0.4722,0.4722,0.9254665161241841,0.928651951328705,1.0,0.88781053224932,0.3372,0.3372,0.3682,0.2039,0.8783971531988549,0.8655486602456266,1.0,0.9318627518038468,0.2462,0.2462,0.2039,0.2039,0.9669633971548233,0.8398749336658444,1.0,0.9269950621568397,0.2462,0.2462,0.2039,0.2039,0.9329959471874276,0.9491750528669363,1.0,0.9272136613222582,0.2462,0.3682,0.2039,0.4722,0.4224,0.9386585390578545,0.8877358919740915,1.0,0.9649367511729067,0.2462,0.2462,0.2039,0.3682,0.4224,0.4722,0.7858822200483535,0.8849499366250976,1.0,0.926936448068589,0.3372,0.3372,0.3682,0.2039,0.4224,0.4224,0.9174672191008751,0.7868972719053646,1.0,1.0,0.2462,0.3372,0.3682,0.3682,0.4722,0.4224,0.9660855482655727,0.9413041487938698,1.0,0.9649022580230753,0.3372,0.3372,0.3682,0.3682,0.4722,0.4224,0.8533546983900604,0.8954765481212362,1.0,0.8754938859552717,0.3682,0.4224,0.4224,0.8442176885725632,0.9242484414283824,1.0,0.8736649748175308,0.2462,0.2462,0.2039,0.2039,0.4224,0.4224,0.9061355597173908,0.8028083777438797,1.0,0.9192645516381497,0.3372,0.3372,0.2039,0.3682,0.9026708931891616,0.7933867240500064,1.0,0.98200567374625,0.3372,0.3372,0.3682,0.2039,0.8986466146238723,0.8159758812796452,1.0,0.9686625797669175,0.2462,0.2462,0.2039,0.3682,0.9267271276866282,0.8917105183710479,1.0,0.8872284153768569,0.3372,0.2462,0.2039,0.3682,0.9243493799197504,0.9414686866302093,1.0,0.934160512767368,0.3372,0.2462,0.3682,0.3682,0.8911828540645084,0.949618564451553,1.0,0.8848392003133841,0.2462,0.3372,0.3682,0.3682,0.924148889003795,0.9495625550467534,1.0,1.0,0.2462,0.3372,0.3682,0.2039,0.7833202195395689,0.8838164138718998,1.0,0.905909410200557,0.3372,0.3372,0.2039,0.3682,0.4722,0.4722,0.8945771725959952,0.789397510953823,1.0,0.9245704508476208,0.3372,0.3372,0.2039,0.3682,0.8129515852017528,0.8790455177910419,1.0,0.9281645227679398,0.3372,0.3372,0.3682,0.3682,0.4224,0.4722,0.7909498777746656,0.9280343183336799,1.0,1.0,0.2462,0.3372,0.3682,0.3682,0.8166486706462036,0.8526371441313083,1.0,1.0,0.3372,0.3372,0.2039,0.2039,0.9002626022198386,0.9108877725229965,1.0,0.9510871414629722,0.2462,0.3372,0.2039,0.2039,0.8775133855804954,0.8867234862141632,1.0,0.9242922100544092,0.3372,0.3372,0.3682,0.2039
,14,1.0,0.8459426191602482,0.8735658433093121,0.7843553649822911,0.8034996491209018,0.7543645580603744,0.6933960003623448,0.1757,1.0,0.8478226627323605,0.4483395679211047,0.9139766231907844,0.8731716319035314,0.8219168176511136,0.8890498164645462,0.9943273142861477,0.355,0.7734260139458152,0.1757,1.0,0.7373538990767529,0.43797770456031015,0.8165444407600919,0.8339656240679088,0.948707439578141,0.9454437132010398,0.8324415596428694,0.8037819860382689,0.9300475261627441,0.4578,0.355,0.7961508052318362,0.3408,0.8483394434732403,0.42456071465873124,0.8683412627028639,0.8112695594236212,0.7680562383120789,0.8201062283247569,0.3408,0.4087044873046927,0.8616630221284873,0.7314405082017208,1.0,0.40208037551350684,0.355,0.3408,0.7382977795519879,0.3741187759050496,0.8730896139440487,0.9292686531789803,0.8562890484695909,1.0,0.8529235294599729,0.3408,1.0,0.7412960852801666,0.4550785288126563,0.8206689685713265,0.9281122001150913,0.9215461777260068,0.7931547740340205,0.9073209838927069,0.8968021931089003,1.0,0.355,0.8053498497018172,0.3408,1.0,0.7176705861291686,0.4305333273041402,0.8640744326713032,0.916717541719779,0.8303375778494242,0.8676574870443832,0.8166202818770312,0.7965139496894245,0.8917930299539097,0.355,0.7558233717900527,0.3408,1.0,0.847010175191031,0.44722281475242165,0.8313984627968516,0.8351590938430242,0.8792131995826922,0.8286565373172732,0.9901312731933852,0.355,0.8303062533832888,0.3408,1.0,0.7462317899838412,0.454397419599171,0.7436486010565597,0.8521747002993545,0.8244245791290237,0.9138027502580675,0.7396027644342784,0.9103984940857892,0.355,0.7683935228825138,0.3408,1.0,0.7662461120002932,0.9215308278448429,0.8221682445650607,0.7975502467413026,0.8690840612762973,0.4421,0.8534503780730378,0.3408,1.0,0.9040945174068333,0.9018722185218769,0.8615217002665285,0.9241002617852545,0.8397667371822678,0.8768481110190238,0.355,0.8410797061410796,0.1757,1.0,0.8177949978268412,0.42056777688908387,0.8391546853261274,0.820730073316439,0.8081189932440934,0.8342199423395089,0.8245206556516952,0.355,0.68740132655176,0.1757,0.814084794648289,0.8582977347612052,0.1757,1.0,0.7575938677789915,0.42820262411968313,0.9436641521641336,0.894505358162385,0.6924095706132185,0.1757,0.8109136991223624,0.40591562052541397,0.7219240036508393,0.8488455875016077,0.8854560021532533,0.9344274920258654,1.0,0.255,0.7449857371642874,0.3408,0.355,0.3408,0.7663824151240535,0.9549310642105301,0.3408,1.0,0.7574122333225713,0.37967698125561034,0.8006650649508595,0.8260597464516438,0.8327139646739891,0.8259317931834999,0.784552277745348,0.7759871619472627,0.9682706203073527,0.355,0.8298038162878923,0.3408,1.0,0.7779378276488756,0.3876854071784201,0.8191626129361684,0.7818098530899091,0.8377466404937647,0.8297484047431031,0.7588965854804619,0.7890251693317314,0.9492982696376603,0.355,0.7247203329379661,0.3408,0.8921416389268741,0.4176210296912536,0.814965795899973,0.899110710281688,0.8514582052058599,0.3408,1.0,0.8060226325817051,0.43981598367775376,0.7540096800288976,0.7898419387229506,0.8756066153106632,0.9402772664080788,0.7629295529686289,0.8390967287827422,1.0,0.4421,0.6895931045062346,0.3408,0.4121548547978009,0.8456167949859235,0.1757,0.7708064907976908,0.3408,1.0,0.3982035440363325,0.7807817808141284,0.840085128655618,0.255,0.8449431656316745,0.1757,0.8116537404990617,0.42423433755734175,0.8665669656377979,0.8450988943763862,0.14339552278071277,0.13834907728821141,0.13642643895009027,0.27229138440336786,0.2690129955318715,0.27605615485847124,0.2793789548257136,0.2723028585302462,0.27030102263885164,0.27344349308624266,0.13668989582902705,0.13759260308313645,0.13924540942102323,0.27292838881624515,0.27324806106090654,0.13774165502671018,0.2728909139032239,0.13664610212847533,0.2740428752322291,0.27453652064084744,0.13860927472652768,0.27794329183650074,0.26477404181233316,0.14036364262465298,0.1424292549686369,0.2775282912083215,0.1444202400031774,0.8136621993304385,0.8267628606034342,1.0,1.0,0.355,0.255,0.3408,0.1757,0.4578,0.4578,0.8915544568651038,0.8938809161310939,1.0,1.0,0.255,0.255,0.1757,0.1757,0.4578,0.4421,0.9664795293983448,0.8992782479673996,1.0,1.0,0.355,0.355,0.1757,0.1757,0.4578,0.4578,0.9254665161241841,0.928651951328705,1.0,0.88781053224932,0.355,0.355,0.3408,0.1757,0.8783971531988549,0.8655486602456266,1.0,0.9318627518038468,0.255,0.255,0.1757,0.1757,0.9669633971548233,0.8398749336658444,1.0,0.9269950621568397,0.255,0.255,0.1757,0.1757,0.9329959471874276,0.9491750528669363,1.0,0.9272136613222582,0.255,0.3408,0.1757,0.4578,0.4421,0.9386585390578545,0.8877358919740915,1.0,0.9649367511729067,0.255,0.255,0.1757,0.3408,0.4421,0.4578,0.7858822200483535,0.8849499366250976,1.0,0.926936448068589,0.355,0.355,0.3408,0.1757,0.4421,0.4421,0.9174672191008751,0.7868972719053646,1.0,1.0,0.255,0.355,0.3408,0.3408,0.4578,0.4421,0.9660855482655727,0.9413041487938698,1.0,0.9649022580230753,0.355,0.355,0.3408,0.3408,0.4578,0.4421,0.8533546983900604,0.8954765481212362,1.0,0.8754938859552717,0.3408,0.4421,0.4421,0.8442176885725632,0.9242484414283824,1.0,0.8736649748175308,0.255,0.255,0.1757,0.1757,0.4421,0.4421,0.9061355597173908,0.8028083777438797,1.0,0.9192645516381497,0.355,0.355,0.1757,0.3408,0.9026708931891616,0.7933867240500064,1.0,0.98200567374625,0.355,0.355,0.3408,0.1757,0.8986466146238723,0.8159758812796452,1.0,0.9686625797669175,0.255,0.255,0.1757,0.3408,0.9267271276866282,0.8917105183710479,1.0,0.8872284153768569,0.355,0.255,0.1757,0.3408,0.9243493799197504,0.9414686866302093,1.0,0.934160512767368,0.355,0.255,0.3408,0.3408,0.8911828540645084,0.949618564451553,1.0,0.8848392003133841,0.255,0.355,0.3408,0.3408,0.924148889003795,0.9495625550467534,1.0,1.0,0.255,0.355,0.3408,0.1757,0.7833202195395689,0.8838164138718998,1.0,0.905909410200557,0.355,0.355,0.1757,0.3408,0.4578,0.4578,0.8945771725959952,0.789397510953823,1.0,0.9245704508476208,0.355,0.355,0.1757,0.3408,0.8129515852017528,0.8790455177910419,1.0,0.9281645227679398,0.355,0.355,0.3408,0.3408,0.4421,0.4578,0.7909498777746656,0.9280343183336799,1.0,1.0,0.255,0.355,0.3408,0.3408,0.8166486706462036,0.8526371441313083,1.0,1.0,0.355,0.355,0.1757,0.1757,0.9002626022198386,0.9108877725229965,1.0,0.9510871414629722,0.255,0.355,0.1757,0.1757,0.8775133855804954,0.8867234862141632,1.0,0.9242922100544092,0.355,0.355,0.3408,0.1757
,15,1.0,0.8459426191602482,0.8735658433093121,0.7843553649822911,0.8034996491209018,0.7543645580603744,0.6933960003623448,0.1478,1.0,0.8478226627323605,0.4483395679211047,0.9139766231907844,0.8731716319035314,0.8219168176511136,0.8890498164645462,0.9943273142861477,0.3582,0.7734260139458152,0.1478,1.0,0.7373538990767529,0.43797770456031015,0.8165444407600919,0.8339656240679088,0.948707439578141,0.9454437132010398,0.8324415596428694,0.8037819860382689,0.9300475261627441,0.4558,0.3582,0.7961508052318362,0.2942,0.8483394434732403,0.42456071465873124,0.8683412627028639,0.8112695594236212,0.7680562383120789,0.8201062283247569,0.2942,0.4087044873046927,0.8616630221284873,0.7314405082017208,1.0,0.40208037551350684,0.3582,0.2942,0.7382977795519879,0.3741187759050496,0.8730896139440487,0.9292686531789803,0.8562890484695909,1.0,0.8529235294599729,0.2942,1.0,0.7412960852801666,0.4550785288126563,0.8206689685713265,0.9281122001150913,0.9215461777260068,0.7931547740340205,0.9073209838927069,0.8968021931089003,1.0,0.3582,0.8053498497018172,0.2942,1.0,0.7176705861291686,0.4305333273041402,0.8640744326713032,0.916717541719779,0.8303375778494242,0.8676574870443832,0.8166202818770312,0.7965139496894245,0.8917930299539097,0.3582,0.7558233717900527,0.2942,1.0,0.847010175191031,0.44722281475242165,0.8313984627968516,0.8351590938430242,0.8792131995826922,0.8286565373172732,0.9901312731933852,0.3582,0.8303062533832888,0.2942,1.0,0.7462317899838412,0.454397419599171,0.7436486010565597,0.8521747002993545,0.8244245791290237,0.9138027502580675,0.7396027644342784,0.9103984940857892,0.3582,0.7683935228825138,0.2942,1.0,0.7662461120002932,0.9215308278448429,0.8221682445650607,0.7975502467413026,0.8690840612762973,0.4634,0.8534503780730378,0.2942,1.0,0.9040945174068333,0.9018722185218769,0.8615217002665285,0.9241002617852545,0.8397667371822678,0.8768481110190238,0.3582,0.8410797061410796,0.1478,1.0,0.8177949978268412,0.42056777688908387,0.8391546853261274,0.820730073316439,0.8081189932440934,0.8342199423395089,0.8245206556516952,0.3582,0.68740132655176,0.1478,0.814084794648289,0.8582977347612052,0.1478,1.0,0.7575938677789915,0.42820262411968313,0.9436641521641336,0.894505358162385,0.6924095706132185,0.1478,0.8109136991223624,0.40591562052541397,0.7219240036508393,0.8488455875016077,0.8854560021532533,0.9344274920258654,1.0,0.2603,0.7449857371642874,0.2942,0.3582,0.2942,0.7663824151240535,0.9549310642105301,0.2942,1.0,0.7574122333225713,0.37967698125561034,0.8006650649508595,0.8260597464516438,0.8327139646739891,0.8259317931834999,0.784552277745348,0.7759871619472627,0.9682706203073527,0.3582,0.8298038162878923,0.2942,1.0,0.7779378276488756,0.3876854071784201,0.8191626129361684,0.7818098530899091,0.8377466404937647,0.8297484047431031,0.7588965854804619,0.7890251693317314,0.9492982696376603,0.3582,0.7247203329379661,0.2942,0.8921416389268741,0.4176210296912536,0.814965795899973,0.899110710281688,0.8514582052058599,0.2942,1.0,0.8060226325817051,0.43981598367775376,0.7540096800288976,0.7898419387229506,0.8756066153106632,0.9402772664080788,0.7629295529686289,0.8390967287827422,1.0,0.4634,0.6895931045062346,0.2942,0.4121548547978009,0.8456167949859235,0.1478,0.7708064907976908,0.2942,1.0,0.3982035440363325,0.7807817808141284,0.840085128655618,0.2603,0.8449431656316745,0.1478,0.8116537404990617,0.42423433755734175,0.8665669656377979,0.8450988943763862,0.12062526048371855,0.11638015721797182,0.11476282115437304,0.23505905308530176,0.23222894156536564,0.23830903978686108,0.24117748975858258,0.2350689582734696,0.23334084759492416,0.23605362578043604,0.11498444282031986,0.11574380612229691,0.11713415772582375,0.23560895536895343,0.23588491656138122,0.11586918960129634,0.2355766046664568,0.11494760327028261,0.2365710501564607,0.2369971959288067,0.11659903702094931,0.23993813514758958,0.22856961003869844,0.11807482287947474,0.11981242962074296,0.23957988049732454,0.12148725937660569,0.8136621993304385,0.8267628606034342,1.0,1.0,0.3582,0.2603,0.2942,0.1478,0.4558,0.4558,0.8915544568651038,0.8938809161310939,1.0,1.0,0.2603,0.2603,0.1478,0.1478,0.4558,0.4634,0.9664795293983448,0.8992782479673996,1.0,1.0,0.3582,0.3582,0.1478,0.1478,0.4558,0.4558,0.9254665161241841,0.928651951328705,1.0,0.88781053224932,0.3582,0.3582,0.2942,0.1478,0.8783971531988549,0.8655486602456266,1.0,0.9318627518038468,0.2603,0.2603,0.1478,0.1478,0.9669633971548233,0.8398749336658444,1.0,0.9269950621568397,0.2603,0.2603,0.1478,0.1478,0.9329959471874276,0.9491750528669363,1.0,0.9272136613222582,0.2603,0.2942,0.1478,0.4558,0.4634,0.9386585390578545,0.8877358919740915,1.0,0.9649367511729067,0.2603,0.2603,0.1478,0.2942,0.4634,0.4558,0.7858822200483535,0.8849499366250976,1.0,0.926936448068589,0.3582,0.3582,0.2942,0.1478,0.4634,0.4634,0.9174672191008751,0.7868972719053646,1.0,1.0,0.2603,0.3582,0.2942,0.2942,0.4558,0.4634,0.9660855482655727,0.9413041487938698,1.0,0.9649022580230753,0.3582,0.3582,0.2942,0.2942,0.4558,0.4634,0.8533546983900604,0.8954765481212362,1.0,0.8754938859552717,0.2942,0.4634,0.4634,0.8442176885725632,0.9242484414283824,1.0,0.8736649748175308,0.2603,0.2603,0.1478,0.1478,0.4634,0.4634,0.9061355597173908,0.8028083777438797,1.0,0.9192645516381497,0.3582,0.3582,0.1478,0.2942,0.9026708931891616,0.7933867240500064,1.0,0.98200567374625,0.3582,0.3582,0.2942,0.1478,0.8986466146238723,0.8159758812796452,1.0,0.9686625797669175,0.2603,0.2603,0.1478,0.2942,0.9267271276866282,0.8917105183710479,1.0,0.8872284153768569,0.3582,0.2603,0.1478,0.2942,0.9243493799197504,0.9414686866302093,1.0,0.934160512767368,0.3582,0.2603,0.2942,0.2942,0.8911828540645084,0.949618564451553,1.0,0.8848392003133841,0.2603,0.3582,0.2942,0.2942,0.924148889003795,0.9495625550467534,1.0,1.0,0.2603,0.3582,0.2942,0.1478,0.7833202195395689,0.8838164138718998,1.0,0.905909410200557,0.3582,0.3582,0.1478,0.2942,0.4558,0.4558,0.8945771725959952,0.789397510953823,1.0,0.9245704508476208,0.3582,0.3582,0.1478,0.2942,0.8129515852017528,0.8790455177910419,1.0,0.9281645227679398,0.3582,0.3582,0.2942,0.2942,0.4634,0.4558,0.7909498777746656,0.9280343183336799,1.0,1.0,0.2603,0.3582,0.2942,0.2942,0.8166486706462036,0.8526371441313083,1.0,1.0,0.3582,0.3582,0.1478,0.1478,0.9002626022198386,0.9108877725229965,1.0,0.9510871414629722,0.2603,0.3582,0.1478,0.1478,0.8775133855804954,0.8867234862141632,1.0,0.9242922100544092,0.3582,0.3582,0.2942,0.1478
,16,1.0,0.8459426191602482,0.8735658433093121,0.7843553649822911,0.8034996491209018,0.7543645580603744,0.6933960003623448,0.1197,1.0,0.8478226627323605,0.4483395679211047,0.9139766231907844,0.8731716319035314,0.8219168176511136,0.8890498164645462,0.9943273142861477,0.3506,0.7734260139458152,0.1197,1.0,0.7373538990767529,0.43797770456031015,0.8165444407600919,0.8339656240679088,0.948707439578141,0.9454437132010398,0.8324415596428694,0.8037819860382689,0.9300475261627441,0.4622,0.3506,0.7961508052318362,0.215,0.8483394434732403,0.42456071465873124,0.8683412627028639,0.8112695594236212,0.7680562383120789,0.8201062283247569,0.215,0.4087044873046927,0.8616630221284873,0.7314405082017208,1.0,0.40208037551350684,0.3506,0.215,0.7382977795519879,0.3741187759050496,0.8730896139440487,0.9292686531789803,0.8562890484695909,1.0,0.8529235294599729,0.215,1.0,0.7412960852801666,0.4550785288126563,0.8206689685713265,0.9281122001150913,0.9215461777260068,0.7931547740340205,0.9073209838927069,0.8968021931089003,1.0,0.3506,0.8053498497018172,0.215,1.0,0.7176705861291686,0.4305333273041402,0.8640744326713032,0.916717541719779,0.8303375778494242,0.8676574870443832,0.8166202818770312,0.7965139496894245,0.8917930299539097,0.3506,0.7558233717900527,0.215,1.0,0.847010175191031,0.44722281475242165,0.8313984627968516,0.8351590938430242,0.8792131995826922,0.8286565373172732,0.9901312731933852,0.3506,0.8303062533832888,0.215,1.0,0.7462317899838412,0.454397419599171,0.7436486010565597,0.8521747002993545,0.8244245791290237,0.9138027502580675,0.7396027644342784,0.9103984940857892,0.3506,0.7683935228825138,0.215,1.0,0.7662461120002932,0.9215308278448429,0.8221682445650607,0.7975502467413026,0.8690840612762973,0.4946,0.8534503780730378,0.215,1.0,0.9040945174068333,0.9018722185218769,0.8615217002665285,0.9241002617852545,0.8397667371822678,0.8768481110190238,0.3506,0.8410797061410796,0.1197,1.0,0.8177949978268412,0.42056777688908387,0.8391546853261274,0.820730073316439,0.8081189932440934,0.8342199423395089,0.8245206556516952,0.3506,0.68740132655176,0.1197,0.814084794648289,0.8582977347612052,0.1197,1.0,0.7575938677789915,0.42820262411968313,0.9436641521641336,0.894505358162385,0.6924095706132185,0.1197,0.8109136991223624,0.40591562052541397,0.7219240036508393,0.8488455875016077,0.8854560021532533,0.9344274920258654,1.0,0.2551,0.7449857371642874,0.215,0.3506,0.215,0.7663824151240535,0.9549310642105301,0.215,1.0,0.7574122333225713,0.37967698125561034,0.8006650649508595,0.8260597464516438,0.8327139646739891,0.8259317931834999,0.784552277745348,0.7759871619472627,0.9682706203073527,0.3506,0.8298038162878923,0.215,1.0,0.7779378276488756,0.3876854071784201,0.8191626129361684,0.7818098530899091,0.8377466404937647,0.8297484047431031,0.7588965854804619,0.7890251693317314,0.9492982696376603,0.3506,0.7247203329379661,0.215,0.8921416389268741,0.4176210296912536,0.814965795899973,0.899110710281688,0.8514582052058599,0.215,1.0,0.8060226325817051,0.43981598367775376,0.7540096800288976,0.7898419387229506,0.8756066153106632,0.9402772664080788,0.7629295529686289,0.8390967287827422,1.0,0.4946,0.6895931045062346,0.215,0.4121548547978009,0.8456167949859235,0.1197,0.7708064907976908,0.215,1.0,0.3982035440363325,0.7807817808141284,0.840085128655618,0.2551,0.8449431656316745,0.1197,0.8116537404990617,0.42423433755734175,0.8665669656377979,0.8450988943763862,0.09769177050000753,0.09425375384973768,0.09294390860743204,0.17178006938592752,0.1697118369699307,0.17415514464369522,0.17625139462302944,0.17178730805165182,0.1705244127563178,0.17250689851391485,0.09312339516638897,0.09373838696102126,0.09486440243424293,0.1721819354327838,0.17238360659652263,0.09383993230903365,0.17215829368894703,0.09309355961740752,0.1728850298560131,0.17319645521649707,0.09443101983361052,0.1753456800024873,0.1670376144062548,0.09562622664866799,0.09703347649257736,0.17508386916017937,0.09838988462367865,0.8136621993304385,0.8267628606034342,1.0,1.0,0.3506,0.2551,0.215,0.1197,0.4622,0.4622,0.8915544568651038,0.8938809161310939,1.0,1.0,0.2551,0.2551,0.1197,0.1197,0.4622,0.4946,0.9664795293983448,0.8992782479673996,1.0,1.0,0.3506,0.3506,0.1197,0.1197,0.4622,0.4622,0.9254665161241841,0.928651951328705,1.0,0.88781053224932,0.3506,0.3506,0.215,0.1197,0.8783971531988549,0.8655486602456266,1.0,0.9318627518038468,0.2551,0.2551,0.1197,0.1197,0.9669633971548233,0.8398749336658444,1.0,0.9269950621568397,0.2551,0.2551,0.1197,0.1197,0.9329959471874276,0.9491750528669363,1.0,0.9272136613222582,0.2551,0.215,0.1197,0.4622,0.4946,0.9386585390578545,0.8877358919740915,1.0,0.9649367511729067,0.2551,0.2551,0.1197,0.215,0.4946,0.4622,0.7858822200483535,0.8849499366250976,1.0,0.926936448068589,0.3506,0.3506,0.215,0.1197,0.4946,0.4946,0.9174672191008751,0.7868972719053646,1.0,1.0,0.2551,0.3506,0.215,0.215,0.4622,0.4946,0.9660855482655727,0.9413041487938698,1.0,0.9649022580230753,0.3506,0.3506,0.215,0.215,0.4622,0.4946,0.8533546983900604,0.8954765481212362,1.0,0.8754938859552717,0.215,0.4946,0.4946,0.8442176885725632,0.9242484414283824,1.0,0.8736649748175308,0.2551,0.2551,0.1197,0.1197,0.4946,0.4946,0.9061355597173908,0.8028083777438797,1.0,0.9192645516381497,0.3506,0.3506,0.1197,0.215,0.9026708931891616,0.7933867240500064,1.0,0.98200567374625,0.3506,0.3506,0.215,0.1197,0.8986466146238723,0.8159758812796452,1.0,0.9686625797669175,0.2551,0.2551,0.1197,0.215,0.9267271276866282,0.8917105183710479,1.0,0.8872284153768569,0.3506,0.2551,0.1197,0.215,0.9243493799197504,0.9414686866302093,1.0,0.934160512767368,0.3506,0.2551,0.215,0.215,0.8911828540645084,0.949618564451553,1.0,0.8848392003133841,0.2551,0.3506,0.215,0.215,0.924148889003795,0.9495625550467534,1.0,1.0,0.2551,0.3506,0.215,0.1197,0.7833202195395689,0.8838164138718998,1.0,0.905909410200557,0.3506,0.3506,0.1197,0.215,0.4622,0.4622,0.8945771725959952,0.789397510953823,1.0,0.9245704508476208,0.3506,0.3506,0.1197,0.215,0.8129515852017528,0.8790455177910419,1.0,0.9281645227679398,0.3506,0.3506,0.215,0.215,0.4946,0.4622,0.7909498777746656,0.9280343183336799,1.0,1.0,0.2551,0.3506,0.215,0.215,0.8166486706462036,0.8526371441313083,1.0,1.0,0.3506,0.3506,0.1197,0.1197,0.9002626022198386,0.9108877725229965,1.0,0.9510871414629722,0.2551,0.3506,0.1197,0.1197,0.8775133855804954,0.8867234862141632,1.0,0.9242922100544092,0.3506,0.3506,0.215,0.1197
,17,1.0,0.8459426191602482,0.8735658433093121,0.7843553649822911,0.8034996491209018,0.7543645580603744,0.6933960003623448,0.03604,1.0,0.8478226627323605,0.4483395679211047,0.9139766231907844,0.8731716319035314,0.8219168176511136,0.8890498164645462,0.9943273142861477,0.4268,0.7734260139458152,0.03604,1.0,0.7373538990767529,0.43797770456031015,0.8165444407600919,0.8339656240679088,0.948707439578141,0.9454437132010398,0.8324415596428694,0.8037819860382689,0.9300475261627441,0.489,0.4268,0.7961508052318362,0.0674,0.8483394434732403,0.42456071465873124,0.8683412627028639,0.8112695594236212,0.7680562383120789,0.8201062283247569,0.0674,0.4087044873046927,0.8616630221284873,0.7314405082017208,1.0,0.40208037551350684,0.4268,0.0674,0.7382977795519879,0.3741187759050496,0.8730896139440487,0.9292686531789803,0.8562890484695909,1.0,0.8529235294599729,0.0674,1.0,0.7412960852801666,0.4550785288126563,0.8206689685713265,0.9281122001150913,0.9215461777260068,0.7931547740340205,0.9073209838927069,0.8968021931089003,1.0,0.4268,0.8053498497018172,0.0674,1.0,0.7176705861291686,0.4305333273041402,0.8640744326713032,0.916717541719779,0.8303375778494242,0.8676574870443832,0.8166202818770312,0.7965139496894245,0.8917930299539097,0.4268,0.7558233717900527,0.0674,1.0,0.847010175191031,0.44722281475242165,0.8313984627968516,0.8351590938430242,0.8792131995826922,0.8286565373172732,0.9901312731933852,0.4268,0.8303062533832888,0.0674,1.0,0.7462317899838412,0.454397419599171,0.7436486010565597,0.8521747002993545,0.8244245791290237,0.9138027502580675,0.7396027644342784,0.9103984940857892,0.4268,0.7683935228825138,0.0674,1.0,0.7662461120002932,0.9215308278448429,0.8221682445650607,0.7975502467413026,0.8690840612762973,0.5273,0.8534503780730378,0.0674,1.0,0.9040945174068333,0.9018722185218769,0.8615217002665285,0.9241002617852545,0.8397667371822678,0.8768481110190238,0.4268,0.8410797061410796,0.03604,1.0,0.8177949978268412,0.42056777688908387,0.8391546853261274,0.820730073316439,0.8081189932440934,0.8342199423395089,0.8245206556516952,0.4268,0.68740132655176,0.03604,0.814084794648289,0.8582977347612052,0.03604,1.0,0.7575938677789915,0.42820262411968313,0.9436641521641336,0.894505358162385,0.6924095706132185,0.03604,0.8109136991223624,0.40591562052541397,0.7219240036508393,0.8488455875016077,0.8854560021532533,0.9344274920258654,1.0,0.2512,0.7449857371642874,0.0674,0.4268,0.0674,0.7663824151240535,0.9549310642105301,0.0674,1.0,0.7574122333225713,0.37967698125561034,0.8006650649508595,0.8260597464516438,0.8327139646739891,0.8259317931834999,0.784552277745348,0.7759871619472627,0.9682706203073527,0.4268,0.8298038162878923,0.0674,1.0,0.7779378276488756,0.3876854071784201,0.8191626129361684,0.7818098530899091,0.8377466404937647,0.8297484047431031,0.7588965854804619,0.7890251693317314,0.9492982696376603,0.4268,0.7247203329379661,0.0674,0.8921416389268741,0.4176210296912536,0.814965795899973,0.899110710281688,0.8514582052058599,0.0674,1.0,0.8060226325817051,0.43981598367775376,0.7540096800288976,0.7898419387229506,0.8756066153106632,0.9402772664080788,0.7629295529686289,0.8390967287827422,1.0,0.5273,0.6895931045062346,0.0674,0.4121548547978009,0.8456167949859235,0.03604,0.7708064907976908,0.0674,1.0,0.3982035440363325,0.7807817808141284,0.840085128655618,0.2512,0.8449431656316745,0.03604,0.8116537404990617,0.42423433755734175,0.8665669656377979,0.8450988943763862,0.02941362914636818,0.028378490298617758,0.027984114170525067,0.053851054309821,0.05320268749662013,0.05459561278597701,0.055252762779498525,0.05385332354735503,0.05345742055709683,0.05407890678994354,0.0280381550693121,0.028223320518589858,0.02856234806792076,0.05397703464264943,0.054040256207468024,0.028253894406161845,0.053969623230860596,0.028029172001765804,0.05419744656881527,0.054295074798101875,0.028431862613227426,0.054968831777523916,0.05236434981851895,0.028791722710258934,0.029215426004949772,0.05488675712277251,0.02962382156923457,0.8136621993304385,0.8267628606034342,1.0,1.0,0.4268,0.2512,0.0674,0.03604,0.489,0.489,0.8915544568651038,0.8938809161310939,1.0,1.0,0.2512,0.2512,0.03604,0.03604,0.489,0.5273,0.9664795293983448,0.8992782479673996,1.0,1.0,0.4268,0.4268,0.03604,0.03604,0.489,0.489,0.9254665161241841,0.928651951328705,1.0,0.88781053224932,0.4268,0.4268,0.0674,0.03604,0.8783971531988549,0.8655486602456266,1.0,0.9318627518038468,0.2512,0.2512,0.03604,0.03604,0.9669633971548233,0.8398749336658444,1.0,0.9269950621568397,0.2512,0.2512,0.03604,0.03604,0.9329959471874276,0.9491750528669363,1.0,0.9272136613222582,0.2512,0.0674,0.03604,0.489,0.5273,0.9386585390578545,0.8877358919740915,1.0,0.9649367511729067,0.2512,0.2512,0.03604,0.0674,0.5273,0.489,0.7858822200483535,0.8849499366250976,1.0,0.926936448068589,0.4268,0.4268,0.0674,0.03604,0.5273,0.5273,0.9174672191008751,0.7868972719053646,1.0,1.0,0.2512,0.4268,0.0674,0.0674,0.489,0.5273,0.9660855482655727,0.9413041487938698,1.0,0.9649022580230753,0.4268,0.4268,0.0674,0.0674,0.489,0.5273,0.8533546983900604,0.8954765481212362,1.0,0.8754938859552717,0.0674,0.5273,0.5273,0.8442176885725632,0.9242484414283824,1.0,0.8736649748175308,0.2512,0.2512,0.03604,0.03604,0.5273,0.5273,0.9061355597173908,0.8028083777438797,1.0,0.9192645516381497,0.4268,0.4268,0.03604,0.0674,0.9026708931891616,0.7933867240500064,1.0,0.98200567374625,0.4268,0.4268,0.0674,0.03604,0.8986466146238723,0.8159758812796452,1.0,0.9686625797669175,0.2512,0.2512,0.03604,0.0674,0.9267271276866282,0.8917105183710479,1.0,0.8872284153768569,0.4268,0.2512,0.03604,0.0674,0.9243493799197504,0.9414686866302093,1.0,0.934160512767368,0.4268,0.2512,0.0674,0.0674,0.8911828540645084,0.949618564451553,1.0,0.8848392003133841,0.2512,0.4268,0.0674,0.0674,0.924148889003795,0.9495625550467534,1.0,1.0,0.2512,0.4268,0.0674,0.03604,0.7833202195395689,0.8838164138718998,1.0,0.905909410200557,0.4268,0.4268,0.03604,0.0674,0.489,0.489,0.8945771725959952,0.789397510953823,1.0,0.9245704508476208,0.4268,0.4268,0.03604,0.0674,0.8129515852017528,0.8790455177910419,1.0,0.9281645227679398,0.4268,0.4268,0.0674,0.0674,0.5273,0.489,0.7909498777746656,0.9280343183336799,1.0,1.0,0.2512,0.4268,0.0674,0.0674,0.8166486706462036,0.8526371441313083,1.0,1.0,0.4268,0.4268,0.03604,0.03604,0.9002626022198386,0.9108877725229965,1.0,0.9510871414629722,0.2512,0.4268,0.03604,0.03604,0.8775133855804954,0.8867234862141632,1.0,0.9242922100544092,0.4268,0.4268,0.0674,0.03604
,18,1.0,0.8459426191602482,0.8735658433093121,0.7843553649822911,0.8034996491209018,0.7543645580603744,0.6933960003623448,0.0,1.0,0.8478226627323605,0.4483395679211047,0.9139766231907844,0.8731716319035314,0.8219168176511136,0.8890498164645462,0.9943273142861477,0.5044,0.7734260139458152,0.0,1.0,0.7373538990767529,0.43797770456031015,0.8165444407600919,0.8339656240679088,0.948707439578141,0.9454437132010398,0.8324415596428694,0.8037819860382689,0.9300475261627441,0.5005,0.5044,0.7961508052318362,7.546e-05,0.8483394434732403,0.42456071465873124,0.8683412627028639,0.8112695594236212,0.7680562383120789,0.8201062283247569,7.546e-05,0.4087044873046927,0.8616630221284873,0.7314405082017208,1.0,0.40208037551350684,0.5044,7.546e-05,0.7382977795519879,0.3741187759050496,0.8730896139440487,0.9292686531789803,0.8562890484695909,1.0,0.8529235294599729,7.546e-05,1.0,0.7412960852801666,0.4550785288126563,0.8206689685713265,0.9281122001150913,0.9215461777260068,0.7931547740340205,0.9073209838927069,0.8968021931089003,1.0,0.5044,0.8053498497018172,7.546e-05,1.0,0.7176705861291686,0.4305333273041402,0.8640744326713032,0.916717541719779,0.8303375778494242,0.8676574870443832,0.8166202818770312,0.7965139496894245,0.8917930299539097,0.5044,0.7558233717900527,7.546e-05,1.0,0.847010175191031,0.44722281475242165,0.8313984627968516,0.8351590938430242,0.8792131995826922,0.8286565373172732,0.9901312731933852,0.5044,0.8303062533832888,7.546e-05,1.0,0.7462317899838412,0.454397419599171,0.7436486010565597,0.8521747002993545,0.8244245791290237,0.9138027502580675,0.7396027644342784,0.9103984940857892,0.5044,0.7683935228825138,7.546e-05,1.0,0.7662461120002932,0.9215308278448429,0.8221682445650607,0.7975502467413026,0.8690840612762973,0.556,0.8534503780730378,7.546e-05,1.0,0.9040945174068333,0.9018722185218769,0.8615217002665285,0.9241002617852545,0.8397667371822678,0.8768481110190238,0.5044,0.8410797061410796,0.0,1.0,0.8177949978268412,0.42056777688908387,0.8391546853261274,0.820730073316439,0.8081189932440934,0.8342199423395089,0.8245206556516952,0.5044,0.68740132655176,0.0,0.814084794648289,0.8582977347612052,0.0,1.0,0.7575938677789915,0.42820262411968313,0.9436641521641336,0.894505358162385,0.6924095706132185,0.0,0.8109136991223624,0.40591562052541397,0.7219240036508393,0.8488455875016077,0.8854560021532533,0.9344274920258654,1.0,0.304,0.7449857371642874,7.546e-05,0.5044,7.546e-05,0.7663824151240535,0.9549310642105301,7.546e-05,1.0,0.7574122333225713,0.37967698125561034,0.8006650649508595,0.8260597464516438,0.8327139646739891,0.8259317931834999,0.784552277745348,0.7759871619472627,0.9682706203073527,0.5044,0.8298038162878923,7.546e-05,1.0,0.7779378276488756,0.3876854071784201,0.8191626129361684,0.7818098530899091,0.8377466404937647,0.8297484047431031,0.7588965854804619,0.7890251693317314,0.9492982696376603,0.5044,0.7247203329379661,7.546e-05,0.8921416389268741,0.4176210296912536,0.814965795899973,0.899110710281688,0.8514582052058599,7.546e-05,1.0,0.8060226325817051,0.43981598367775376,0.7540096800288976,0.7898419387229506,0.8756066153106632,0.9402772664080788,0.7629295529686289,0.8390967287827422,1.0,0.556,0.6895931045062346,7.546e-05,0.4121548547978009,0.8456167949859235,0.0,0.7708064907976908,7.546e-05,1.0,0.3982035440363325,0.7807817808141284,0.840085128655618,0.304,0.8449431656316745,0.0,0.8116537404990617,0.42423433755734175,0.8665669656377979,0.8450988943763862,0.0,0.0,0.0,6.0290809469126e-05,5.95649079895394e-05,6.112440565029414e-05,6.186014064304094e-05,6.0293350072454166e-05,5.985010319344995e-05,6.054590959004658e-05,0.0,0.0,0.0,6.0431855105850526e-05,6.05026369942958e-05,0.0,6.042355740357182e-05,0.0,6.067862489737092e-05,6.078792795645055e-05,0.0,6.154225587436135e-05,5.862631806091157e-05,0.0,0.0,6.145036635733552e-05,0.0,0.8136621993304385,0.8267628606034342,1.0,1.0,0.5044,0.304,7.546e-05,0.0,0.5005,0.5005,0.8915544568651038,0.8938809161310939,1.0,1.0,0.304,0.304,0.0,0.0,0.5005,0.556,0.9664795293983448,0.8992782479673996,1.0,1.0,0.5044,0.5044,0.0,0.0,0.5005,0.5005,0.9254665161241841,0.928651951328705,1.0,0.88781053224932,0.5044,0.5044,7.546e-05,0.0,0.8783971531988549,0.8655486602456266,1.0,0.9318627518038468,0.304,0.304,0.0,0.0,0.9669633971548233,0.8398749336658444,1.0,0.9269950621568397,0.304,0.304,0.0,0.0,0.9329959471874276,0.9491750528669363,1.0,0.9272136613222582,0.304,7.546e-05,0.0,0.5005,0.556,0.9386585390578545,0.8877358919740915,1.0,0.9649367511729067,0.304,0.304,0.0,7.546e-05,0.556,0.5005,0.7858822200483535,0.8849499366250976,1.0,0.926936448068589,0.5044,0.5044,7.546e-05,0.0,0.556,0.556,0.9174672191008751,0.7868972719053646,1.0,1.0,0.304,0.5044,7.546e-05,7.546e-05,0.5005,0.556,0.9660855482655727,0.9413041487938698,1.0,0.9649022580230753,0.5044,0.5044,7.546e-05,7.546e-05,0.5005,0.556,0.8533546983900604,0.8954765481212362,1.0,0.8754938859552717,7.546e-05,0.556,0.556,0.8442176885725632,0.9242484414283824,1.0,0.8736649748175308,0.304,0.304,0.0,0.0,0.556,0.556,0.9061355597173908,0.8028083777438797,1.0,0.9192645516381497,0.5044,0.5044,0.0,7.546e-05,0.9026708931891616,0.7933867240500064,1.0,0.98200567374625,0.5044,0.5044,7.546e-05,0.0,0.8986466146238723,0.8159758812796452,1.0,0.9686625797669175,0.304,0.304,0.0,7.546e-05,0.9267271276866282,0.8917105183710479,1.0,0.8872284153768569,0.5044,0.304,0.0,7.546e-05,0.9243493799197504,0.9414686866302093,1.0,0.934160512767368,0.5044,0.304,7.546e-05,7.546e-05,0.8911828540645084,0.949618564451553,1.0,0.8848392003133841,0.304,0.5044,7.546e-05,7.546e-05,0.924148889003795,0.9495625550467534,1.0,1.0,0.304,0.5044,7.546e-05,0.0,0.7833202195395689,0.8838164138718998,1.0,0.905909410200557,0.5044,0.5044,0.0,7.546e-05,0.5005,0.5005,0.8945771725959952,0.789397510953823,1.0,0.9245704508476208,0.5044,0.5044,0.0,7.546e-05,0.8129515852017528,0.8790455177910419,1.0,0.9281645227679398,0.5044,0.5044,7.546e-05,7.546e-05,0.556,0.5005,0.7909498777746656,0.9280343183336799,1.0,1.0,0.304,0.5044,7.546e-05,7.546e-05,0.8166486706462036,0.8526371441313083,1.0,1.0,0.5044,0.5044,0.0,0.0,0.9002626022198386,0.9108877725229965,1.0,0.9510871414629722,0.304,0.5044,0.0,0.0,0.8775133855804954,0.8867234862141632,1.0,0.9242922100544092,0.5044,0.5044,7.546e-05,0.0
,19,1.0,0.8459426191602482,0.8735658433093121,0.7843553649822911,0.8034996491209018,0.7543645580603744,0.6933960003623448,0.0,1.0,0.8478226627323605,0.4483395679211047,0.9139766231907844,0.8731716319035314,0.8219168176511136,0.8890498164645462,0.9943273142861477,0.515,0.7734260139458152,0.0,1.0,0.7373538990767529,0.43797770456031015,0.8165444407600919,0.8339656240679088,0.948707439578141,0.9454437132010398,0.8324415596428694,0.8037819860382689,0.9300475261627441,0.5166,0.515,0.7961508052318362,0.0,0.8483394434732403,0.42456071465873124,0.8683412627028639,0.8112695594236212,0.7680562383120789,0.8201062283247569,0.0,0.4087044873046927,0.8616630221284873,0.7314405082017208,1.0,0.40208037551350684,0.515,0.0,0.7382977795519879,0.3741187759050496,0.8730896139440487,0.9292686531789803,0.8562890484695909,1.0,0.8529235294599729,0.0,1.0,0.7412960852801666,0.4550785288126563,0.8206689685713265,0.9281122001150913,0.9215461777260068,0.7931547740340205,0.9073209838927069,0.8968021931089003,1.0,0.515,0.8053498497018172,0.0,1.0,0.7176705861291686,0.4305333273041402,0.8640744326713032,0.916717541719779,0.8303375778494242,0.8676574870443832,0.8166202818770312,0.7965139496894245,0.8917930299539097,0.515,0.7558233717900527,0.0,1.0,0.847010175191031,0.44722281475242165,0.8313984627968516,0.8351590938430242,0.8792131995826922,0.8286565373172732,0.9901312731933852,0.515,0.8303062533832888,0.0,1.0,0.7462317899838412,0.454397419599171,0.7436486010565597,0.8521747002993545,0.8244245791290237,0.9138027502580675,0.7396027644342784,0.9103984940857892,0.515,0.7683935228825138,0.0,1.0,0.7662461120002932,0.9215308278448429,0.8221682445650607,0.7975502467413026,0.8690840612762973,0.59,0.8534503780730378,0.0,1.0,0.9040945174068333,0.9018722185218769,0.8615217002665285,0.9241002617852545,0.8397667371822678,0.8768481110190238,0.515,0.8410797061410796,0.0,1.0,0.8177949978268412,0.42056777688908387,0.8391546853261274,0.820730073316439,0.8081189932440934,0.8342199423395089,0.8245206556516952,0.515,0.68740132655176,0.0,0.814084794648289,0.8582977347612052,0.0,1.0,0.7575938677789915,0.42820262411968313,0.9436641521641336,0.894505358162385,0.6924095706132185,0.0,0.8109136991223624,0.40591562052541397,0.7219240036508393,0.8488455875016077,0.8854560021532533,0.9344274920258654,1.0,0.3418,0.7449857371642874,0.0,0.515,0.0,0.7663824151240535,0.9549310642105301,0.0,1.0,0.7574122333225713,0.37967698125561034,0.8006650649508595,0.8260597464516438,0.8327139646739891,0.8259317931834999,0.784552277745348,0.7759871619472627,0.9682706203073527,0.515,0.8298038162878923,0.0,1.0,0.7779378276488756,0.3876854071784201,0.8191626129361684,0.7818098530899091,0.8377466404937647,0.8297484047431031,0.7588965854804619,0.7890251693317314,0.9492982696376603,0.515,0.7247203329379661,0.0,0.8921416389268741,0.4176210296912536,0.814965795899973,0.899110710281688,0.8514582052058599,0.0,1.0,0.8060226325817051,0.43981598367775376,0.7540096800288976,0.7898419387229506,0.8756066153106632,0.9402772664080788,0.7629295529686289,0.8390967287827422,1.0,0.59,0.6895931045062346,0.0,0.4121548547978009,0.8456167949859235,0.0,0.7708064907976908,0.0,1.0,0.3982035440363325,0.7807817808141284,0.840085128655618,0.3418,0.8449431656316745,0.0,0.8116537404990617,0.42423433755734175,0.8665669656377979,0.8450988943763862,0.0,0.0,0.0,0.0,0.0,0.0,0.0,0.0,0.0,0.0,0.0,0.0,0.0,0.0,0.0,0.0,0.0,0.0,0.0,0.0,0.0,0.0,0.0,0.0,0.0,0.0,0.0,0.8136621993304385,0.8267628606034342,1.0,1.0,0.515,0.3418,0.0,0.0,0.5166,0.5166,0.8915544568651038,0.8938809161310939,1.0,1.0,0.3418,0.3418,0.0,0.0,0.5166,0.59,0.9664795293983448,0.8992782479673996,1.0,1.0,0.515,0.515,0.0,0.0,0.5166,0.5166,0.9254665161241841,0.928651951328705,1.0,0.88781053224932,0.515,0.515,0.0,0.0,0.8783971531988549,0.8655486602456266,1.0,0.9318627518038468,0.3418,0.3418,0.0,0.0,0.9669633971548233,0.8398749336658444,1.0,0.9269950621568397,0.3418,0.3418,0.0,0.0,0.9329959471874276,0.9491750528669363,1.0,0.9272136613222582,0.3418,0.0,0.0,0.5166,0.59,0.9386585390578545,0.8877358919740915,1.0,0.9649367511729067,0.3418,0.3418,0.0,0.0,0.59,0.5166,0.7858822200483535,0.8849499366250976,1.0,0.926936448068589,0.515,0.515,0.0,0.0,0.59,0.59,0.9174672191008751,0.7868972719053646,1.0,1.0,0.3418,0.515,0.0,0.0,0.5166,0.59,0.9660855482655727,0.9413041487938698,1.0,0.9649022580230753,0.515,0.515,0.0,0.0,0.5166,0.59,0.8533546983900604,0.8954765481212362,1.0,0.8754938859552717,0.0,0.59,0.59,0.8442176885725632,0.9242484414283824,1.0,0.8736649748175308,0.3418,0.3418,0.0,0.0,0.59,0.59,0.9061355597173908,0.8028083777438797,1.0,0.9192645516381497,0.515,0.515,0.0,0.0,0.9026708931891616,0.7933867240500064,1.0,0.98200567374625,0.515,0.515,0.0,0.0,0.8986466146238723,0.8159758812796452,1.0,0.9686625797669175,0.3418,0.3418,0.0,0.0,0.9267271276866282,0.8917105183710479,1.0,0.8872284153768569,0.515,0.3418,0.0,0.0,0.9243493799197504,0.9414686866302093,1.0,0.934160512767368,0.515,0.3418,0.0,0.0,0.8911828540645084,0.949618564451553,1.0,0.8848392003133841,0.3418,0.515,0.0,0.0,0.924148889003795,0.9495625550467534,1.0,1.0,0.3418,0.515,0.0,0.0,0.7833202195395689,0.8838164138718998,1.0,0.905909410200557,0.515,0.515,0.0,0.0,0.5166,0.5166,0.8945771725959952,0.789397510953823,1.0,0.9245704508476208,0.515,0.515,0.0,0.0,0.8129515852017528,0.8790455177910419,1.0,0.9281645227679398,0.515,0.515,0.0,0.0,0.59,0.5166,0.7909498777746656,0.9280343183336799,1.0,1.0,0.3418,0.515,0.0,0.0,0.8166486706462036,0.8526371441313083,1.0,1.0,0.515,0.515,0.0,0.0,0.9002626022198386,0.9108877725229965,1.0,0.9510871414629722,0.3418,0.515,0.0,0.0,0.8775133855804954,0.8867234862141632,1.0,0.9242922100544092,0.515,0.515,0.0,0.0
,20,1.0,0.8459426191602482,0.8735658433093121,0.7843553649822911,0.8034996491209018,0.7543645580603744,0.6933960003623448,0.0,1.0,0.8478226627323605,0.4483395679211047,0.9139766231907844,0.8731716319035314,0.8219168176511136,0.8890498164645462,0.9943273142861477,0.488,0.7734260139458152,0.0,1.0,0.7373538990767529,0.43797770456031015,0.8165444407600919,0.8339656240679088,0.948707439578141,0.9454437132010398,0.8324415596428694,0.8037819860382689,0.9300475261627441,0.538,0.488,0.7961508052318362,0.0,0.8483394434732403,0.42456071465873124,0.8683412627028639,0.8112695594236212,0.7680562383120789,0.8201062283247569,0.0,0.4087044873046927,0.8616630221284873,0.7314405082017208,1.0,0.40208037551350684,0.488,0.0,0.7382977795519879,0.3741187759050496,0.8730896139440487,0.9292686531789803,0.8562890484695909,1.0,0.8529235294599729,0.0,1.0,0.7412960852801666,0.4550785288126563,0.8206689685713265,0.9281122001150913,0.9215461777260068,0.7931547740340205,0.9073209838927069,0.8968021931089003,1.0,0.488,0.8053498497018172,0.0,1.0,0.7176705861291686,0.4305333273041402,0.8640744326713032,0.916717541719779,0.8303375778494242,0.8676574870443832,0.8166202818770312,0.7965139496894245,0.8917930299539097,0.488,0.7558233717900527,0.0,1.0,0.847010175191031,0.44722281475242165,0.8313984627968516,0.8351590938430242,0.8792131995826922,0.8286565373172732,0.9901312731933852,0.488,0.8303062533832888,0.0,1.0,0.7462317899838412,0.454397419599171,0.7436486010565597,0.8521747002993545,0.8244245791290237,0.9138027502580675,0.7396027644342784,0.9103984940857892,0.488,0.7683935228825138,0.0,1.0,0.7662461120002932,0.9215308278448429,0.8221682445650607,0.7975502467413026,0.8690840612762973,0.5913,0.8534503780730378,0.0,1.0,0.9040945174068333,0.9018722185218769,0.8615217002665285,0.9241002617852545,0.8397667371822678,0.8768481110190238,0.488,0.8410797061410796,0.0,1.0,0.8177949978268412,0.42056777688908387,0.8391546853261274,0.820730073316439,0.8081189932440934,0.8342199423395089,0.8245206556516952,0.488,0.68740132655176,0.0,0.814084794648289,0.8582977347612052,0.0,1.0,0.7575938677789915,0.42820262411968313,0.9436641521641336,0.894505358162385,0.6924095706132185,0.0,0.8109136991223624,0.40591562052541397,0.7219240036508393,0.8488455875016077,0.8854560021532533,0.9344274920258654,1.0,0.3596,0.7449857371642874,0.0,0.488,0.0,0.7663824151240535,0.9549310642105301,0.0,1.0,0.7574122333225713,0.37967698125561034,0.8006650649508595,0.8260597464516438,0.8327139646739891,0.8259317931834999,0.784552277745348,0.7759871619472627,0.9682706203073527,0.488,0.8298038162878923,0.0,1.0,0.7779378276488756,0.3876854071784201,0.8191626129361684,0.7818098530899091,0.8377466404937647,0.8297484047431031,0.7588965854804619,0.7890251693317314,0.9492982696376603,0.488,0.7247203329379661,0.0,0.8921416389268741,0.4176210296912536,0.814965795899973,0.899110710281688,0.8514582052058599,0.0,1.0,0.8060226325817051,0.43981598367775376,0.7540096800288976,0.7898419387229506,0.8756066153106632,0.9402772664080788,0.7629295529686289,0.8390967287827422,1.0,0.5913,0.6895931045062346,0.0,0.4121548547978009,0.8456167949859235,0.0,0.7708064907976908,0.0,1.0,0.3982035440363325,0.7807817808141284,0.840085128655618,0.3596,0.8449431656316745,0.0,0.8116537404990617,0.42423433755734175,0.8665669656377979,0.8450988943763862,0.0,0.0,0.0,0.0,0.0,0.0,0.0,0.0,0.0,0.0,0.0,0.0,0.0,0.0,0.0,0.0,0.0,0.0,0.0,0.0,0.0,0.0,0.0,0.0,0.0,0.0,0.0,0.8136621993304385,0.8267628606034342,1.0,1.0,0.488,0.3596,0.0,0.0,0.538,0.538,0.8915544568651038,0.8938809161310939,1.0,1.0,0.3596,0.3596,0.0,0.0,0.538,0.5913,0.9664795293983448,0.8992782479673996,1.0,1.0,0.488,0.488,0.0,0.0,0.538,0.538,0.9254665161241841,0.928651951328705,1.0,0.88781053224932,0.488,0.488,0.0,0.0,0.8783971531988549,0.8655486602456266,1.0,0.9318627518038468,0.3596,0.3596,0.0,0.0,0.9669633971548233,0.8398749336658444,1.0,0.9269950621568397,0.3596,0.3596,0.0,0.0,0.9329959471874276,0.9491750528669363,1.0,0.9272136613222582,0.3596,0.0,0.0,0.538,0.5913,0.9386585390578545,0.8877358919740915,1.0,0.9649367511729067,0.3596,0.3596,0.0,0.0,0.5913,0.538,0.7858822200483535,0.8849499366250976,1.0,0.926936448068589,0.488,0.488,0.0,0.0,0.5913,0.5913,0.9174672191008751,0.7868972719053646,1.0,1.0,0.3596,0.488,0.0,0.0,0.538,0.5913,0.9660855482655727,0.9413041487938698,1.0,0.9649022580230753,0.488,0.488,0.0,0.0,0.538,0.5913,0.8533546983900604,0.8954765481212362,1.0,0.8754938859552717,0.0,0.5913,0.5913,0.8442176885725632,0.9242484414283824,1.0,0.8736649748175308,0.3596,0.3596,0.0,0.0,0.5913,0.5913,0.9061355597173908,0.8028083777438797,1.0,0.9192645516381497,0.488,0.488,0.0,0.0,0.9026708931891616,0.7933867240500064,1.0,0.98200567374625,0.488,0.488,0.0,0.0,0.8986466146238723,0.8159758812796452,1.0,0.9686625797669175,0.3596,0.3596,0.0,0.0,0.9267271276866282,0.8917105183710479,1.0,0.8872284153768569,0.488,0.3596,0.0,0.0,0.9243493799197504,0.9414686866302093,1.0,0.934160512767368,0.488,0.3596,0.0,0.0,0.8911828540645084,0.949618564451553,1.0,0.8848392003133841,0.3596,0.488,0.0,0.0,0.924148889003795,0.9495625550467534,1.0,1.0,0.3596,0.488,0.0,0.0,0.7833202195395689,0.8838164138718998,1.0,0.905909410200557,0.488,0.488,0.0,0.0,0.538,0.538,0.8945771725959952,0.789397510953823,1.0,0.9245704508476208,0.488,0.488,0.0,0.0,0.8129515852017528,0.8790455177910419,1.0,0.9281645227679398,0.488,0.488,0.0,0.0,0.5913,0.538,0.7909498777746656,0.9280343183336799,1.0,1.0,0.3596,0.488,0.0,0.0,0.8166486706462036,0.8526371441313083,1.0,1.0,0.488,0.488,0.0,0.0,0.9002626022198386,0.9108877725229965,1.0,0.9510871414629722,0.3596,0.488,0.0,0.0,0.8775133855804954,0.8867234862141632,1.0,0.9242922100544092,0.488,0.488,0.0,0.0
,21,1.0,0.8459426191602482,0.8735658433093121,0.7843553649822911,0.8034996491209018,0.7543645580603744,0.6933960003623448,0.0,1.0,0.8478226627323605,0.4483395679211047,0.9139766231907844,0.8731716319035314,0.8219168176511136,0.8890498164645462,0.9943273142861477,0.448,0.7734260139458152,0.0,1.0,0.7373538990767529,0.43797770456031015,0.8165444407600919,0.8339656240679088,0.948707439578141,0.9454437132010398,0.8324415596428694,0.8037819860382689,0.9300475261627441,0.546,0.448,0.7961508052318362,0.0,0.8483394434732403,0.42456071465873124,0.8683412627028639,0.8112695594236212,0.7680562383120789,0.8201062283247569,0.0,0.4087044873046927,0.8616630221284873,0.7314405082017208,1.0,0.40208037551350684,0.448,0.0,0.7382977795519879,0.3741187759050496,0.8730896139440487,0.9292686531789803,0.8562890484695909,1.0,0.8529235294599729,0.0,1.0,0.7412960852801666,0.4550785288126563,0.8206689685713265,0.9281122001150913,0.9215461777260068,0.7931547740340205,0.9073209838927069,0.8968021931089003,1.0,0.448,0.8053498497018172,0.0,1.0,0.7176705861291686,0.4305333273041402,0.8640744326713032,0.916717541719779,0.8303375778494242,0.8676574870443832,0.8166202818770312,0.7965139496894245,0.8917930299539097,0.448,0.7558233717900527,0.0,1.0,0.847010175191031,0.44722281475242165,0.8313984627968516,0.8351590938430242,0.8792131995826922,0.8286565373172732,0.9901312731933852,0.448,0.8303062533832888,0.0,1.0,0.7462317899838412,0.454397419599171,0.7436486010565597,0.8521747002993545,0.8244245791290237,0.9138027502580675,0.7396027644342784,0.9103984940857892,0.448,0.7683935228825138,0.0,1.0,0.7662461120002932,0.9215308278448429,0.8221682445650607,0.7975502467413026,0.8690840612762973,0.572,0.8534503780730378,0.0,1.0,0.9040945174068333,0.9018722185218769,0.8615217002665285,0.9241002617852545,0.8397667371822678,0.8768481110190238,0.448,0.8410797061410796,0.0,1.0,0.8177949978268412,0.42056777688908387,0.8391546853261274,0.820730073316439,0.8081189932440934,0.8342199423395089,0.8245206556516952,0.448,0.68740132655176,0.0,0.814084794648289,0.8582977347612052,0.0,1.0,0.7575938677789915,0.42820262411968313,0.9436641521641336,0.894505358162385,0.6924095706132185,0.0,0.8109136991223624,0.40591562052541397,0.7219240036508393,0.8488455875016077,0.8854560021532533,0.9344274920258654,1.0,0.3684,0.7449857371642874,0.0,0.448,0.0,0.7663824151240535,0.9549310642105301,0.0,1.0,0.7574122333225713,0.37967698125561034,0.8006650649508595,0.8260597464516438,0.8327139646739891,0.8259317931834999,0.784552277745348,0.7759871619472627,0.9682706203073527,0.448,0.8298038162878923,0.0,1.0,0.7779378276488756,0.3876854071784201,0.8191626129361684,0.7818098530899091,0.8377466404937647,0.8297484047431031,0.7588965854804619,0.7890251693317314,0.9492982696376603,0.448,0.7247203329379661,0.0,0.8921416389268741,0.4176210296912536,0.814965795899973,0.899110710281688,0.8514582052058599,0.0,1.0,0.8060226325817051,0.43981598367775376,0.7540096800288976,0.7898419387229506,0.8756066153106632,0.9402772664080788,0.7629295529686289,0.8390967287827422,1.0,0.572,0.6895931045062346,0.0,0.4121548547978009,0.8456167949859235,0.0,0.7708064907976908,0.0,1.0,0.3982035440363325,0.7807817808141284,0.840085128655618,0.3684,0.8449431656316745,0.0,0.8116537404990617,0.42423433755734175,0.8665669656377979,0.8450988943763862,0.0,0.0,0.0,0.0,0.0,0.0,0.0,0.0,0.0,0.0,0.0,0.0,0.0,0.0,0.0,0.0,0.0,0.0,0.0,0.0,0.0,0.0,0.0,0.0,0.0,0.0,0.0,0.8136621993304385,0.8267628606034342,1.0,1.0,0.448,0.3684,0.0,0.0,0.546,0.546,0.8915544568651038,0.8938809161310939,1.0,1.0,0.3684,0.3684,0.0,0.0,0.546,0.572,0.9664795293983448,0.8992782479673996,1.0,1.0,0.448,0.448,0.0,0.0,0.546,0.546,0.9254665161241841,0.928651951328705,1.0,0.88781053224932,0.448,0.448,0.0,0.0,0.8783971531988549,0.8655486602456266,1.0,0.9318627518038468,0.3684,0.3684,0.0,0.0,0.9669633971548233,0.8398749336658444,1.0,0.9269950621568397,0.3684,0.3684,0.0,0.0,0.9329959471874276,0.9491750528669363,1.0,0.9272136613222582,0.3684,0.0,0.0,0.546,0.572,0.9386585390578545,0.8877358919740915,1.0,0.9649367511729067,0.3684,0.3684,0.0,0.0,0.572,0.546,0.7858822200483535,0.8849499366250976,1.0,0.926936448068589,0.448,0.448,0.0,0.0,0.572,0.572,0.9174672191008751,0.7868972719053646,1.0,1.0,0.3684,0.448,0.0,0.0,0.546,0.572,0.9660855482655727,0.9413041487938698,1.0,0.9649022580230753,0.448,0.448,0.0,0.0,0.546,0.572,0.8533546983900604,0.8954765481212362,1.0,0.8754938859552717,0.0,0.572,0.572,0.8442176885725632,0.9242484414283824,1.0,0.8736649748175308,0.3684,0.3684,0.0,0.0,0.572,0.572,0.9061355597173908,0.8028083777438797,1.0,0.9192645516381497,0.448,0.448,0.0,0.0,0.9026708931891616,0.7933867240500064,1.0,0.98200567374625,0.448,0.448,0.0,0.0,0.8986466146238723,0.8159758812796452,1.0,0.9686625797669175,0.3684,0.3684,0.0,0.0,0.9267271276866282,0.8917105183710479,1.0,0.8872284153768569,0.448,0.3684,0.0,0.0,0.9243493799197504,0.9414686866302093,1.0,0.934160512767368,0.448,0.3684,0.0,0.0,0.8911828540645084,0.949618564451553,1.0,0.8848392003133841,0.3684,0.448,0.0,0.0,0.924148889003795,0.9495625550467534,1.0,1.0,0.3684,0.448,0.0,0.0,0.7833202195395689,0.8838164138718998,1.0,0.905909410200557,0.448,0.448,0.0,0.0,0.546,0.546,0.8945771725959952,0.789397510953823,1.0,0.9245704508476208,0.448,0.448,0.0,0.0,0.8129515852017528,0.8790455177910419,1.0,0.9281645227679398,0.448,0.448,0.0,0.0,0.572,0.546,0.7909498777746656,0.9280343183336799,1.0,1.0,0.3684,0.448,0.0,0.0,0.8166486706462036,0.8526371441313083,1.0,1.0,0.448,0.448,0.0,0.0,0.9002626022198386,0.9108877725229965,1.0,0.9510871414629722,0.3684,0.448,0.0,0.0,0.8775133855804954,0.8867234862141632,1.0,0.9242922100544092,0.448,0.448,0.0,0.0
,22,1.0,0.8459426191602482,0.8735658433093121,0.7843553649822911,0.8034996491209018,0.7543645580603744,0.6933960003623448,0.0,1.0,0.8478226627323605,0.4483395679211047,0.9139766231907844,0.8731716319035314,0.8219168176511136,0.8890498164645462,0.9943273142861477,0.4033,0.7734260139458152,0.0,1.0,0.7373538990767529,0.43797770456031015,0.8165444407600919,0.8339656240679088,0.948707439578141,0.9454437132010398,0.8324415596428694,0.8037819860382689,0.9300475261627441,0.554,0.4033,0.7961508052318362,0.0,0.8483394434732403,0.42456071465873124,0.8683412627028639,0.8112695594236212,0.7680562383120789,0.8201062283247569,0.0,0.4087044873046927,0.8616630221284873,0.7314405082017208,1.0,0.40208037551350684,0.4033,0.0,0.7382977795519879,0.3741187759050496,0.8730896139440487,0.9292686531789803,0.8562890484695909,1.0,0.8529235294599729,0.0,1.0,0.7412960852801666,0.4550785288126563,0.8206689685713265,0.9281122001150913,0.9215461777260068,0.7931547740340205,0.9073209838927069,0.8968021931089003,1.0,0.4033,0.8053498497018172,0.0,1.0,0.7176705861291686,0.4305333273041402,0.8640744326713032,0.916717541719779,0.8303375778494242,0.8676574870443832,0.8166202818770312,0.7965139496894245,0.8917930299539097,0.4033,0.7558233717900527,0.0,1.0,0.847010175191031,0.44722281475242165,0.8313984627968516,0.8351590938430242,0.8792131995826922,0.8286565373172732,0.9901312731933852,0.4033,0.8303062533832888,0.0,1.0,0.7462317899838412,0.454397419599171,0.7436486010565597,0.8521747002993545,0.8244245791290237,0.9138027502580675,0.7396027644342784,0.9103984940857892,0.4033,0.7683935228825138,0.0,1.0,0.7662461120002932,0.9215308278448429,0.8221682445650607,0.7975502467413026,0.8690840612762973,0.5474,0.8534503780730378,0.0,1.0,0.9040945174068333,0.9018722185218769,0.8615217002665285,0.9241002617852545,0.8397667371822678,0.8768481110190238,0.4033,0.8410797061410796,0.0,1.0,0.8177949978268412,0.42056777688908387,0.8391546853261274,0.820730073316439,0.8081189932440934,0.8342199423395089,0.8245206556516952,0.4033,0.68740132655176,0.0,0.814084794648289,0.8582977347612052,0.0,1.0,0.7575938677789915,0.42820262411968313,0.9436641521641336,0.894505358162385,0.6924095706132185,0.0,0.8109136991223624,0.40591562052541397,0.7219240036508393,0.8488455875016077,0.8854560021532533,0.9344274920258654,1.0,0.3762,0.7449857371642874,0.0,0.4033,0.0,0.7663824151240535,0.9549310642105301,0.0,1.0,0.7574122333225713,0.37967698125561034,0.8006650649508595,0.8260597464516438,0.8327139646739891,0.8259317931834999,0.784552277745348,0.7759871619472627,0.9682706203073527,0.4033,0.8298038162878923,0.0,1.0,0.7779378276488756,0.3876854071784201,0.8191626129361684,0.7818098530899091,0.8377466404937647,0.8297484047431031,0.7588965854804619,0.7890251693317314,0.9492982696376603,0.4033,0.7247203329379661,0.0,0.8921416389268741,0.4176210296912536,0.814965795899973,0.899110710281688,0.8514582052058599,0.0,1.0,0.8060226325817051,0.43981598367775376,0.7540096800288976,0.7898419387229506,0.8756066153106632,0.9402772664080788,0.7629295529686289,0.8390967287827422,1.0,0.5474,0.6895931045062346,0.0,0.4121548547978009,0.8456167949859235,0.0,0.7708064907976908,0.0,1.0,0.3982035440363325,0.7807817808141284,0.840085128655618,0.3762,0.8449431656316745,0.0,0.8116537404990617,0.42423433755734175,0.8665669656377979,0.8450988943763862,0.0,0.0,0.0,0.0,0.0,0.0,0.0,0.0,0.0,0.0,0.0,0.0,0.0,0.0,0.0,0.0,0.0,0.0,0.0,0.0,0.0,0.0,0.0,0.0,0.0,0.0,0.0,0.8136621993304385,0.8267628606034342,1.0,1.0,0.4033,0.3762,0.0,0.0,0.554,0.554,0.8915544568651038,0.8938809161310939,1.0,1.0,0.3762,0.3762,0.0,0.0,0.554,0.5474,0.9664795293983448,0.8992782479673996,1.0,1.0,0.4033,0.4033,0.0,0.0,0.554,0.554,0.9254665161241841,0.928651951328705,1.0,0.88781053224932,0.4033,0.4033,0.0,0.0,0.8783971531988549,0.8655486602456266,1.0,0.9318627518038468,0.3762,0.3762,0.0,0.0,0.9669633971548233,0.8398749336658444,1.0,0.9269950621568397,0.3762,0.3762,0.0,0.0,0.9329959471874276,0.9491750528669363,1.0,0.9272136613222582,0.3762,0.0,0.0,0.554,0.5474,0.9386585390578545,0.8877358919740915,1.0,0.9649367511729067,0.3762,0.3762,0.0,0.0,0.5474,0.554,0.7858822200483535,0.8849499366250976,1.0,0.926936448068589,0.4033,0.4033,0.0,0.0,0.5474,0.5474,0.9174672191008751,0.7868972719053646,1.0,1.0,0.3762,0.4033,0.0,0.0,0.554,0.5474,0.9660855482655727,0.9413041487938698,1.0,0.9649022580230753,0.4033,0.4033,0.0,0.0,0.554,0.5474,0.8533546983900604,0.8954765481212362,1.0,0.8754938859552717,0.0,0.5474,0.5474,0.8442176885725632,0.9242484414283824,1.0,0.8736649748175308,0.3762,0.3762,0.0,0.0,0.5474,0.5474,0.9061355597173908,0.8028083777438797,1.0,0.9192645516381497,0.4033,0.4033,0.0,0.0,0.9026708931891616,0.7933867240500064,1.0,0.98200567374625,0.4033,0.4033,0.0,0.0,0.8986466146238723,0.8159758812796452,1.0,0.9686625797669175,0.3762,0.3762,0.0,0.0,0.9267271276866282,0.8917105183710479,1.0,0.8872284153768569,0.4033,0.3762,0.0,0.0,0.9243493799197504,0.9414686866302093,1.0,0.934160512767368,0.4033,0.3762,0.0,0.0,0.8911828540645084,0.949618564451553,1.0,0.8848392003133841,0.3762,0.4033,0.0,0.0,0.924148889003795,0.9495625550467534,1.0,1.0,0.3762,0.4033,0.0,0.0,0.7833202195395689,0.8838164138718998,1.0,0.905909410200557,0.4033,0.4033,0.0,0.0,0.554,0.554,0.8945771725959952,0.789397510953823,1.0,0.9245704508476208,0.4033,0.4033,0.0,0.0,0.8129515852017528,0.8790455177910419,1.0,0.9281645227679398,0.4033,0.4033,0.0,0.0,0.5474,0.554,0.7909498777746656,0.9280343183336799,1.0,1.0,0.3762,0.4033,0.0,0.0,0.8166486706462036,0.8526371441313083,1.0,1.0,0.4033,0.4033,0.0,0.0,0.9002626022198386,0.9108877725229965,1.0,0.9510871414629722,0.3762,0.4033,0.0,0.0,0.8775133855804954,0.8867234862141632,1.0,0.9242922100544092,0.4033,0.4033,0.0,0.0
,23,1.0,0.8459426191602482,0.8735658433093121,0.7843553649822911,0.8034996491209018,0.7543645580603744,0.6933960003623448,0.0,1.0,0.8478226627323605,0.4483395679211047,0.9139766231907844,0.8731716319035314,0.8219168176511136,0.8890498164645462,0.9943273142861477,0.3633,0.7734260139458152,0.0,1.0,0.7373538990767529,0.43797770456031015,0.8165444407600919,0.8339656240679088,0.948707439578141,0.9454437132010398,0.8324415596428694,0.8037819860382689,0.9300475261627441,0.575,0.3633,0.7961508052318362,0.0,0.8483394434732403,0.42456071465873124,0.8683412627028639,0.8112695594236212,0.7680562383120789,0.8201062283247569,0.0,0.4087044873046927,0.8616630221284873,0.7314405082017208,1.0,0.40208037551350684,0.3633,0.0,0.7382977795519879,0.3741187759050496,0.8730896139440487,0.9292686531789803,0.8562890484695909,1.0,0.8529235294599729,0.0,1.0,0.7412960852801666,0.4550785288126563,0.8206689685713265,0.9281122001150913,0.9215461777260068,0.7931547740340205,0.9073209838927069,0.8968021931089003,1.0,0.3633,0.8053498497018172,0.0,1.0,0.7176705861291686,0.4305333273041402,0.8640744326713032,0.916717541719779,0.8303375778494242,0.8676574870443832,0.8166202818770312,0.7965139496894245,0.8917930299539097,0.3633,0.7558233717900527,0.0,1.0,0.847010175191031,0.44722281475242165,0.8313984627968516,0.8351590938430242,0.8792131995826922,0.8286565373172732,0.9901312731933852,0.3633,0.8303062533832888,0.0,1.0,0.7462317899838412,0.454397419599171,0.7436486010565597,0.8521747002993545,0.8244245791290237,0.9138027502580675,0.7396027644342784,0.9103984940857892,0.3633,0.7683935228825138,0.0,1.0,0.7662461120002932,0.9215308278448429,0.8221682445650607,0.7975502467413026,0.8690840612762973,0.4858,0.8534503780730378,0.0,1.0,0.9040945174068333,0.9018722185218769,0.8615217002665285,0.9241002617852545,0.8397667371822678,0.8768481110190238,0.3633,0.8410797061410796,0.0,1.0,0.8177949978268412,0.42056777688908387,0.8391546853261274,0.820730073316439,0.8081189932440934,0.8342199423395089,0.8245206556516952,0.3633,0.68740132655176,0.0,0.814084794648289,0.8582977347612052,0.0,1.0,0.7575938677789915,0.42820262411968313,0.9436641521641336,0.894505358162385,0.6924095706132185,0.0,0.8109136991223624,0.40591562052541397,0.7219240036508393,0.8488455875016077,0.8854560021532533,0.9344274920258654,1.0,0.39,0.7449857371642874,0.0,0.3633,0.0,0.7663824151240535,0.9549310642105301,0.0,1.0,0.7574122333225713,0.37967698125561034,0.8006650649508595,0.8260597464516438,0.8327139646739891,0.8259317931834999,0.784552277745348,0.7759871619472627,0.9682706203073527,0.3633,0.8298038162878923,0.0,1.0,0.7779378276488756,0.3876854071784201,0.8191626129361684,0.7818098530899091,0.8377466404937647,0.8297484047431031,0.7588965854804619,0.7890251693317314,0.9492982696376603,0.3633,0.7247203329379661,0.0,0.8921416389268741,0.4176210296912536,0.814965795899973,0.899110710281688,0.8514582052058599,0.0,1.0,0.8060226325817051,0.43981598367775376,0.7540096800288976,0.7898419387229506,0.8756066153106632,0.9402772664080788,0.7629295529686289,0.8390967287827422,1.0,0.4858,0.6895931045062346,0.0,0.4121548547978009,0.8456167949859235,0.0,0.7708064907976908,0.0,1.0,0.3982035440363325,0.7807817808141284,0.840085128655618,0.39,0.8449431656316745,0.0,0.8116537404990617,0.42423433755734175,0.8665669656377979,0.8450988943763862,0.0,0.0,0.0,0.0,0.0,0.0,0.0,0.0,0.0,0.0,0.0,0.0,0.0,0.0,0.0,0.0,0.0,0.0,0.0,0.0,0.0,0.0,0.0,0.0,0.0,0.0,0.0,0.8136621993304385,0.8267628606034342,1.0,1.0,0.3633,0.39,0.0,0.0,0.575,0.575,0.8915544568651038,0.8938809161310939,1.0,1.0,0.39,0.39,0.0,0.0,0.575,0.4858,0.9664795293983448,0.8992782479673996,1.0,1.0,0.3633,0.3633,0.0,0.0,0.575,0.575,0.9254665161241841,0.928651951328705,1.0,0.88781053224932,0.3633,0.3633,0.0,0.0,0.8783971531988549,0.8655486602456266,1.0,0.9318627518038468,0.39,0.39,0.0,0.0,0.9669633971548233,0.8398749336658444,1.0,0.9269950621568397,0.39,0.39,0.0,0.0,0.9329959471874276,0.9491750528669363,1.0,0.9272136613222582,0.39,0.0,0.0,0.575,0.4858,0.9386585390578545,0.8877358919740915,1.0,0.9649367511729067,0.39,0.39,0.0,0.0,0.4858,0.575,0.7858822200483535,0.8849499366250976,1.0,0.926936448068589,0.3633,0.3633,0.0,0.0,0.4858,0.4858,0.9174672191008751,0.7868972719053646,1.0,1.0,0.39,0.3633,0.0,0.0,0.575,0.4858,0.9660855482655727,0.9413041487938698,1.0,0.9649022580230753,0.3633,0.3633,0.0,0.0,0.575,0.4858,0.8533546983900604,0.8954765481212362,1.0,0.8754938859552717,0.0,0.4858,0.4858,0.8442176885725632,0.9242484414283824,1.0,0.8736649748175308,0.39,0.39,0.0,0.0,0.4858,0.4858,0.9061355597173908,0.8028083777438797,1.0,0.9192645516381497,0.3633,0.3633,0.0,0.0,0.9026708931891616,0.7933867240500064,1.0,0.98200567374625,0.3633,0.3633,0.0,0.0,0.8986466146238723,0.8159758812796452,1.0,0.9686625797669175,0.39,0.39,0.0,0.0,0.9267271276866282,0.8917105183710479,1.0,0.8872284153768569,0.3633,0.39,0.0,0.0,0.9243493799197504,0.9414686866302093,1.0,0.934160512767368,0.3633,0.39,0.0,0.0,0.8911828540645084,0.949618564451553,1.0,0.8848392003133841,0.39,0.3633,0.0,0.0,0.924148889003795,0.9495625550467534,1.0,1.0,0.39,0.3633,0.0,0.0,0.7833202195395689,0.8838164138718998,1.0,0.905909410200557,0.3633,0.3633,0.0,0.0,0.575,0.575,0.8945771725959952,0.789397510953823,1.0,0.9245704508476208,0.3633,0.3633,0.0,0.0,0.8129515852017528,0.8790455177910419,1.0,0.9281645227679398,0.3633,0.3633,0.0,0.0,0.4858,0.575,0.7909498777746656,0.9280343183336799,1.0,1.0,0.39,0.3633,0.0,0.0,0.8166486706462036,0.8526371441313083,1.0,1.0,0.3633,0.3633,0.0,0.0,0.9002626022198386,0.9108877725229965,1.0,0.9510871414629722,0.39,0.3633,0.0,0.0,0.8775133855804954,0.8867234862141632,1.0,0.9242922100544092,0.3633,0.3633,0.0,0.0
,24,1.0,0.8006291214863401,0.9685371068140571,0.926124047476023,0.9178184636472917,0.8814632798857523,0.7901221604677504,0.0,1.0,0.8221899329875998,0.45164193909456385,0.8882315727005492,0.8838654923946525,0.9441440106786595,0.7465453344431165,0.877589300394256,0.4446,0.7751249781603952,0.0,1.0,0.8126784656686397,0.4389906248702284,0.8778881422545237,0.8920195422618429,0.9106483848119143,0.8511087657458336,0.9551390226742772,0.7715769316968965,0.8961125043392658,0.412,0.4446,0.7111177845631855,0.0,0.720982434912367,0.46870171071909295,0.8904004566072529,0.8333746855917803,0.809718979289634,0.7717880249430257,0.0,0.4213032265574845,0.8842327735853212,0.734981478217545,1.0,0.46002383576364764,0.8096,0.0,0.7627245935301945,0.3772604963889923,0.9561070504151368,0.7682367225595499,0.8218619413112949,1.0,0.7293886508578225,0.0,1.0,0.8843433065370178,0.4334641236677975,0.7282945148909816,0.7492444731207115,0.8710255253502404,0.8955691796542165,0.8628374037150341,0.7505862245594533,0.8724674258935813,0.4446,0.7534584761608079,0.0,1.0,0.9001148830323321,0.4470578645643719,0.746641475716619,0.7510248852317252,0.8993196693974375,0.7867944770007471,0.8264072683178505,0.8920526515155022,1.0,0.4446,0.8364529397119703,0.0,1.0,0.7318727435391681,0.4506526014377858,0.8825130056915306,0.8124616573961286,0.9085196223731953,0.8517352035665309,1.0,0.8096,0.7066113831022158,0.0,1.0,0.8400569154005615,0.40337864992073436,0.8513300183467652,0.8799523538434004,0.8919037432918514,0.8927218976988639,0.8190470124302229,1.0,0.4446,0.687730539363756,0.0,1.0,0.8287974750549925,0.9210214374229155,0.8060629215174968,0.9051248212367993,0.8715040481620984,0.412,0.7881745816510232,0.0,1.0,0.7164845267733579,0.7969690586701186,0.8879984769626369,0.8818981182608729,0.9155102721865316,0.9671169078794686,0.4446,0.705876143310734,0.0,1.0,0.810714195134491,0.4642792868546489,0.8448134239739123,0.847355631627609,0.8004930224873519,0.9530915555096227,0.7837032030978484,0.8096,0.7556815365719218,0.0,0.8483952962544629,0.7423176439884367,0.0,1.0,0.7366943305759144,0.40998956441342427,0.8393597908044031,0.789710289243097,0.7877272716445922,0.0,0.7467197853926466,0.3964391431392775,0.8716866702381987,0.8797842166738141,0.9388633622294047,0.8698720821440478,1.0,0.4446,0.728038794216923,0.0,0.8096,0.0,0.7466679102410408,0.8114499672957483,0.0,1.0,0.727045570686286,0.45623524410544497,0.8931131917059025,0.8947698261613555,0.796603056915889,0.9493911799295278,0.8326553842841133,0.7526485158127014,1.0,0.4446,0.6876545240737448,0.0,1.0,0.8173236837462844,0.37871244999248965,0.8713821088134286,0.7443847158035743,0.9105573811386789,0.9653406250173593,0.7814490907162916,0.7775980268168768,0.9713513847703659,0.4446,0.7359310929609806,0.0,0.7307006191371115,0.4337479278314447,0.8611827533002823,0.821416574183504,0.8555297029869107,0.0,1.0,0.8772041417576752,0.4351994795764186,0.7519450256160474,0.761317300714597,0.8982648138886904,0.830365846451375,0.7619005920885721,0.8998156778645671,0.9993151462119048,0.412,0.7711482144806634,0.0,0.38660713203205005,0.9409392663963717,0.0,0.7581538959889748,0.0,1.0,0.4667190164054136,0.7765842420177008,0.8258184741478791,0.8096,0.7614468624472919,0.0,0.7631368789612205,0.3739974383184684,0.8556231744966867,0.7708559444031216,0.0,0.0,0.0,0.0,0.0,0.0,0.0,0.0,0.0,0.0,0.0,0.0,0.0,0.0,0.0,0.0,0.0,0.0,0.0,0.0,0.0,0.0,0.0,0.0,0.0,0.0,0.0,0.8452743968421874,0.8288027935104463,1.0,0.9958832759626932,0.4446,0.4446,0.0,0.0,0.7417,0.412,0.894985008230484,0.9432474930244018,1.0,1.0,0.8096,0.4446,0.0,0.0,0.7417,0.412,0.7906780227488417,0.7806785225913442,1.0,0.9757319281192782,0.8096,0.4446,0.0,0.0,0.7417,0.7417,0.9068693912052802,0.9050490726561974,1.0,1.0,0.8096,0.8096,0.0,0.0,0.7790056403170814,0.9121948546787744,1.0,1.0,0.4446,0.8096,0.0,0.0,0.8898795764480163,0.8060876186780356,1.0,0.9508192778507416,0.8096,0.4446,0.0,0.0,0.8781825381230793,0.860951205647545,1.0,0.9626652303981487,0.4446,0.0,0.0,0.412,0.412,0.950249861688196,0.8533023934379633,1.0,0.9446623440684069,0.4446,0.4446,0.0,0.0,0.7417,0.412,0.8285355050663054,0.9453140177986731,1.0,1.0,0.4446,0.8096,0.0,0.0,0.412,0.412,0.843199529817766,0.9130423144585711,1.0,1.0,0.4446,0.4446,0.0,0.0,0.412,0.7417,0.8914964347367389,0.910928668968281,1.0,0.8865922972742386,0.4446,0.8096,0.0,0.0,0.412,0.412,0.8495398945221514,0.9045305218423018,1.0,0.9699317357570288,0.0,0.7417,0.7417,0.9094705144368986,0.7645154092950637,1.0,0.9819223753004337,0.8096,0.8096,0.0,0.0,0.412,0.412,0.7993114921167753,0.7919246094258421,1.0,0.8762559552625692,0.8096,0.4446,0.0,0.0,0.966367264005854,0.8701443478224136,1.0,0.9990984726786657,0.8096,0.4446,0.0,0.0,0.900737293080949,0.9263889183470568,1.0,0.8877988970882357,0.4446,0.8096,0.0,0.0,0.9329656981984346,0.8678564121013985,1.0,0.8919349813314724,0.4446,0.8096,0.0,0.0,0.8608057823620648,0.8216515024112392,1.0,1.0,0.4446,0.8096,0.0,0.0,0.8887234630073636,0.8033185404028385,1.0,0.8765181953221163,0.4446,0.4446,0.0,0.0,0.8213049384638286,0.9524080919868436,1.0,0.8867980260252565,0.4446,0.8096,0.0,0.0,0.913102942858367,0.9127370756460156,1.0,0.9660726635968313,0.8096,0.4446,0.0,0.0,0.412,0.7417,0.8825855526626993,0.7808287984533722,1.0,0.8992475186817336,0.8096,0.8096,0.0,0.0,0.9150640957762095,0.8953616619656127,1.0,1.0,0.8096,0.4446,0.0,0.0,0.412,0.7417,0.8439400455582979,0.9329630251353161,1.0,1.0,0.4446,0.4446,0.0,0.0,0.8121534834308128,0.8595398713746754,1.0,1.0,0.8096,0.4446,0.0,0.0,0.7778373016615029,0.8743683529776979,1.0,0.980613845521559,0.8096,0.4446,0.0,0.0,0.8852653593802225,0.9079974352997017,1.0,0.9495326259641159,0.8096,0.4446,0.0,0.0
,25,1.0,0.8006291214863401,0.9685371068140571,0.926124047476023,0.9178184636472917,0.8814632798857523,0.7901221604677504,0.0,1.0,0.8221899329875998,0.45164193909456385,0.8882315727005492,0.8838654923946525,0.9441440106786595,0.7465453344431165,0.877589300394256,0.42,0.7751249781603952,0.0,1.0,0.8126784656686397,0.4389906248702284,0.8778881422545237,0.8920195422618429,0.9106483848119143,0.8511087657458336,0.9551390226742772,0.7715769316968965,0.8961125043392658,0.407,0.42,0.7111177845631855,0.0,0.720982434912367,0.46870171071909295,0.8904004566072529,0.8333746855917803,0.809718979289634,0.7717880249430257,0.0,0.4213032265574845,0.8842327735853212,0.734981478217545,1.0,0.46002383576364764,0.8135,0.0,0.7627245935301945,0.3772604963889923,0.9561070504151368,0.7682367225595499,0.8218619413112949,1.0,0.7293886508578225,0.0,1.0,0.8843433065370178,0.4334641236677975,0.7282945148909816,0.7492444731207115,0.8710255253502404,0.8955691796542165,0.8628374037150341,0.7505862245594533,0.8724674258935813,0.42,0.7534584761608079,0.0,1.0,0.9001148830323321,0.4470578645643719,0.746641475716619,0.7510248852317252,0.8993196693974375,0.7867944770007471,0.8264072683178505,0.8920526515155022,1.0,0.42,0.8364529397119703,0.0,1.0,0.7318727435391681,0.4506526014377858,0.8825130056915306,0.8124616573961286,0.9085196223731953,0.8517352035665309,1.0,0.8135,0.7066113831022158,0.0,1.0,0.8400569154005615,0.40337864992073436,0.8513300183467652,0.8799523538434004,0.8919037432918514,0.8927218976988639,0.8190470124302229,1.0,0.42,0.687730539363756,0.0,1.0,0.8287974750549925,0.9210214374229155,0.8060629215174968,0.9051248212367993,0.8715040481620984,0.407,0.7881745816510232,0.0,1.0,0.7164845267733579,0.7969690586701186,0.8879984769626369,0.8818981182608729,0.9155102721865316,0.9671169078794686,0.42,0.705876143310734,0.0,1.0,0.810714195134491,0.4642792868546489,0.8448134239739123,0.847355631627609,0.8004930224873519,0.9530915555096227,0.7837032030978484,0.8135,0.7556815365719218,0.0,0.8483952962544629,0.7423176439884367,0.0,1.0,0.7366943305759144,0.40998956441342427,0.8393597908044031,0.789710289243097,0.7877272716445922,0.0,0.7467197853926466,0.3964391431392775,0.8716866702381987,0.8797842166738141,0.9388633622294047,0.8698720821440478,1.0,0.42,0.728038794216923,0.0,0.8135,0.0,0.7466679102410408,0.8114499672957483,0.0,1.0,0.727045570686286,0.45623524410544497,0.8931131917059025,0.8947698261613555,0.796603056915889,0.9493911799295278,0.8326553842841133,0.7526485158127014,1.0,0.42,0.6876545240737448,0.0,1.0,0.8173236837462844,0.37871244999248965,0.8713821088134286,0.7443847158035743,0.9105573811386789,0.9653406250173593,0.7814490907162916,0.7775980268168768,0.9713513847703659,0.42,0.7359310929609806,0.0,0.7307006191371115,0.4337479278314447,0.8611827533002823,0.821416574183504,0.8555297029869107,0.0,1.0,0.8772041417576752,0.4351994795764186,0.7519450256160474,0.761317300714597,0.8982648138886904,0.830365846451375,0.7619005920885721,0.8998156778645671,0.9993151462119048,0.407,0.7711482144806634,0.0,0.38660713203205005,0.9409392663963717,0.0,0.7581538959889748,0.0,1.0,0.4667190164054136,0.7765842420177008,0.8258184741478791,0.8135,0.7614468624472919,0.0,0.7631368789612205,0.3739974383184684,0.8556231744966867,0.7708559444031216,0.0,0.0,0.0,0.0,0.0,0.0,0.0,0.0,0.0,0.0,0.0,0.0,0.0,0.0,0.0,0.0,0.0,0.0,0.0,0.0,0.0,0.0,0.0,0.0,0.0,0.0,0.0,0.8452743968421874,0.8288027935104463,1.0,0.9958832759626932,0.42,0.42,0.0,0.0,0.723,0.407,0.894985008230484,0.9432474930244018,1.0,1.0,0.8135,0.42,0.0,0.0,0.723,0.407,0.7906780227488417,0.7806785225913442,1.0,0.9757319281192782,0.8135,0.42,0.0,0.0,0.723,0.723,0.9068693912052802,0.9050490726561974,1.0,1.0,0.8135,0.8135,0.0,0.0,0.7790056403170814,0.9121948546787744,1.0,1.0,0.42,0.8135,0.0,0.0,0.8898795764480163,0.8060876186780356,1.0,0.9508192778507416,0.8135,0.42,0.0,0.0,0.8781825381230793,0.860951205647545,1.0,0.9626652303981487,0.42,0.0,0.0,0.407,0.407,0.950249861688196,0.8533023934379633,1.0,0.9446623440684069,0.42,0.42,0.0,0.0,0.723,0.407,0.8285355050663054,0.9453140177986731,1.0,1.0,0.42,0.8135,0.0,0.0,0.407,0.407,0.843199529817766,0.9130423144585711,1.0,1.0,0.42,0.42,0.0,0.0,0.407,0.723,0.8914964347367389,0.910928668968281,1.0,0.8865922972742386,0.42,0.8135,0.0,0.0,0.407,0.407,0.8495398945221514,0.9045305218423018,1.0,0.9699317357570288,0.0,0.723,0.723,0.9094705144368986,0.7645154092950637,1.0,0.9819223753004337,0.8135,0.8135,0.0,0.0,0.407,0.407,0.7993114921167753,0.7919246094258421,1.0,0.8762559552625692,0.8135,0.42,0.0,0.0,0.966367264005854,0.8701443478224136,1.0,0.9990984726786657,0.8135,0.42,0.0,0.0,0.900737293080949,0.9263889183470568,1.0,0.8877988970882357,0.42,0.8135,0.0,0.0,0.9329656981984346,0.8678564121013985,1.0,0.8919349813314724,0.42,0.8135,0.0,0.0,0.8608057823620648,0.8216515024112392,1.0,1.0,0.42,0.8135,0.0,0.0,0.8887234630073636,0.8033185404028385,1.0,0.8765181953221163,0.42,0.42,0.0,0.0,0.8213049384638286,0.9524080919868436,1.0,0.8867980260252565,0.42,0.8135,0.0,0.0,0.913102942858367,0.9127370756460156,1.0,0.9660726635968313,0.8135,0.42,0.0,0.0,0.407,0.723,0.8825855526626993,0.7808287984533722,1.0,0.8992475186817336,0.8135,0.8135,0.0,0.0,0.9150640957762095,0.8953616619656127,1.0,1.0,0.8135,0.42,0.0,0.0,0.407,0.723,0.8439400455582979,0.9329630251353161,1.0,1.0,0.42,0.42,0.0,0.0,0.8121534834308128,0.8595398713746754,1.0,1.0,0.8135,0.42,0.0,0.0,0.7778373016615029,0.8743683529776979,1.0,0.980613845521559,0.8135,0.42,0.0,0.0,0.8852653593802225,0.9079974352997017,1.0,0.9495326259641159,0.8135,0.42,0.0,0.0
,26,1.0,0.8006291214863401,0.9685371068140571,0.926124047476023,0.9178184636472917,0.8814632798857523,0.7901221604677504,0.0,1.0,0.8221899329875998,0.45164193909456385,0.8882315727005492,0.8838654923946525,0.9441440106786595,0.7465453344431165,0.877589300394256,0.4016,0.7751249781603952,0.0,1.0,0.8126784656686397,0.4389906248702284,0.8778881422545237,0.8920195422618429,0.9106483848119143,0.8511087657458336,0.9551390226742772,0.7715769316968965,0.8961125043392658,0.4133,0.4016,0.7111177845631855,0.0,0.720982434912367,0.46870171071909295,0.8904004566072529,0.8333746855917803,0.809718979289634,0.7717880249430257,0.0,0.4213032265574845,0.8842327735853212,0.734981478217545,1.0,0.46002383576364764,0.812,0.0,0.7627245935301945,0.3772604963889923,0.9561070504151368,0.7682367225595499,0.8218619413112949,1.0,0.7293886508578225,0.0,1.0,0.8843433065370178,0.4334641236677975,0.7282945148909816,0.7492444731207115,0.8710255253502404,0.8955691796542165,0.8628374037150341,0.7505862245594533,0.8724674258935813,0.4016,0.7534584761608079,0.0,1.0,0.9001148830323321,0.4470578645643719,0.746641475716619,0.7510248852317252,0.8993196693974375,0.7867944770007471,0.8264072683178505,0.8920526515155022,1.0,0.4016,0.8364529397119703,0.0,1.0,0.7318727435391681,0.4506526014377858,0.8825130056915306,0.8124616573961286,0.9085196223731953,0.8517352035665309,1.0,0.812,0.7066113831022158,0.0,1.0,0.8400569154005615,0.40337864992073436,0.8513300183467652,0.8799523538434004,0.8919037432918514,0.8927218976988639,0.8190470124302229,1.0,0.4016,0.687730539363756,0.0,1.0,0.8287974750549925,0.9210214374229155,0.8060629215174968,0.9051248212367993,0.8715040481620984,0.4133,0.7881745816510232,0.0,1.0,0.7164845267733579,0.7969690586701186,0.8879984769626369,0.8818981182608729,0.9155102721865316,0.9671169078794686,0.4016,0.705876143310734,0.0,1.0,0.810714195134491,0.4642792868546489,0.8448134239739123,0.847355631627609,0.8004930224873519,0.9530915555096227,0.7837032030978484,0.812,0.7556815365719218,0.0,0.8483952962544629,0.7423176439884367,0.0,1.0,0.7366943305759144,0.40998956441342427,0.8393597908044031,0.789710289243097,0.7877272716445922,0.0,0.7467197853926466,0.3964391431392775,0.8716866702381987,0.8797842166738141,0.9388633622294047,0.8698720821440478,1.0,0.4016,0.728038794216923,0.0,0.812,0.0,0.7466679102410408,0.8114499672957483,0.0,1.0,0.727045570686286,0.45623524410544497,0.8931131917059025,0.8947698261613555,0.796603056915889,0.9493911799295278,0.8326553842841133,0.7526485158127014,1.0,0.4016,0.6876545240737448,0.0,1.0,0.8173236837462844,0.37871244999248965,0.8713821088134286,0.7443847158035743,0.9105573811386789,0.9653406250173593,0.7814490907162916,0.7775980268168768,0.9713513847703659,0.4016,0.7359310929609806,0.0,0.7307006191371115,0.4337479278314447,0.8611827533002823,0.821416574183504,0.8555297029869107,0.0,1.0,0.8772041417576752,0.4351994795764186,0.7519450256160474,0.761317300714597,0.8982648138886904,0.830365846451375,0.7619005920885721,0.8998156778645671,0.9993151462119048,0.4133,0.7711482144806634,0.0,0.38660713203205005,0.9409392663963717,0.0,0.7581538959889748,0.0,1.0,0.4667190164054136,0.7765842420177008,0.8258184741478791,0.812,0.7614468624472919,0.0,0.7631368789612205,0.3739974383184684,0.8556231744966867,0.7708559444031216,0.0,0.0,0.0,0.0,0.0,0.0,0.0,0.0,0.0,0.0,0.0,0.0,0.0,0.0,0.0,0.0,0.0,0.0,0.0,0.0,0.0,0.0,0.0,0.0,0.0,0.0,0.0,0.8452743968421874,0.8288027935104463,1.0,0.9958832759626932,0.4016,0.4016,0.0,0.0,0.7256,0.4133,0.894985008230484,0.9432474930244018,1.0,1.0,0.812,0.4016,0.0,0.0,0.7256,0.4133,0.7906780227488417,0.7806785225913442,1.0,0.9757319281192782,0.812,0.4016,0.0,0.0,0.7256,0.7256,0.9068693912052802,0.9050490726561974,1.0,1.0,0.812,0.812,0.0,0.0,0.7790056403170814,0.9121948546787744,1.0,1.0,0.4016,0.812,0.0,0.0,0.8898795764480163,0.8060876186780356,1.0,0.9508192778507416,0.812,0.4016,0.0,0.0,0.8781825381230793,0.860951205647545,1.0,0.9626652303981487,0.4016,0.0,0.0,0.4133,0.4133,0.950249861688196,0.8533023934379633,1.0,0.9446623440684069,0.4016,0.4016,0.0,0.0,0.7256,0.4133,0.8285355050663054,0.9453140177986731,1.0,1.0,0.4016,0.812,0.0,0.0,0.4133,0.4133,0.843199529817766,0.9130423144585711,1.0,1.0,0.4016,0.4016,0.0,0.0,0.4133,0.7256,0.8914964347367389,0.910928668968281,1.0,0.8865922972742386,0.4016,0.812,0.0,0.0,0.4133,0.4133,0.8495398945221514,0.9045305218423018,1.0,0.9699317357570288,0.0,0.7256,0.7256,0.9094705144368986,0.7645154092950637,1.0,0.9819223753004337,0.812,0.812,0.0,0.0,0.4133,0.4133,0.7993114921167753,0.7919246094258421,1.0,0.8762559552625692,0.812,0.4016,0.0,0.0,0.966367264005854,0.8701443478224136,1.0,0.9990984726786657,0.812,0.4016,0.0,0.0,0.900737293080949,0.9263889183470568,1.0,0.8877988970882357,0.4016,0.812,0.0,0.0,0.9329656981984346,0.8678564121013985,1.0,0.8919349813314724,0.4016,0.812,0.0,0.0,0.8608057823620648,0.8216515024112392,1.0,1.0,0.4016,0.812,0.0,0.0,0.8887234630073636,0.8033185404028385,1.0,0.8765181953221163,0.4016,0.4016,0.0,0.0,0.8213049384638286,0.9524080919868436,1.0,0.8867980260252565,0.4016,0.812,0.0,0.0,0.913102942858367,0.9127370756460156,1.0,0.9660726635968313,0.812,0.4016,0.0,0.0,0.4133,0.7256,0.8825855526626993,0.7808287984533722,1.0,0.8992475186817336,0.812,0.812,0.0,0.0,0.9150640957762095,0.8953616619656127,1.0,1.0,0.812,0.4016,0.0,0.0,0.4133,0.7256,0.8439400455582979,0.9329630251353161,1.0,1.0,0.4016,0.4016,0.0,0.0,0.8121534834308128,0.8595398713746754,1.0,1.0,0.812,0.4016,0.0,0.0,0.7778373016615029,0.8743683529776979,1.0,0.980613845521559,0.812,0.4016,0.0,0.0,0.8852653593802225,0.9079974352997017,1.0,0.9495326259641159,0.812,0.4016,0.0,0.0
,27,1.0,0.8006291214863401,0.9685371068140571,0.926124047476023,0.9178184636472917,0.8814632798857523,0.7901221604677504,0.0,1.0,0.8221899329875998,0.45164193909456385,0.8882315727005492,0.8838654923946525,0.9441440106786595,0.7465453344431165,0.877589300394256,0.3923,0.7751249781603952,0.0,1.0,0.8126784656686397,0.4389906248702284,0.8778881422545237,0.8920195422618429,0.9106483848119143,0.8511087657458336,0.9551390226742772,0.7715769316968965,0.8961125043392658,0.4453,0.3923,0.7111177845631855,0.0,0.720982434912367,0.46870171071909295,0.8904004566072529,0.8333746855917803,0.809718979289634,0.7717880249430257,0.0,0.4213032265574845,0.8842327735853212,0.734981478217545,1.0,0.46002383576364764,0.801,0.0,0.7627245935301945,0.3772604963889923,0.9561070504151368,0.7682367225595499,0.8218619413112949,1.0,0.7293886508578225,0.0,1.0,0.8843433065370178,0.4334641236677975,0.7282945148909816,0.7492444731207115,0.8710255253502404,0.8955691796542165,0.8628374037150341,0.7505862245594533,0.8724674258935813,0.3923,0.7534584761608079,0.0,1.0,0.9001148830323321,0.4470578645643719,0.746641475716619,0.7510248852317252,0.8993196693974375,0.7867944770007471,0.8264072683178505,0.8920526515155022,1.0,0.3923,0.8364529397119703,0.0,1.0,0.7318727435391681,0.4506526014377858,0.8825130056915306,0.8124616573961286,0.9085196223731953,0.8517352035665309,1.0,0.801,0.7066113831022158,0.0,1.0,0.8400569154005615,0.40337864992073436,0.8513300183467652,0.8799523538434004,0.8919037432918514,0.8927218976988639,0.8190470124302229,1.0,0.3923,0.687730539363756,0.0,1.0,0.8287974750549925,0.9210214374229155,0.8060629215174968,0.9051248212367993,0.8715040481620984,0.4453,0.7881745816510232,0.0,1.0,0.7164845267733579,0.7969690586701186,0.8879984769626369,0.8818981182608729,0.9155102721865316,0.9671169078794686,0.3923,0.705876143310734,0.0,1.0,0.810714195134491,0.4642792868546489,0.8448134239739123,0.847355631627609,0.8004930224873519,0.9530915555096227,0.7837032030978484,0.801,0.7556815365719218,0.0,0.8483952962544629,0.7423176439884367,0.0,1.0,0.7366943305759144,0.40998956441342427,0.8393597908044031,0.789710289243097,0.7877272716445922,0.0,0.7467197853926466,0.3964391431392775,0.8716866702381987,0.8797842166738141,0.9388633622294047,0.8698720821440478,1.0,0.3923,0.728038794216923,0.0,0.801,0.0,0.7466679102410408,0.8114499672957483,0.0,1.0,0.727045570686286,0.45623524410544497,0.8931131917059025,0.8947698261613555,0.796603056915889,0.9493911799295278,0.8326553842841133,0.7526485158127014,1.0,0.3923,0.6876545240737448,0.0,1.0,0.8173236837462844,0.37871244999248965,0.8713821088134286,0.7443847158035743,0.9105573811386789,0.9653406250173593,0.7814490907162916,0.7775980268168768,0.9713513847703659,0.3923,0.7359310929609806,0.0,0.7307006191371115,0.4337479278314447,0.8611827533002823,0.821416574183504,0.8555297029869107,0.0,1.0,0.8772041417576752,0.4351994795764186,0.7519450256160474,0.761317300714597,0.8982648138886904,0.830365846451375,0.7619005920885721,0.8998156778645671,0.9993151462119048,0.4453,0.7711482144806634,0.0,0.38660713203205005,0.9409392663963717,0.0,0.7581538959889748,0.0,1.0,0.4667190164054136,0.7765842420177008,0.8258184741478791,0.801,0.7614468624472919,0.0,0.7631368789612205,0.3739974383184684,0.8556231744966867,0.7708559444031216,0.0,0.0,0.0,0.0,0.0,0.0,0.0,0.0,0.0,0.0,0.0,0.0,0.0,0.0,0.0,0.0,0.0,0.0,0.0,0.0,0.0,0.0,0.0,0.0,0.0,0.0,0.0,0.8452743968421874,0.8288027935104463,1.0,0.9958832759626932,0.3923,0.3923,0.0,0.0,0.7134,0.4453,0.894985008230484,0.9432474930244018,1.0,1.0,0.801,0.3923,0.0,0.0,0.7134,0.4453,0.7906780227488417,0.7806785225913442,1.0,0.9757319281192782,0.801,0.3923,0.0,0.0,0.7134,0.7134,0.9068693912052802,0.9050490726561974,1.0,1.0,0.801,0.801,0.0,0.0,0.7790056403170814,0.9121948546787744,1.0,1.0,0.3923,0.801,0.0,0.0,0.8898795764480163,0.8060876186780356,1.0,0.9508192778507416,0.801,0.3923,0.0,0.0,0.8781825381230793,0.860951205647545,1.0,0.9626652303981487,0.3923,0.0,0.0,0.4453,0.4453,0.950249861688196,0.8533023934379633,1.0,0.9446623440684069,0.3923,0.3923,0.0,0.0,0.7134,0.4453,0.8285355050663054,0.9453140177986731,1.0,1.0,0.3923,0.801,0.0,0.0,0.4453,0.4453,0.843199529817766,0.9130423144585711,1.0,1.0,0.3923,0.3923,0.0,0.0,0.4453,0.7134,0.8914964347367389,0.910928668968281,1.0,0.8865922972742386,0.3923,0.801,0.0,0.0,0.4453,0.4453,0.8495398945221514,0.9045305218423018,1.0,0.9699317357570288,0.0,0.7134,0.7134,0.9094705144368986,0.7645154092950637,1.0,0.9819223753004337,0.801,0.801,0.0,0.0,0.4453,0.4453,0.7993114921167753,0.7919246094258421,1.0,0.8762559552625692,0.801,0.3923,0.0,0.0,0.966367264005854,0.8701443478224136,1.0,0.9990984726786657,0.801,0.3923,0.0,0.0,0.900737293080949,0.9263889183470568,1.0,0.8877988970882357,0.3923,0.801,0.0,0.0,0.9329656981984346,0.8678564121013985,1.0,0.8919349813314724,0.3923,0.801,0.0,0.0,0.8608057823620648,0.8216515024112392,1.0,1.0,0.3923,0.801,0.0,0.0,0.8887234630073636,0.8033185404028385,1.0,0.8765181953221163,0.3923,0.3923,0.0,0.0,0.8213049384638286,0.9524080919868436,1.0,0.8867980260252565,0.3923,0.801,0.0,0.0,0.913102942858367,0.9127370756460156,1.0,0.9660726635968313,0.801,0.3923,0.0,0.0,0.4453,0.7134,0.8825855526626993,0.7808287984533722,1.0,0.8992475186817336,0.801,0.801,0.0,0.0,0.9150640957762095,0.8953616619656127,1.0,1.0,0.801,0.3923,0.0,0.0,0.4453,0.7134,0.8439400455582979,0.9329630251353161,1.0,1.0,0.3923,0.3923,0.0,0.0,0.8121534834308128,0.8595398713746754,1.0,1.0,0.801,0.3923,0.0,0.0,0.7778373016615029,0.8743683529776979,1.0,0.980613845521559,0.801,0.3923,0.0,0.0,0.8852653593802225,0.9079974352997017,1.0,0.9495326259641159,0.801,0.3923,0.0,0.0
,28,1.0,0.8006291214863401,0.9685371068140571,0.926124047476023,0.9178184636472917,0.8814632798857523,0.7901221604677504,0.0,1.0,0.8221899329875998,0.45164193909456385,0.8882315727005492,0.8838654923946525,0.9441440106786595,0.7465453344431165,0.877589300394256,0.384,0.7751249781603952,0.0,1.0,0.8126784656686397,0.4389906248702284,0.8778881422545237,0.8920195422618429,0.9106483848119143,0.8511087657458336,0.9551390226742772,0.7715769316968965,0.8961125043392658,0.4714,0.384,0.7111177845631855,0.0,0.720982434912367,0.46870171071909295,0.8904004566072529,0.8333746855917803,0.809718979289634,0.7717880249430257,0.0,0.4213032265574845,0.8842327735853212,0.734981478217545,1.0,0.46002383576364764,0.7793,0.0,0.7627245935301945,0.3772604963889923,0.9561070504151368,0.7682367225595499,0.8218619413112949,1.0,0.7293886508578225,0.0,1.0,0.8843433065370178,0.4334641236677975,0.7282945148909816,0.7492444731207115,0.8710255253502404,0.8955691796542165,0.8628374037150341,0.7505862245594533,0.8724674258935813,0.384,0.7534584761608079,0.0,1.0,0.9001148830323321,0.4470578645643719,0.746641475716619,0.7510248852317252,0.8993196693974375,0.7867944770007471,0.8264072683178505,0.8920526515155022,1.0,0.384,0.8364529397119703,0.0,1.0,0.7318727435391681,0.4506526014377858,0.8825130056915306,0.8124616573961286,0.9085196223731953,0.8517352035665309,1.0,0.7793,0.7066113831022158,0.0,1.0,0.8400569154005615,0.40337864992073436,0.8513300183467652,0.8799523538434004,0.8919037432918514,0.8927218976988639,0.8190470124302229,1.0,0.384,0.687730539363756,0.0,1.0,0.8287974750549925,0.9210214374229155,0.8060629215174968,0.9051248212367993,0.8715040481620984,0.4714,0.7881745816510232,0.0,1.0,0.7164845267733579,0.7969690586701186,0.8879984769626369,0.8818981182608729,0.9155102721865316,0.9671169078794686,0.384,0.705876143310734,0.0,1.0,0.810714195134491,0.4642792868546489,0.8448134239739123,0.847355631627609,0.8004930224873519,0.9530915555096227,0.7837032030978484,0.7793,0.7556815365719218,0.0,0.8483952962544629,0.7423176439884367,0.0,1.0,0.7366943305759144,0.40998956441342427,0.8393597908044031,0.789710289243097,0.7877272716445922,0.0,0.7467197853926466,0.3964391431392775,0.8716866702381987,0.8797842166738141,0.9388633622294047,0.8698720821440478,1.0,0.384,0.728038794216923,0.0,0.7793,0.0,0.7466679102410408,0.8114499672957483,0.0,1.0,0.727045570686286,0.45623524410544497,0.8931131917059025,0.8947698261613555,0.796603056915889,0.9493911799295278,0.8326553842841133,0.7526485158127014,1.0,0.384,0.6876545240737448,0.0,1.0,0.8173236837462844,0.37871244999248965,0.8713821088134286,0.7443847158035743,0.9105573811386789,0.9653406250173593,0.7814490907162916,0.7775980268168768,0.9713513847703659,0.384,0.7359310929609806,0.0,0.7307006191371115,0.4337479278314447,0.8611827533002823,0.821416574183504,0.8555297029869107,0.0,1.0,0.8772041417576752,0.4351994795764186,0.7519450256160474,0.761317300714597,0.8982648138886904,0.830365846451375,0.7619005920885721,0.8998156778645671,0.9993151462119048,0.4714,0.7711482144806634,0.0,0.38660713203205005,0.9409392663963717,0.0,0.7581538959889748,0.0,1.0,0.4667190164054136,0.7765842420177008,0.8258184741478791,0.7793,0.7614468624472919,0.0,0.7631368789612205,0.3739974383184684,0.8556231744966867,0.7708559444031216,0.0,0.0,0.0,0.0,0.0,0.0,0.0,0.0,0.0,0.0,0.0,0.0,0.0,0.0,0.0,0.0,0.0,0.0,0.0,0.0,0.0,0.0,0.0,0.0,0.0,0.0,0.0,0.8452743968421874,0.8288027935104463,1.0,0.9958832759626932,0.384,0.384,0.0,0.0,0.702,0.4714,0.894985008230484,0.9432474930244018,1.0,1.0,0.7793,0.384,0.0,0.0,0.702,0.4714,0.7906780227488417,0.7806785225913442,1.0,0.9757319281192782,0.7793,0.384,0.0,0.0,0.702,0.702,0.9068693912052802,0.9050490726561974,1.0,1.0,0.7793,0.7793,0.0,0.0,0.7790056403170814,0.9121948546787744,1.0,1.0,0.384,0.7793,0.0,0.0,0.8898795764480163,0.8060876186780356,1.0,0.9508192778507416,0.7793,0.384,0.0,0.0,0.8781825381230793,0.860951205647545,1.0,0.9626652303981487,0.384,0.0,0.0,0.4714,0.4714,0.950249861688196,0.8533023934379633,1.0,0.9446623440684069,0.384,0.384,0.0,0.0,0.702,0.4714,0.8285355050663054,0.9453140177986731,1.0,1.0,0.384,0.7793,0.0,0.0,0.4714,0.4714,0.843199529817766,0.9130423144585711,1.0,1.0,0.384,0.384,0.0,0.0,0.4714,0.702,0.8914964347367389,0.910928668968281,1.0,0.8865922972742386,0.384,0.7793,0.0,0.0,0.4714,0.4714,0.8495398945221514,0.9045305218423018,1.0,0.9699317357570288,0.0,0.702,0.702,0.9094705144368986,0.7645154092950637,1.0,0.9819223753004337,0.7793,0.7793,0.0,0.0,0.4714,0.4714,0.7993114921167753,0.7919246094258421,1.0,0.8762559552625692,0.7793,0.384,0.0,0.0,0.966367264005854,0.8701443478224136,1.0,0.9990984726786657,0.7793,0.384,0.0,0.0,0.900737293080949,0.9263889183470568,1.0,0.8877988970882357,0.384,0.7793,0.0,0.0,0.9329656981984346,0.8678564121013985,1.0,0.8919349813314724,0.384,0.7793,0.0,0.0,0.8608057823620648,0.8216515024112392,1.0,1.0,0.384,0.7793,0.0,0.0,0.8887234630073636,0.8033185404028385,1.0,0.8765181953221163,0.384,0.384,0.0,0.0,0.8213049384638286,0.9524080919868436,1.0,0.8867980260252565,0.384,0.7793,0.0,0.0,0.913102942858367,0.9127370756460156,1.0,0.9660726635968313,0.7793,0.384,0.0,0.0,0.4714,0.702,0.8825855526626993,0.7808287984533722,1.0,0.8992475186817336,0.7793,0.7793,0.0,0.0,0.9150640957762095,0.8953616619656127,1.0,1.0,0.7793,0.384,0.0,0.0,0.4714,0.702,0.8439400455582979,0.9329630251353161,1.0,1.0,0.384,0.384,0.0,0.0,0.8121534834308128,0.8595398713746754,1.0,1.0,0.7793,0.384,0.0,0.0,0.7778373016615029,0.8743683529776979,1.0,0.980613845521559,0.7793,0.384,0.0,0.0,0.8852653593802225,0.9079974352997017,1.0,0.9495326259641159,0.7793,0.384,0.0,0.0
,29,1.0,0.8006291214863401,0.9685371068140571,0.926124047476023,0.9178184636472917,0.8814632798857523,0.7901221604677504,0.0,1.0,0.8221899329875998,0.45164193909456385,0.8882315727005492,0.8838654923946525,0.9441440106786595,0.7465453344431165,0.877589300394256,0.3752,0.7751249781603952,0.0,1.0,0.8126784656686397,0.4389906248702284,0.8778881422545237,0.8920195422618429,0.9106483848119143,0.8511087657458336,0.9551390226742772,0.7715769316968965,0.8961125043392658,0.4856,0.3752,0.7111177845631855,0.0,0.720982434912367,0.46870171071909295,0.8904004566072529,0.8333746855917803,0.809718979289634,0.7717880249430257,0.0,0.4213032265574845,0.8842327735853212,0.734981478217545,1.0,0.46002383576364764,0.7573,0.0,0.7627245935301945,0.3772604963889923,0.9561070504151368,0.7682367225595499,0.8218619413112949,1.0,0.7293886508578225,0.0,1.0,0.8843433065370178,0.4334641236677975,0.7282945148909816,0.7492444731207115,0.8710255253502404,0.8955691796542165,0.8628374037150341,0.7505862245594533,0.8724674258935813,0.3752,0.7534584761608079,0.0,1.0,0.9001148830323321,0.4470578645643719,0.746641475716619,0.7510248852317252,0.8993196693974375,0.7867944770007471,0.8264072683178505,0.8920526515155022,1.0,0.3752,0.8364529397119703,0.0,1.0,0.7318727435391681,0.4506526014377858,0.8825130056915306,0.8124616573961286,0.9085196223731953,0.8517352035665309,1.0,0.7573,0.7066113831022158,0.0,1.0,0.8400569154005615,0.40337864992073436,0.8513300183467652,0.8799523538434004,0.8919037432918514,0.8927218976988639,0.8190470124302229,1.0,0.3752,0.687730539363756,0.0,1.0,0.8287974750549925,0.9210214374229155,0.8060629215174968,0.9051248212367993,0.8715040481620984,0.4856,0.7881745816510232,0.0,1.0,0.7164845267733579,0.7969690586701186,0.8879984769626369,0.8818981182608729,0.9155102721865316,0.9671169078794686,0.3752,0.705876143310734,0.0,1.0,0.810714195134491,0.4642792868546489,0.8448134239739123,0.847355631627609,0.8004930224873519,0.9530915555096227,0.7837032030978484,0.7573,0.7556815365719218,0.0,0.8483952962544629,0.7423176439884367,0.0,1.0,0.7366943305759144,0.40998956441342427,0.8393597908044031,0.789710289243097,0.7877272716445922,0.0,0.7467197853926466,0.3964391431392775,0.8716866702381987,0.8797842166738141,0.9388633622294047,0.8698720821440478,1.0,0.3752,0.728038794216923,0.0,0.7573,0.0,0.7466679102410408,0.8114499672957483,0.0,1.0,0.727045570686286,0.45623524410544497,0.8931131917059025,0.8947698261613555,0.796603056915889,0.9493911799295278,0.8326553842841133,0.7526485158127014,1.0,0.3752,0.6876545240737448,0.0,1.0,0.8173236837462844,0.37871244999248965,0.8713821088134286,0.7443847158035743,0.9105573811386789,0.9653406250173593,0.7814490907162916,0.7775980268168768,0.9713513847703659,0.3752,0.7359310929609806,0.0,0.7307006191371115,0.4337479278314447,0.8611827533002823,0.821416574183504,0.8555297029869107,0.0,1.0,0.8772041417576752,0.4351994795764186,0.7519450256160474,0.761317300714597,0.8982648138886904,0.830365846451375,0.7619005920885721,0.8998156778645671,0.9993151462119048,0.4856,0.7711482144806634,0.0,0.38660713203205005,0.9409392663963717,0.0,0.7581538959889748,0.0,1.0,0.4667190164054136,0.7765842420177008,0.8258184741478791,0.7573,0.7614468624472919,0.0,0.7631368789612205,0.3739974383184684,0.8556231744966867,0.7708559444031216,0.0,0.0,0.0,0.0,0.0,0.0,0.0,0.0,0.0,0.0,0.0,0.0,0.0,0.0,0.0,0.0,0.0,0.0,0.0,0.0,0.0,0.0,0.0,0.0,0.0,0.0,0.0,0.8452743968421874,0.8288027935104463,1.0,0.9958832759626932,0.3752,0.3752,0.0,0.0,0.699,0.4856,0.894985008230484,0.9432474930244018,1.0,1.0,0.7573,0.3752,0.0,0.0,0.699,0.4856,0.7906780227488417,0.7806785225913442,1.0,0.9757319281192782,0.7573,0.3752,0.0,0.0,0.699,0.699,0.9068693912052802,0.9050490726561974,1.0,1.0,0.7573,0.7573,0.0,0.0,0.7790056403170814,0.9121948546787744,1.0,1.0,0.3752,0.7573,0.0,0.0,0.8898795764480163,0.8060876186780356,1.0,0.9508192778507416,0.7573,0.3752,0.0,0.0,0.8781825381230793,0.860951205647545,1.0,0.9626652303981487,0.3752,0.0,0.0,0.4856,0.4856,0.950249861688196,0.8533023934379633,1.0,0.9446623440684069,0.3752,0.3752,0.0,0.0,0.699,0.4856,0.8285355050663054,0.9453140177986731,1.0,1.0,0.3752,0.7573,0.0,0.0,0.4856,0.4856,0.843199529817766,0.9130423144585711,1.0,1.0,0.3752,0.3752,0.0,0.0,0.4856,0.699,0.8914964347367389,0.910928668968281,1.0,0.8865922972742386,0.3752,0.7573,0.0,0.0,0.4856,0.4856,0.8495398945221514,0.9045305218423018,1.0,0.9699317357570288,0.0,0.699,0.699,0.9094705144368986,0.7645154092950637,1.0,0.9819223753004337,0.7573,0.7573,0.0,0.0,0.4856,0.4856,0.7993114921167753,0.7919246094258421,1.0,0.8762559552625692,0.7573,0.3752,0.0,0.0,0.966367264005854,0.8701443478224136,1.0,0.9990984726786657,0.7573,0.3752,0.0,0.0,0.900737293080949,0.9263889183470568,1.0,0.8877988970882357,0.3752,0.7573,0.0,0.0,0.9329656981984346,0.8678564121013985,1.0,0.8919349813314724,0.3752,0.7573,0.0,0.0,0.8608057823620648,0.8216515024112392,1.0,1.0,0.3752,0.7573,0.0,0.0,0.8887234630073636,0.8033185404028385,1.0,0.8765181953221163,0.3752,0.3752,0.0,0.0,0.8213049384638286,0.9524080919868436,1.0,0.8867980260252565,0.3752,0.7573,0.0,0.0,0.913102942858367,0.9127370756460156,1.0,0.9660726635968313,0.7573,0.3752,0.0,0.0,0.4856,0.699,0.8825855526626993,0.7808287984533722,1.0,0.8992475186817336,0.7573,0.7573,0.0,0.0,0.9150640957762095,0.8953616619656127,1.0,1.0,0.7573,0.3752,0.0,0.0,0.4856,0.699,0.8439400455582979,0.9329630251353161,1.0,1.0,0.3752,0.3752,0.0,0.0,0.8121534834308128,0.8595398713746754,1.0,1.0,0.7573,0.3752,0.0,0.0,0.7778373016615029,0.8743683529776979,1.0,0.980613845521559,0.7573,0.3752,0.0,0.0,0.8852653593802225,0.9079974352997017,1.0,0.9495326259641159,0.7573,0.3752,0.0,0.0
,30,1.0,0.8006291214863401,0.9685371068140571,0.926124047476023,0.9178184636472917,0.8814632798857523,0.7901221604677504,0.0,1.0,0.8221899329875998,0.45164193909456385,0.8882315727005492,0.8838654923946525,0.9441440106786595,0.7465453344431165,0.877589300394256,0.3691,0.7751249781603952,0.0,1.0,0.8126784656686397,0.4389906248702284,0.8778881422545237,0.8920195422618429,0.9106483848119143,0.8511087657458336,0.9551390226742772,0.7715769316968965,0.8961125043392658,0.487,0.3691,0.7111177845631855,0.0,0.720982434912367,0.46870171071909295,0.8904004566072529,0.8333746855917803,0.809718979289634,0.7717880249430257,0.0,0.4213032265574845,0.8842327735853212,0.734981478217545,1.0,0.46002383576364764,0.734,0.0,0.7627245935301945,0.3772604963889923,0.9561070504151368,0.7682367225595499,0.8218619413112949,1.0,0.7293886508578225,0.0,1.0,0.8843433065370178,0.4334641236677975,0.7282945148909816,0.7492444731207115,0.8710255253502404,0.8955691796542165,0.8628374037150341,0.7505862245594533,0.8724674258935813,0.3691,0.7534584761608079,0.0,1.0,0.9001148830323321,0.4470578645643719,0.746641475716619,0.7510248852317252,0.8993196693974375,0.7867944770007471,0.8264072683178505,0.8920526515155022,1.0,0.3691,0.8364529397119703,0.0,1.0,0.7318727435391681,0.4506526014377858,0.8825130056915306,0.8124616573961286,0.9085196223731953,0.8517352035665309,1.0,0.734,0.7066113831022158,0.0,1.0,0.8400569154005615,0.40337864992073436,0.8513300183467652,0.8799523538434004,0.8919037432918514,0.8927218976988639,0.8190470124302229,1.0,0.3691,0.687730539363756,0.0,1.0,0.8287974750549925,0.9210214374229155,0.8060629215174968,0.9051248212367993,0.8715040481620984,0.487,0.7881745816510232,0.0,1.0,0.7164845267733579,0.7969690586701186,0.8879984769626369,0.8818981182608729,0.9155102721865316,0.9671169078794686,0.3691,0.705876143310734,0.0,1.0,0.810714195134491,0.4642792868546489,0.8448134239739123,0.847355631627609,0.8004930224873519,0.9530915555096227,0.7837032030978484,0.734,0.7556815365719218,0.0,0.8483952962544629,0.7423176439884367,0.0,1.0,0.7366943305759144,0.40998956441342427,0.8393597908044031,0.789710289243097,0.7877272716445922,0.0,0.7467197853926466,0.3964391431392775,0.8716866702381987,0.8797842166738141,0.9388633622294047,0.8698720821440478,1.0,0.3691,0.728038794216923,0.0,0.734,0.0,0.7466679102410408,0.8114499672957483,0.0,1.0,0.727045570686286,0.45623524410544497,0.8931131917059025,0.8947698261613555,0.796603056915889,0.9493911799295278,0.8326553842841133,0.7526485158127014,1.0,0.3691,0.6876545240737448,0.0,1.0,0.8173236837462844,0.37871244999248965,0.8713821088134286,0.7443847158035743,0.9105573811386789,0.9653406250173593,0.7814490907162916,0.7775980268168768,0.9713513847703659,0.3691,0.7359310929609806,0.0,0.7307006191371115,0.4337479278314447,0.8611827533002823,0.821416574183504,0.8555297029869107,0.0,1.0,0.8772041417576752,0.4351994795764186,0.7519450256160474,0.761317300714597,0.8982648138886904,0.830365846451375,0.7619005920885721,0.8998156778645671,0.9993151462119048,0.487,0.7711482144806634,0.0,0.38660713203205005,0.9409392663963717,0.0,0.7581538959889748,0.0,1.0,0.4667190164054136,0.7765842420177008,0.8258184741478791,0.734,0.7614468624472919,0.0,0.7631368789612205,0.3739974383184684,0.8556231744966867,0.7708559444031216,0.0,0.0,0.0,0.0,0.0,0.0,0.0,0.0,0.0,0.0,0.0,0.0,0.0,0.0,0.0,0.0,0.0,0.0,0.0,0.0,0.0,0.0,0.0,0.0,0.0,0.0,0.0,0.8452743968421874,0.8288027935104463,1.0,0.9958832759626932,0.3691,0.3691,0.0,0.0,0.695,0.487,0.894985008230484,0.9432474930244018,1.0,1.0,0.734,0.3691,0.0,0.0,0.695,0.487,0.7906780227488417,0.7806785225913442,1.0,0.9757319281192782,0.734,0.3691,0.0,0.0,0.695,0.695,0.9068693912052802,0.9050490726561974,1.0,1.0,0.734,0.734,0.0,0.0,0.7790056403170814,0.9121948546787744,1.0,1.0,0.3691,0.734,0.0,0.0,0.8898795764480163,0.8060876186780356,1.0,0.9508192778507416,0.734,0.3691,0.0,0.0,0.8781825381230793,0.860951205647545,1.0,0.9626652303981487,0.3691,0.0,0.0,0.487,0.487,0.950249861688196,0.8533023934379633,1.0,0.9446623440684069,0.3691,0.3691,0.0,0.0,0.695,0.487,0.8285355050663054,0.9453140177986731,1.0,1.0,0.3691,0.734,0.0,0.0,0.487,0.487,0.843199529817766,0.9130423144585711,1.0,1.0,0.3691,0.3691,0.0,0.0,0.487,0.695,0.8914964347367389,0.910928668968281,1.0,0.8865922972742386,0.3691,0.734,0.0,0.0,0.487,0.487,0.8495398945221514,0.9045305218423018,1.0,0.9699317357570288,0.0,0.695,0.695,0.9094705144368986,0.7645154092950637,1.0,0.9819223753004337,0.734,0.734,0.0,0.0,0.487,0.487,0.7993114921167753,0.7919246094258421,1.0,0.8762559552625692,0.734,0.3691,0.0,0.0,0.966367264005854,0.8701443478224136,1.0,0.9990984726786657,0.734,0.3691,0.0,0.0,0.900737293080949,0.9263889183470568,1.0,0.8877988970882357,0.3691,0.734,0.0,0.0,0.9329656981984346,0.8678564121013985,1.0,0.8919349813314724,0.3691,0.734,0.0,0.0,0.8608057823620648,0.8216515024112392,1.0,1.0,0.3691,0.734,0.0,0.0,0.8887234630073636,0.8033185404028385,1.0,0.8765181953221163,0.3691,0.3691,0.0,0.0,0.8213049384638286,0.9524080919868436,1.0,0.8867980260252565,0.3691,0.734,0.0,0.0,0.913102942858367,0.9127370756460156,1.0,0.9660726635968313,0.734,0.3691,0.0,0.0,0.487,0.695,0.8825855526626993,0.7808287984533722,1.0,0.8992475186817336,0.734,0.734,0.0,0.0,0.9150640957762095,0.8953616619656127,1.0,1.0,0.734,0.3691,0.0,0.0,0.487,0.695,0.8439400455582979,0.9329630251353161,1.0,1.0,0.3691,0.3691,0.0,0.0,0.8121534834308128,0.8595398713746754,1.0,1.0,0.734,0.3691,0.0,0.0,0.7778373016615029,0.8743683529776979,1.0,0.980613845521559,0.734,0.3691,0.0,0.0,0.8852653593802225,0.9079974352997017,1.0,0.9495326259641159,0.734,0.3691,0.0,0.0
,31,1.0,0.8006291214863401,0.9685371068140571,0.926124047476023,0.9178184636472917,0.8814632798857523,0.7901221604677504,0.0,1.0,0.8221899329875998,0.45164193909456385,0.8882315727005492,0.8838654923946525,0.9441440106786595,0.7465453344431165,0.877589300394256,0.363,0.7751249781603952,0.0,1.0,0.8126784656686397,0.4389906248702284,0.8778881422545237,0.8920195422618429,0.9106483848119143,0.8511087657458336,0.9551390226742772,0.7715769316968965,0.8961125043392658,0.5034,0.363,0.7111177845631855,0.0,0.720982434912367,0.46870171071909295,0.8904004566072529,0.8333746855917803,0.809718979289634,0.7717880249430257,0.0,0.4213032265574845,0.8842327735853212,0.734981478217545,1.0,0.46002383576364764,0.7134,0.000603,0.7627245935301945,0.3772604963889923,0.9561070504151368,0.7682367225595499,0.8218619413112949,1.0,0.7293886508578225,0.000603,1.0,0.8843433065370178,0.4334641236677975,0.7282945148909816,0.7492444731207115,0.8710255253502404,0.8955691796542165,0.8628374037150341,0.7505862245594533,0.8724674258935813,0.363,0.7534584761608079,0.0,1.0,0.9001148830323321,0.4470578645643719,0.746641475716619,0.7510248852317252,0.8993196693974375,0.7867944770007471,0.8264072683178505,0.8920526515155022,1.0,0.363,0.8364529397119703,0.000603,1.0,0.7318727435391681,0.4506526014377858,0.8825130056915306,0.8124616573961286,0.9085196223731953,0.8517352035665309,1.0,0.7134,0.7066113831022158,0.000603,1.0,0.8400569154005615,0.40337864992073436,0.8513300183467652,0.8799523538434004,0.8919037432918514,0.8927218976988639,0.8190470124302229,1.0,0.363,0.687730539363756,0.0,1.0,0.8287974750549925,0.9210214374229155,0.8060629215174968,0.9051248212367993,0.8715040481620984,0.5034,0.7881745816510232,0.0,1.0,0.7164845267733579,0.7969690586701186,0.8879984769626369,0.8818981182608729,0.9155102721865316,0.9671169078794686,0.363,0.705876143310734,0.000603,1.0,0.810714195134491,0.4642792868546489,0.8448134239739123,0.847355631627609,0.8004930224873519,0.9530915555096227,0.7837032030978484,0.7134,0.7556815365719218,0.0,0.8483952962544629,0.7423176439884367,0.0,1.0,0.7366943305759144,0.40998956441342427,0.8393597908044031,0.789710289243097,0.7877272716445922,0.000603,0.7467197853926466,0.3964391431392775,0.8716866702381987,0.8797842166738141,0.9388633622294047,0.8698720821440478,1.0,0.363,0.728038794216923,0.0,0.7134,0.000603,0.7466679102410408,0.8114499672957483,0.000603,1.0,0.727045570686286,0.45623524410544497,0.8931131917059025,0.8947698261613555,0.796603056915889,0.9493911799295278,0.8326553842841133,0.7526485158127014,1.0,0.363,0.6876545240737448,0.000603,1.0,0.8173236837462844,0.37871244999248965,0.8713821088134286,0.7443847158035743,0.9105573811386789,0.9653406250173593,0.7814490907162916,0.7775980268168768,0.9713513847703659,0.363,0.7359310929609806,0.000603,0.7307006191371115,0.4337479278314447,0.8611827533002823,0.821416574183504,0.8555297029869107,0.000603,1.0,0.8772041417576752,0.4351994795764186,0.7519450256160474,0.761317300714597,0.8982648138886904,0.830365846451375,0.7619005920885721,0.8998156778645671,0.9993151462119048,0.5034,0.7711482144806634,0.000603,0.38660713203205005,0.9409392663963717,0.0,0.7581538959889748,0.0,1.0,0.4667190164054136,0.7765842420177008,0.8258184741478791,0.7134,0.7614468624472919,0.0,0.7631368789612205,0.3739974383184684,0.8556231744966867,0.7708559444031216,0.0,0.00047481214345356567,0.0004682136749396952,0.0,0.0004759825008970614,0.0004884444289309219,0.0004943236788729616,0.00048180347327974905,0.0,0.00048382167350646815,0.0,0.0,0.0,0.0,0.0,0.0,0.0,0.0004689675559673912,0.0004848822000147716,0.0004857556395141755,0.0,0.0,0.00046848223947428675,0.00048172610416998153,0.0,0.0004910491772259915,0.0,0.8452743968421874,0.8288027935104463,1.0,0.9958832759626932,0.363,0.363,0.000603,0.0,0.698,0.5034,0.894985008230484,0.9432474930244018,1.0,1.0,0.7134,0.363,0.000603,0.0,0.698,0.5034,0.7906780227488417,0.7806785225913442,1.0,0.9757319281192782,0.7134,0.363,0.0,0.0,0.698,0.698,0.9068693912052802,0.9050490726561974,1.0,1.0,0.7134,0.7134,0.000603,0.000603,0.7790056403170814,0.9121948546787744,1.0,1.0,0.363,0.7134,0.000603,0.000603,0.8898795764480163,0.8060876186780356,1.0,0.9508192778507416,0.7134,0.363,0.000603,0.000603,0.8781825381230793,0.860951205647545,1.0,0.9626652303981487,0.363,0.0,0.000603,0.5034,0.5034,0.950249861688196,0.8533023934379633,1.0,0.9446623440684069,0.363,0.363,0.000603,0.000603,0.698,0.5034,0.8285355050663054,0.9453140177986731,1.0,1.0,0.363,0.7134,0.000603,0.0,0.5034,0.5034,0.843199529817766,0.9130423144585711,1.0,1.0,0.363,0.363,0.000603,0.0,0.5034,0.698,0.8914964347367389,0.910928668968281,1.0,0.8865922972742386,0.363,0.7134,0.000603,0.000603,0.5034,0.5034,0.8495398945221514,0.9045305218423018,1.0,0.9699317357570288,0.000603,0.698,0.698,0.9094705144368986,0.7645154092950637,1.0,0.9819223753004337,0.7134,0.7134,0.0,0.000603,0.5034,0.5034,0.7993114921167753,0.7919246094258421,1.0,0.8762559552625692,0.7134,0.363,0.000603,0.0,0.966367264005854,0.8701443478224136,1.0,0.9990984726786657,0.7134,0.363,0.0,0.0,0.900737293080949,0.9263889183470568,1.0,0.8877988970882357,0.363,0.7134,0.000603,0.0,0.9329656981984346,0.8678564121013985,1.0,0.8919349813314724,0.363,0.7134,0.000603,0.0,0.8608057823620648,0.8216515024112392,1.0,1.0,0.363,0.7134,0.0,0.000603,0.8887234630073636,0.8033185404028385,1.0,0.8765181953221163,0.363,0.363,0.000603,0.000603,0.8213049384638286,0.9524080919868436,1.0,0.8867980260252565,0.363,0.7134,0.0,0.000603,0.913102942858367,0.9127370756460156,1.0,0.9660726635968313,0.7134,0.363,0.0,0.0,0.5034,0.698,0.8825855526626993,0.7808287984533722,1.0,0.8992475186817336,0.7134,0.7134,0.0,0.000603,0.9150640957762095,0.8953616619656127,1.0,1.0,0.7134,0.363,0.000603,0.000603,0.5034,0.698,0.8439400455582979,0.9329630251353161,1.0,1.0,0.363,0.363,0.000603,0.000603,0.8121534834308128,0.8595398713746754,1.0,1.0,0.7134,0.363,0.0,0.0,0.7778373016615029,0.8743683529776979,1.0,0.980613845521559,0.7134,0.363,0.000603,0.000603,0.8852653593802225,0.9079974352997017,1.0,0.9495326259641159,0.7134,0.363,0.0,0.0
,32,1.0,0.8006291214863401,0.9685371068140571,0.926124047476023,0.9178184636472917,0.8814632798857523,0.7901221604677504,0.02524,1.0,0.8221899329875998,0.45164193909456385,0.8882315727005492,0.8838654923946525,0.9441440106786595,0.7465453344431165,0.877589300394256,0.3164,0.7751249781603952,0.02524,1.0,0.8126784656686397,0.4389906248702284,0.8778881422545237,0.8920195422618429,0.9106483848119143,0.8511087657458336,0.9551390226742772,0.7715769316968965,0.8961125043392658,0.51,0.3164,0.7111177845631855,0.02524,0.720982434912367,0.46870171071909295,0.8904004566072529,0.8333746855917803,0.809718979289634,0.7717880249430257,0.02524,0.4213032265574845,0.8842327735853212,0.734981478217545,1.0,0.46002383576364764,0.677,0.1329,0.7627245935301945,0.3772604963889923,0.9561070504151368,0.7682367225595499,0.8218619413112949,1.0,0.7293886508578225,0.1329,1.0,0.8843433065370178,0.4334641236677975,0.7282945148909816,0.7492444731207115,0.8710255253502404,0.8955691796542165,0.8628374037150341,0.7505862245594533,0.8724674258935813,0.3164,0.7534584761608079,0.02524,1.0,0.9001148830323321,0.4470578645643719,0.746641475716619,0.7510248852317252,0.8993196693974375,0.7867944770007471,0.8264072683178505,0.8920526515155022,1.0,0.3164,0.8364529397119703,0.1329,1.0,0.7318727435391681,0.4506526014377858,0.8825130056915306,0.8124616573961286,0.9085196223731953,0.8517352035665309,1.0,0.677,0.7066113831022158,0.1329,1.0,0.8400569154005615,0.40337864992073436,0.8513300183467652,0.8799523538434004,0.8919037432918514,0.8927218976988639,0.8190470124302229,1.0,0.3164,0.687730539363756,0.02524,1.0,0.8287974750549925,0.9210214374229155,0.8060629215174968,0.9051248212367993,0.8715040481620984,0.51,0.7881745816510232,0.02524,1.0,0.7164845267733579,0.7969690586701186,0.8879984769626369,0.8818981182608729,0.9155102721865316,0.9671169078794686,0.3164,0.705876143310734,0.1329,1.0,0.810714195134491,0.4642792868546489,0.8448134239739123,0.847355631627609,0.8004930224873519,0.9530915555096227,0.7837032030978484,0.677,0.7556815365719218,0.02524,0.8483952962544629,0.7423176439884367,0.02524,1.0,0.7366943305759144,0.40998956441342427,0.8393597908044031,0.789710289243097,0.7877272716445922,0.1329,0.7467197853926466,0.3964391431392775,0.8716866702381987,0.8797842166738141,0.9388633622294047,0.8698720821440478,1.0,0.3164,0.728038794216923,0.02524,0.677,0.1329,0.7466679102410408,0.8114499672957483,0.1329,1.0,0.727045570686286,0.45623524410544497,0.8931131917059025,0.8947698261613555,0.796603056915889,0.9493911799295278,0.8326553842841133,0.7526485158127014,1.0,0.3164,0.6876545240737448,0.1329,1.0,0.8173236837462844,0.37871244999248965,0.8713821088134286,0.7443847158035743,0.9105573811386789,0.9653406250173593,0.7814490907162916,0.7775980268168768,0.9713513847703659,0.3164,0.7359310929609806,0.1329,0.7307006191371115,0.4337479278314447,0.8611827533002823,0.821416574183504,0.8555297029869107,0.1329,1.0,0.8772041417576752,0.4351994795764186,0.7519450256160474,0.761317300714597,0.8982648138886904,0.830365846451375,0.7619005920885721,0.8998156778645671,0.9993151462119048,0.51,0.7711482144806634,0.1329,0.38660713203205005,0.9409392663963717,0.02524,0.7581538959889748,0.02524,1.0,0.4667190164054136,0.7765842420177008,0.8258184741478791,0.677,0.7614468624472919,0.02524,0.7631368789612205,0.3739974383184684,0.8556231744966867,0.7708559444031216,0.020599334063660733,0.10464765151737791,0.10319336218820147,0.02016618116884098,0.10490559596885483,0.10765218010766088,0.10894795509488656,0.10618852669797453,0.02001877292078819,0.10663333401162456,0.01963604422723189,0.019765721695039068,0.020003153863327416,0.0202133583735975,0.02023703363021503,0.01978713359632422,0.020210582942832664,0.10335951606644492,0.10686707194355413,0.1070595762710347,0.019911770598164822,0.02058476727098967,0.10325255327716866,0.10617147470015016,0.02046052587028114,0.10822626144831553,0.020746538746045522,0.8452743968421874,0.8288027935104463,1.0,0.9958832759626932,0.3164,0.3164,0.1329,0.02524,0.6875,0.51,0.894985008230484,0.9432474930244018,1.0,1.0,0.677,0.3164,0.1329,0.02524,0.6875,0.51,0.7906780227488417,0.7806785225913442,1.0,0.9757319281192782,0.677,0.3164,0.02524,0.02524,0.6875,0.6875,0.9068693912052802,0.9050490726561974,1.0,1.0,0.677,0.677,0.1329,0.1329,0.7790056403170814,0.9121948546787744,1.0,1.0,0.3164,0.677,0.1329,0.1329,0.8898795764480163,0.8060876186780356,1.0,0.9508192778507416,0.677,0.3164,0.1329,0.1329,0.8781825381230793,0.860951205647545,1.0,0.9626652303981487,0.3164,0.02524,0.1329,0.51,0.51,0.950249861688196,0.8533023934379633,1.0,0.9446623440684069,0.3164,0.3164,0.1329,0.1329,0.6875,0.51,0.8285355050663054,0.9453140177986731,1.0,1.0,0.3164,0.677,0.1329,0.02524,0.51,0.51,0.843199529817766,0.9130423144585711,1.0,1.0,0.3164,0.3164,0.1329,0.02524,0.51,0.6875,0.8914964347367389,0.910928668968281,1.0,0.8865922972742386,0.3164,0.677,0.1329,0.1329,0.51,0.51,0.8495398945221514,0.9045305218423018,1.0,0.9699317357570288,0.1329,0.6875,0.6875,0.9094705144368986,0.7645154092950637,1.0,0.9819223753004337,0.677,0.677,0.02524,0.1329,0.51,0.51,0.7993114921167753,0.7919246094258421,1.0,0.8762559552625692,0.677,0.3164,0.1329,0.02524,0.966367264005854,0.8701443478224136,1.0,0.9990984726786657,0.677,0.3164,0.02524,0.02524,0.900737293080949,0.9263889183470568,1.0,0.8877988970882357,0.3164,0.677,0.1329,0.02524,0.9329656981984346,0.8678564121013985,1.0,0.8919349813314724,0.3164,0.677,0.1329,0.02524,0.8608057823620648,0.8216515024112392,1.0,1.0,0.3164,0.677,0.02524,0.1329,0.8887234630073636,0.8033185404028385,1.0,0.8765181953221163,0.3164,0.3164,0.1329,0.1329,0.8213049384638286,0.9524080919868436,1.0,0.8867980260252565,0.3164,0.677,0.02524,0.1329,0.913102942858367,0.9127370756460156,1.0,0.9660726635968313,0.677,0.3164,0.02524,0.02524,0.51,0.6875,0.8825855526626993,0.7808287984533722,1.0,0.8992475186817336,0.677,0.677,0.02524,0.1329,0.9150640957762095,0.8953616619656127,1.0,1.0,0.677,0.3164,0.1329,0.1329,0.51,0.6875,0.8439400455582979,0.9329630251353161,1.0,1.0,0.3164,0.3164,0.1329,0.1329,0.8121534834308128,0.8595398713746754,1.0,1.0,0.677,0.3164,0.02524,0.02524,0.7778373016615029,0.8743683529776979,1.0,0.980613845521559,0.677,0.3164,0.1329,0.1329,0.8852653593802225,0.9079974352997017,1.0,0.9495326259641159,0.677,0.3164,0.02524,0.02524
,33,1.0,0.8006291214863401,0.9685371068140571,0.926124047476023,0.9178184636472917,0.8814632798857523,0.7901221604677504,0.1067,1.0,0.8221899329875998,0.45164193909456385,0.8882315727005492,0.8838654923946525,0.9441440106786595,0.7465453344431165,0.877589300394256,0.2238,0.7751249781603952,0.1067,1.0,0.8126784656686397,0.4389906248702284,0.8778881422545237,0.8920195422618429,0.9106483848119143,0.8511087657458336,0.9551390226742772,0.7715769316968965,0.8961125043392658,0.4993,0.2238,0.7111177845631855,0.1067,0.720982434912367,0.46870171071909295,0.8904004566072529,0.8333746855917803,0.809718979289634,0.7717880249430257,0.1067,0.4213032265574845,0.8842327735853212,0.734981478217545,1.0,0.46002383576364764,0.5215,0.3962,0.7627245935301945,0.3772604963889923,0.9561070504151368,0.7682367225595499,0.8218619413112949,1.0,0.7293886508578225,0.3962,1.0,0.8843433065370178,0.4334641236677975,0.7282945148909816,0.7492444731207115,0.8710255253502404,0.8955691796542165,0.8628374037150341,0.7505862245594533,0.8724674258935813,0.2238,0.7534584761608079,0.1067,1.0,0.9001148830323321,0.4470578645643719,0.746641475716619,0.7510248852317252,0.8993196693974375,0.7867944770007471,0.8264072683178505,0.8920526515155022,1.0,0.2238,0.8364529397119703,0.3962,1.0,0.7318727435391681,0.4506526014377858,0.8825130056915306,0.8124616573961286,0.9085196223731953,0.8517352035665309,1.0,0.5215,0.7066113831022158,0.3962,1.0,0.8400569154005615,0.40337864992073436,0.8513300183467652,0.8799523538434004,0.8919037432918514,0.8927218976988639,0.8190470124302229,1.0,0.2238,0.687730539363756,0.1067,1.0,0.8287974750549925,0.9210214374229155,0.8060629215174968,0.9051248212367993,0.8715040481620984,0.4993,0.7881745816510232,0.1067,1.0,0.7164845267733579,0.7969690586701186,0.8879984769626369,0.8818981182608729,0.9155102721865316,0.9671169078794686,0.2238,0.705876143310734,0.3962,1.0,0.810714195134491,0.4642792868546489,0.8448134239739123,0.847355631627609,0.8004930224873519,0.9530915555096227,0.7837032030978484,0.5215,0.7556815365719218,0.1067,0.8483952962544629,0.7423176439884367,0.1067,1.0,0.7366943305759144,0.40998956441342427,0.8393597908044031,0.789710289243097,0.7877272716445922,0.3962,0.7467197853926466,0.3964391431392775,0.8716866702381987,0.8797842166738141,0.9388633622294047,0.8698720821440478,1.0,0.2238,0.728038794216923,0.1067,0.5215,0.3962,0.7466679102410408,0.8114499672957483,0.3962,1.0,0.727045570686286,0.45623524410544497,0.8931131917059025,0.8947698261613555,0.796603056915889,0.9493911799295278,0.8326553842841133,0.7526485158127014,1.0,0.2238,0.6876545240737448,0.3962,1.0,0.8173236837462844,0.37871244999248965,0.8713821088134286,0.7443847158035743,0.9105573811386789,0.9653406250173593,0.7814490907162916,0.7775980268168768,0.9713513847703659,0.2238,0.7359310929609806,0.3962,0.7307006191371115,0.4337479278314447,0.8611827533002823,0.821416574183504,0.8555297029869107,0.3962,1.0,0.8772041417576752,0.4351994795764186,0.7519450256160474,0.761317300714597,0.8982648138886904,0.830365846451375,0.7619005920885721,0.8998156778645671,0.9993151462119048,0.4993,0.7711482144806634,0.3962,0.38660713203205005,0.9409392663963717,0.1067,0.7581538959889748,0.1067,1.0,0.4667190164054136,0.7765842420177008,0.8258184741478791,0.5215,0.7614468624472919,0.1067,0.7631368789612205,0.3739974383184684,0.8556231744966867,0.7708559444031216,0.08708197086341522,0.3119744133272019,0.30763890217430717,0.08525085303943472,0.3127433944534258,0.32093148050154435,0.3247944304634617,0.3165680532561137,0.08462769693534469,0.3178941078661073,0.08300974322684797,0.08355794393267309,0.08456166866945464,0.08545029074733967,0.08555037592487891,0.08364846096385874,0.08543855784470068,0.308134238265805,0.31859092478582507,0.3191648165431448,0.0841753535191833,0.08702039095937392,0.3078153619895728,0.316517218030094,0.08649517077492067,0.3226429254012236,0.08770426641058071,0.8452743968421874,0.8288027935104463,1.0,0.9958832759626932,0.2238,0.2238,0.3962,0.1067,0.661,0.4993,0.894985008230484,0.9432474930244018,1.0,1.0,0.5215,0.2238,0.3962,0.1067,0.661,0.4993,0.7906780227488417,0.7806785225913442,1.0,0.9757319281192782,0.5215,0.2238,0.1067,0.1067,0.661,0.661,0.9068693912052802,0.9050490726561974,1.0,1.0,0.5215,0.5215,0.3962,0.3962,0.7790056403170814,0.9121948546787744,1.0,1.0,0.2238,0.5215,0.3962,0.3962,0.8898795764480163,0.8060876186780356,1.0,0.9508192778507416,0.5215,0.2238,0.3962,0.3962,0.8781825381230793,0.860951205647545,1.0,0.9626652303981487,0.2238,0.1067,0.3962,0.4993,0.4993,0.950249861688196,0.8533023934379633,1.0,0.9446623440684069,0.2238,0.2238,0.3962,0.3962,0.661,0.4993,0.8285355050663054,0.9453140177986731,1.0,1.0,0.2238,0.5215,0.3962,0.1067,0.4993,0.4993,0.843199529817766,0.9130423144585711,1.0,1.0,0.2238,0.2238,0.3962,0.1067,0.4993,0.661,0.8914964347367389,0.910928668968281,1.0,0.8865922972742386,0.2238,0.5215,0.3962,0.3962,0.4993,0.4993,0.8495398945221514,0.9045305218423018,1.0,0.9699317357570288,0.3962,0.661,0.661,0.9094705144368986,0.7645154092950637,1.0,0.9819223753004337,0.5215,0.5215,0.1067,0.3962,0.4993,0.4993,0.7993114921167753,0.7919246094258421,1.0,0.8762559552625692,0.5215,0.2238,0.3962,0.1067,0.966367264005854,0.8701443478224136,1.0,0.9990984726786657,0.5215,0.2238,0.1067,0.1067,0.900737293080949,0.9263889183470568,1.0,0.8877988970882357,0.2238,0.5215,0.3962,0.1067,0.9329656981984346,0.8678564121013985,1.0,0.8919349813314724,0.2238,0.5215,0.3962,0.1067,0.8608057823620648,0.8216515024112392,1.0,1.0,0.2238,0.5215,0.1067,0.3962,0.8887234630073636,0.8033185404028385,1.0,0.8765181953221163,0.2238,0.2238,0.3962,0.3962,0.8213049384638286,0.9524080919868436,1.0,0.8867980260252565,0.2238,0.5215,0.1067,0.3962,0.913102942858367,0.9127370756460156,1.0,0.9660726635968313,0.5215,0.2238,0.1067,0.1067,0.4993,0.661,0.8825855526626993,0.7808287984533722,1.0,0.8992475186817336,0.5215,0.5215,0.1067,0.3962,0.9150640957762095,0.8953616619656127,1.0,1.0,0.5215,0.2238,0.3962,0.3962,0.4993,0.661,0.8439400455582979,0.9329630251353161,1.0,1.0,0.2238,0.2238,0.3962,0.3962,0.8121534834308128,0.8595398713746754,1.0,1.0,0.5215,0.2238,0.1067,0.1067,0.7778373016615029,0.8743683529776979,1.0,0.980613845521559,0.5215,0.2238,0.3962,0.3962,0.8852653593802225,0.9079974352997017,1.0,0.9495326259641159,0.5215,0.2238,0.1067,0.1067
,34,1.0,0.8006291214863401,0.9685371068140571,0.926124047476023,0.9178184636472917,0.8814632798857523,0.7901221604677504,0.1664,1.0,0.8221899329875998,0.45164193909456385,0.8882315727005492,0.8838654923946525,0.9441440106786595,0.7465453344431165,0.877589300394256,0.2052,0.7751249781603952,0.1664,1.0,0.8126784656686397,0.4389906248702284,0.8778881422545237,0.8920195422618429,0.9106483848119143,0.8511087657458336,0.9551390226742772,0.7715769316968965,0.8961125043392658,0.463,0.2052,0.7111177845631855,0.1664,0.720982434912367,0.46870171071909295,0.8904004566072529,0.8333746855917803,0.809718979289634,0.7717880249430257,0.1664,0.4213032265574845,0.8842327735853212,0.734981478217545,1.0,0.46002383576364764,0.3572,0.4612,0.7627245935301945,0.3772604963889923,0.9561070504151368,0.7682367225595499,0.8218619413112949,1.0,0.7293886508578225,0.4612,1.0,0.8843433065370178,0.4334641236677975,0.7282945148909816,0.7492444731207115,0.8710255253502404,0.8955691796542165,0.8628374037150341,0.7505862245594533,0.8724674258935813,0.2052,0.7534584761608079,0.1664,1.0,0.9001148830323321,0.4470578645643719,0.746641475716619,0.7510248852317252,0.8993196693974375,0.7867944770007471,0.8264072683178505,0.8920526515155022,1.0,0.2052,0.8364529397119703,0.4612,1.0,0.7318727435391681,0.4506526014377858,0.8825130056915306,0.8124616573961286,0.9085196223731953,0.8517352035665309,1.0,0.3572,0.7066113831022158,0.4612,1.0,0.8400569154005615,0.40337864992073436,0.8513300183467652,0.8799523538434004,0.8919037432918514,0.8927218976988639,0.8190470124302229,1.0,0.2052,0.687730539363756,0.1664,1.0,0.8287974750549925,0.9210214374229155,0.8060629215174968,0.9051248212367993,0.8715040481620984,0.463,0.7881745816510232,0.1664,1.0,0.7164845267733579,0.7969690586701186,0.8879984769626369,0.8818981182608729,0.9155102721865316,0.9671169078794686,0.2052,0.705876143310734,0.4612,1.0,0.810714195134491,0.4642792868546489,0.8448134239739123,0.847355631627609,0.8004930224873519,0.9530915555096227,0.7837032030978484,0.3572,0.7556815365719218,0.1664,0.8483952962544629,0.7423176439884367,0.1664,1.0,0.7366943305759144,0.40998956441342427,0.8393597908044031,0.789710289243097,0.7877272716445922,0.4612,0.7467197853926466,0.3964391431392775,0.8716866702381987,0.8797842166738141,0.9388633622294047,0.8698720821440478,1.0,0.2052,0.728038794216923,0.1664,0.3572,0.4612,0.7466679102410408,0.8114499672957483,0.4612,1.0,0.727045570686286,0.45623524410544497,0.8931131917059025,0.8947698261613555,0.796603056915889,0.9493911799295278,0.8326553842841133,0.7526485158127014,1.0,0.2052,0.6876545240737448,0.4612,1.0,0.8173236837462844,0.37871244999248965,0.8713821088134286,0.7443847158035743,0.9105573811386789,0.9653406250173593,0.7814490907162916,0.7775980268168768,0.9713513847703659,0.2052,0.7359310929609806,0.4612,0.7307006191371115,0.4337479278314447,0.8611827533002823,0.821416574183504,0.8555297029869107,0.4612,1.0,0.8772041417576752,0.4351994795764186,0.7519450256160474,0.761317300714597,0.8982648138886904,0.830365846451375,0.7619005920885721,0.8998156778645671,0.9993151462119048,0.463,0.7711482144806634,0.4612,0.38660713203205005,0.9409392663963717,0.1664,0.7581538959889748,0.1664,1.0,0.4667190164054136,0.7765842420177008,0.8258184741478791,0.3572,0.7614468624472919,0.1664,0.7631368789612205,0.3739974383184684,0.8556231744966867,0.7708559444031216,0.13580543534838135,0.36315648517543037,0.35810969632203554,0.13294978393403878,0.36405162423503273,0.3735830358589406,0.3780797358146101,0.3685037510391712,0.13197796410535478,0.370047356254035,0.12945474482612465,0.1303096707628566,0.13187499218929005,0.13326080956286146,0.13341689366354123,0.13045083321823892,0.1332425119527478,0.3586862965375801,0.3708584919515964,0.3715265355620858,0.13127252882466822,0.13570940070890175,0.3583151058798359,0.36844457585936236,0.13489031318600558,0.375575257938022,0.1367759131276535,0.8452743968421874,0.8288027935104463,1.0,0.9958832759626932,0.2052,0.2052,0.4612,0.1664,0.6006,0.463,0.894985008230484,0.9432474930244018,1.0,1.0,0.3572,0.2052,0.4612,0.1664,0.6006,0.463,0.7906780227488417,0.7806785225913442,1.0,0.9757319281192782,0.3572,0.2052,0.1664,0.1664,0.6006,0.6006,0.9068693912052802,0.9050490726561974,1.0,1.0,0.3572,0.3572,0.4612,0.4612,0.7790056403170814,0.9121948546787744,1.0,1.0,0.2052,0.3572,0.4612,0.4612,0.8898795764480163,0.8060876186780356,1.0,0.9508192778507416,0.3572,0.2052,0.4612,0.4612,0.8781825381230793,0.860951205647545,1.0,0.9626652303981487,0.2052,0.1664,0.4612,0.463,0.463,0.950249861688196,0.8533023934379633,1.0,0.9446623440684069,0.2052,0.2052,0.4612,0.4612,0.6006,0.463,0.8285355050663054,0.9453140177986731,1.0,1.0,0.2052,0.3572,0.4612,0.1664,0.463,0.463,0.843199529817766,0.9130423144585711,1.0,1.0,0.2052,0.2052,0.4612,0.1664,0.463,0.6006,0.8914964347367389,0.910928668968281,1.0,0.8865922972742386,0.2052,0.3572,0.4612,0.4612,0.463,0.463,0.8495398945221514,0.9045305218423018,1.0,0.9699317357570288,0.4612,0.6006,0.6006,0.9094705144368986,0.7645154092950637,1.0,0.9819223753004337,0.3572,0.3572,0.1664,0.4612,0.463,0.463,0.7993114921167753,0.7919246094258421,1.0,0.8762559552625692,0.3572,0.2052,0.4612,0.1664,0.966367264005854,0.8701443478224136,1.0,0.9990984726786657,0.3572,0.2052,0.1664,0.1664,0.900737293080949,0.9263889183470568,1.0,0.8877988970882357,0.2052,0.3572,0.4612,0.1664,0.9329656981984346,0.8678564121013985,1.0,0.8919349813314724,0.2052,0.3572,0.4612,0.1664,0.8608057823620648,0.8216515024112392,1.0,1.0,0.2052,0.3572,0.1664,0.4612,0.8887234630073636,0.8033185404028385,1.0,0.8765181953221163,0.2052,0.2052,0.4612,0.4612,0.8213049384638286,0.9524080919868436,1.0,0.8867980260252565,0.2052,0.3572,0.1664,0.4612,0.913102942858367,0.9127370756460156,1.0,0.9660726635968313,0.3572,0.2052,0.1664,0.1664,0.463,0.6006,0.8825855526626993,0.7808287984533722,1.0,0.8992475186817336,0.3572,0.3572,0.1664,0.4612,0.9150640957762095,0.8953616619656127,1.0,1.0,0.3572,0.2052,0.4612,0.4612,0.463,0.6006,0.8439400455582979,0.9329630251353161,1.0,1.0,0.2052,0.2052,0.4612,0.4612,0.8121534834308128,0.8595398713746754,1.0,1.0,0.3572,0.2052,0.1664,0.1664,0.7778373016615029,0.8743683529776979,1.0,0.980613845521559,0.3572,0.2052,0.4612,0.4612,0.8852653593802225,0.9079974352997017,1.0,0.9495326259641159,0.3572,0.2052,0.1664,0.1664
,35,1.0,0.8006291214863401,0.9685371068140571,0.926124047476023,0.9178184636472917,0.8814632798857523,0.7901221604677504,0.1913,1.0,0.8221899329875998,0.45164193909456385,0.8882315727005492,0.8838654923946525,0.9441440106786595,0.7465453344431165,0.877589300394256,0.2147,0.7751249781603952,0.1913,1.0,0.8126784656686397,0.4389906248702284,0.8778881422545237,0.8920195422618429,0.9106483848119143,0.8511087657458336,0.9551390226742772,0.7715769316968965,0.8961125043392658,0.4292,0.2147,0.7111177845631855,0.1913,0.720982434912367,0.46870171071909295,0.8904004566072529,0.8333746855917803,0.809718979289634,0.7717880249430257,0.1913,0.4213032265574845,0.8842327735853212,0.734981478217545,1.0,0.46002383576364764,0.3132,0.4365,0.7627245935301945,0.3772604963889923,0.9561070504151368,0.7682367225595499,0.8218619413112949,1.0,0.7293886508578225,0.4365,1.0,0.8843433065370178,0.4334641236677975,0.7282945148909816,0.7492444731207115,0.8710255253502404,0.8955691796542165,0.8628374037150341,0.7505862245594533,0.8724674258935813,0.2147,0.7534584761608079,0.1913,1.0,0.9001148830323321,0.4470578645643719,0.746641475716619,0.7510248852317252,0.8993196693974375,0.7867944770007471,0.8264072683178505,0.8920526515155022,1.0,0.2147,0.8364529397119703,0.4365,1.0,0.7318727435391681,0.4506526014377858,0.8825130056915306,0.8124616573961286,0.9085196223731953,0.8517352035665309,1.0,0.3132,0.7066113831022158,0.4365,1.0,0.8400569154005615,0.40337864992073436,0.8513300183467652,0.8799523538434004,0.8919037432918514,0.8927218976988639,0.8190470124302229,1.0,0.2147,0.687730539363756,0.1913,1.0,0.8287974750549925,0.9210214374229155,0.8060629215174968,0.9051248212367993,0.8715040481620984,0.4292,0.7881745816510232,0.1913,1.0,0.7164845267733579,0.7969690586701186,0.8879984769626369,0.8818981182608729,0.9155102721865316,0.9671169078794686,0.2147,0.705876143310734,0.4365,1.0,0.810714195134491,0.4642792868546489,0.8448134239739123,0.847355631627609,0.8004930224873519,0.9530915555096227,0.7837032030978484,0.3132,0.7556815365719218,0.1913,0.8483952962544629,0.7423176439884367,0.1913,1.0,0.7366943305759144,0.40998956441342427,0.8393597908044031,0.789710289243097,0.7877272716445922,0.4365,0.7467197853926466,0.3964391431392775,0.8716866702381987,0.8797842166738141,0.9388633622294047,0.8698720821440478,1.0,0.2147,0.728038794216923,0.1913,0.3132,0.4365,0.7466679102410408,0.8114499672957483,0.4365,1.0,0.727045570686286,0.45623524410544497,0.8931131917059025,0.8947698261613555,0.796603056915889,0.9493911799295278,0.8326553842841133,0.7526485158127014,1.0,0.2147,0.6876545240737448,0.4365,1.0,0.8173236837462844,0.37871244999248965,0.8713821088134286,0.7443847158035743,0.9105573811386789,0.9653406250173593,0.7814490907162916,0.7775980268168768,0.9713513847703659,0.2147,0.7359310929609806,0.4365,0.7307006191371115,0.4337479278314447,0.8611827533002823,0.821416574183504,0.8555297029869107,0.4365,1.0,0.8772041417576752,0.4351994795764186,0.7519450256160474,0.761317300714597,0.8982648138886904,0.830365846451375,0.7619005920885721,0.8998156778645671,0.9993151462119048,0.4292,0.7711482144806634,0.4365,0.38660713203205005,0.9409392663963717,0.1913,0.7581538959889748,0.1913,1.0,0.4667190164054136,0.7765842420177008,0.8258184741478791,0.3132,0.7614468624472919,0.1913,0.7631368789612205,0.3739974383184684,0.8556231744966867,0.7708559444031216,0.15612728234462356,0.3437072978731035,0.33893079454589875,0.15284431290012992,0.3445544969180221,0.35357544482313,0.35783131978117366,0.34876818588160935,0.15172707051294695,0.3502291218666225,0.14882627815647625,0.14980913471715426,0.1516086899387692,0.15320188022461179,0.15338132066006874,0.14997142064092012,0.15318084457067704,0.33947651439430554,0.3509968164286033,0.35162908233488827,0.15091607430384035,0.15601687713709683,0.33912520320153594,0.34871217988424036,0.15507522182982494,0.3554609715740386,0.15724298185889493,0.8452743968421874,0.8288027935104463,1.0,0.9958832759626932,0.2147,0.2147,0.4365,0.1913,0.5557,0.4292,0.894985008230484,0.9432474930244018,1.0,1.0,0.3132,0.2147,0.4365,0.1913,0.5557,0.4292,0.7906780227488417,0.7806785225913442,1.0,0.9757319281192782,0.3132,0.2147,0.1913,0.1913,0.5557,0.5557,0.9068693912052802,0.9050490726561974,1.0,1.0,0.3132,0.3132,0.4365,0.4365,0.7790056403170814,0.9121948546787744,1.0,1.0,0.2147,0.3132,0.4365,0.4365,0.8898795764480163,0.8060876186780356,1.0,0.9508192778507416,0.3132,0.2147,0.4365,0.4365,0.8781825381230793,0.860951205647545,1.0,0.9626652303981487,0.2147,0.1913,0.4365,0.4292,0.4292,0.950249861688196,0.8533023934379633,1.0,0.9446623440684069,0.2147,0.2147,0.4365,0.4365,0.5557,0.4292,0.8285355050663054,0.9453140177986731,1.0,1.0,0.2147,0.3132,0.4365,0.1913,0.4292,0.4292,0.843199529817766,0.9130423144585711,1.0,1.0,0.2147,0.2147,0.4365,0.1913,0.4292,0.5557,0.8914964347367389,0.910928668968281,1.0,0.8865922972742386,0.2147,0.3132,0.4365,0.4365,0.4292,0.4292,0.8495398945221514,0.9045305218423018,1.0,0.9699317357570288,0.4365,0.5557,0.5557,0.9094705144368986,0.7645154092950637,1.0,0.9819223753004337,0.3132,0.3132,0.1913,0.4365,0.4292,0.4292,0.7993114921167753,0.7919246094258421,1.0,0.8762559552625692,0.3132,0.2147,0.4365,0.1913,0.966367264005854,0.8701443478224136,1.0,0.9990984726786657,0.3132,0.2147,0.1913,0.1913,0.900737293080949,0.9263889183470568,1.0,0.8877988970882357,0.2147,0.3132,0.4365,0.1913,0.9329656981984346,0.8678564121013985,1.0,0.8919349813314724,0.2147,0.3132,0.4365,0.1913,0.8608057823620648,0.8216515024112392,1.0,1.0,0.2147,0.3132,0.1913,0.4365,0.8887234630073636,0.8033185404028385,1.0,0.8765181953221163,0.2147,0.2147,0.4365,0.4365,0.8213049384638286,0.9524080919868436,1.0,0.8867980260252565,0.2147,0.3132,0.1913,0.4365,0.913102942858367,0.9127370756460156,1.0,0.9660726635968313,0.3132,0.2147,0.1913,0.1913,0.4292,0.5557,0.8825855526626993,0.7808287984533722,1.0,0.8992475186817336,0.3132,0.3132,0.1913,0.4365,0.9150640957762095,0.8953616619656127,1.0,1.0,0.3132,0.2147,0.4365,0.4365,0.4292,0.5557,0.8439400455582979,0.9329630251353161,1.0,1.0,0.2147,0.2147,0.4365,0.4365,0.8121534834308128,0.8595398713746754,1.0,1.0,0.3132,0.2147,0.1913,0.1913,0.7778373016615029,0.8743683529776979,1.0,0.980613845521559,0.3132,0.2147,0.4365,0.4365,0.8852653593802225,0.9079974352997017,1.0,0.9495326259641159,0.3132,0.2147,0.1913,0.1913
,36,1.0,0.8006291214863401,0.9685371068140571,0.926124047476023,0.9178184636472917,0.8814632798857523,0.7901221604677504,0.2047,1.0,0.8221899329875998,0.45164193909456385,0.8882315727005492,0.8838654923946525,0.9441440106786595,0.7465453344431165,0.877589300394256,0.2278,0.7751249781603952,0.2047,1.0,0.8126784656686397,0.4389906248702284,0.8778881422545237,0.8920195422618429,0.9106483848119143,0.8511087657458336,0.9551390226742772,0.7715769316968965,0.8961125043392658,0.4172,0.2278,0.7111177845631855,0.2047,0.720982434912367,0.46870171071909295,0.8904004566072529,0.8333746855917803,0.809718979289634,0.7717880249430257,0.2047,0.4213032265574845,0.8842327735853212,0.734981478217545,1.0,0.46002383576364764,0.3164,0.391,0.7627245935301945,0.3772604963889923,0.9561070504151368,0.7682367225595499,0.8218619413112949,1.0,0.7293886508578225,0.391,1.0,0.8843433065370178,0.4334641236677975,0.7282945148909816,0.7492444731207115,0.8710255253502404,0.8955691796542165,0.8628374037150341,0.7505862245594533,0.8724674258935813,0.2278,0.7534584761608079,0.2047,1.0,0.9001148830323321,0.4470578645643719,0.746641475716619,0.7510248852317252,0.8993196693974375,0.7867944770007471,0.8264072683178505,0.8920526515155022,1.0,0.2278,0.8364529397119703,0.391,1.0,0.7318727435391681,0.4506526014377858,0.8825130056915306,0.8124616573961286,0.9085196223731953,0.8517352035665309,1.0,0.3164,0.7066113831022158,0.391,1.0,0.8400569154005615,0.40337864992073436,0.8513300183467652,0.8799523538434004,0.8919037432918514,0.8927218976988639,0.8190470124302229,1.0,0.2278,0.687730539363756,0.2047,1.0,0.8287974750549925,0.9210214374229155,0.8060629215174968,0.9051248212367993,0.8715040481620984,0.4172,0.7881745816510232,0.2047,1.0,0.7164845267733579,0.7969690586701186,0.8879984769626369,0.8818981182608729,0.9155102721865316,0.9671169078794686,0.2278,0.705876143310734,0.391,1.0,0.810714195134491,0.4642792868546489,0.8448134239739123,0.847355631627609,0.8004930224873519,0.9530915555096227,0.7837032030978484,0.3164,0.7556815365719218,0.2047,0.8483952962544629,0.7423176439884367,0.2047,1.0,0.7366943305759144,0.40998956441342427,0.8393597908044031,0.789710289243097,0.7877272716445922,0.391,0.7467197853926466,0.3964391431392775,0.8716866702381987,0.8797842166738141,0.9388633622294047,0.8698720821440478,1.0,0.2278,0.728038794216923,0.2047,0.3164,0.391,0.7466679102410408,0.8114499672957483,0.391,1.0,0.727045570686286,0.45623524410544497,0.8931131917059025,0.8947698261613555,0.796603056915889,0.9493911799295278,0.8326553842841133,0.7526485158127014,1.0,0.2278,0.6876545240737448,0.391,1.0,0.8173236837462844,0.37871244999248965,0.8713821088134286,0.7443847158035743,0.9105573811386789,0.9653406250173593,0.7814490907162916,0.7775980268168768,0.9713513847703659,0.2278,0.7359310929609806,0.391,0.7307006191371115,0.4337479278314447,0.8611827533002823,0.821416574183504,0.8555297029869107,0.391,1.0,0.8772041417576752,0.4351994795764186,0.7519450256160474,0.761317300714597,0.8982648138886904,0.830365846451375,0.7619005920885721,0.8998156778645671,0.9993151462119048,0.4172,0.7711482144806634,0.391,0.38660713203205005,0.9409392663963717,0.2047,0.7581538959889748,0.2047,1.0,0.4667190164054136,0.7765842420177008,0.8258184741478791,0.3164,0.7614468624472919,0.2047,0.7631368789612205,0.3739974383184684,0.8556231744966867,0.7708559444031216,0.16706353735464946,0.3078798475793436,0.30360123864248895,0.16355060559674123,0.3086387360708972,0.31671935607295265,0.3205316060353698,0.3124131974334691,0.1623551036800849,0.313721847995073,0.15925111938646466,0.1603028221463747,0.1622284308963202,0.16393321945623646,0.16412522916422412,0.1604764757197927,0.16391071031687188,0.304090073604063,0.31440951941256334,0.31497587902162955,0.1614872995817884,0.16694539858841465,0.3037753824783518,0.31236302940375255,0.16593778310802493,0.31840833879827973,0.16825738832470358,0.8452743968421874,0.8288027935104463,1.0,0.9958832759626932,0.2278,0.2278,0.391,0.2047,0.5034,0.4172,0.894985008230484,0.9432474930244018,1.0,1.0,0.3164,0.2278,0.391,0.2047,0.5034,0.4172,0.7906780227488417,0.7806785225913442,1.0,0.9757319281192782,0.3164,0.2278,0.2047,0.2047,0.5034,0.5034,0.9068693912052802,0.9050490726561974,1.0,1.0,0.3164,0.3164,0.391,0.391,0.7790056403170814,0.9121948546787744,1.0,1.0,0.2278,0.3164,0.391,0.391,0.8898795764480163,0.8060876186780356,1.0,0.9508192778507416,0.3164,0.2278,0.391,0.391,0.8781825381230793,0.860951205647545,1.0,0.9626652303981487,0.2278,0.2047,0.391,0.4172,0.4172,0.950249861688196,0.8533023934379633,1.0,0.9446623440684069,0.2278,0.2278,0.391,0.391,0.5034,0.4172,0.8285355050663054,0.9453140177986731,1.0,1.0,0.2278,0.3164,0.391,0.2047,0.4172,0.4172,0.843199529817766,0.9130423144585711,1.0,1.0,0.2278,0.2278,0.391,0.2047,0.4172,0.5034,0.8914964347367389,0.910928668968281,1.0,0.8865922972742386,0.2278,0.3164,0.391,0.391,0.4172,0.4172,0.8495398945221514,0.9045305218423018,1.0,0.9699317357570288,0.391,0.5034,0.5034,0.9094705144368986,0.7645154092950637,1.0,0.9819223753004337,0.3164,0.3164,0.2047,0.391,0.4172,0.4172,0.7993114921167753,0.7919246094258421,1.0,0.8762559552625692,0.3164,0.2278,0.391,0.2047,0.966367264005854,0.8701443478224136,1.0,0.9990984726786657,0.3164,0.2278,0.2047,0.2047,0.900737293080949,0.9263889183470568,1.0,0.8877988970882357,0.2278,0.3164,0.391,0.2047,0.9329656981984346,0.8678564121013985,1.0,0.8919349813314724,0.2278,0.3164,0.391,0.2047,0.8608057823620648,0.8216515024112392,1.0,1.0,0.2278,0.3164,0.2047,0.391,0.8887234630073636,0.8033185404028385,1.0,0.8765181953221163,0.2278,0.2278,0.391,0.391,0.8213049384638286,0.9524080919868436,1.0,0.8867980260252565,0.2278,0.3164,0.2047,0.391,0.913102942858367,0.9127370756460156,1.0,0.9660726635968313,0.3164,0.2278,0.2047,0.2047,0.4172,0.5034,0.8825855526626993,0.7808287984533722,1.0,0.8992475186817336,0.3164,0.3164,0.2047,0.391,0.9150640957762095,0.8953616619656127,1.0,1.0,0.3164,0.2278,0.391,0.391,0.4172,0.5034,0.8439400455582979,0.9329630251353161,1.0,1.0,0.2278,0.2278,0.391,0.391,0.8121534834308128,0.8595398713746754,1.0,1.0,0.3164,0.2278,0.2047,0.2047,0.7778373016615029,0.8743683529776979,1.0,0.980613845521559,0.3164,0.2278,0.391,0.391,0.8852653593802225,0.9079974352997017,1.0,0.9495326259641159,0.3164,0.2278,0.2047,0.2047
,37,1.0,0.8006291214863401,0.9685371068140571,0.926124047476023,0.9178184636472917,0.8814632798857523,0.7901221604677504,0.2039,1.0,0.8221899329875998,0.45164193909456385,0.8882315727005492,0.8838654923946525,0.9441440106786595,0.7465453344431165,0.877589300394256,0.2462,0.7751249781603952,0.2039,1.0,0.8126784656686397,0.4389906248702284,0.8778881422545237,0.8920195422618429,0.9106483848119143,0.8511087657458336,0.9551390226742772,0.7715769316968965,0.8961125043392658,0.4224,0.2462,0.7111177845631855,0.2039,0.720982434912367,0.46870171071909295,0.8904004566072529,0.8333746855917803,0.809718979289634,0.7717880249430257,0.2039,0.4213032265574845,0.8842327735853212,0.734981478217545,1.0,0.46002383576364764,0.3372,0.3682,0.7627245935301945,0.3772604963889923,0.9561070504151368,0.7682367225595499,0.8218619413112949,1.0,0.7293886508578225,0.3682,1.0,0.8843433065370178,0.4334641236677975,0.7282945148909816,0.7492444731207115,0.8710255253502404,0.8955691796542165,0.8628374037150341,0.7505862245594533,0.8724674258935813,0.2462,0.7534584761608079,0.2039,1.0,0.9001148830323321,0.4470578645643719,0.746641475716619,0.7510248852317252,0.8993196693974375,0.7867944770007471,0.8264072683178505,0.8920526515155022,1.0,0.2462,0.8364529397119703,0.3682,1.0,0.7318727435391681,0.4506526014377858,0.8825130056915306,0.8124616573961286,0.9085196223731953,0.8517352035665309,1.0,0.3372,0.7066113831022158,0.3682,1.0,0.8400569154005615,0.40337864992073436,0.8513300183467652,0.8799523538434004,0.8919037432918514,0.8927218976988639,0.8190470124302229,1.0,0.2462,0.687730539363756,0.2039,1.0,0.8287974750549925,0.9210214374229155,0.8060629215174968,0.9051248212367993,0.8715040481620984,0.4224,0.7881745816510232,0.2039,1.0,0.7164845267733579,0.7969690586701186,0.8879984769626369,0.8818981182608729,0.9155102721865316,0.9671169078794686,0.2462,0.705876143310734,0.3682,1.0,0.810714195134491,0.4642792868546489,0.8448134239739123,0.847355631627609,0.8004930224873519,0.9530915555096227,0.7837032030978484,0.3372,0.7556815365719218,0.2039,0.8483952962544629,0.7423176439884367,0.2039,1.0,0.7366943305759144,0.40998956441342427,0.8393597908044031,0.789710289243097,0.7877272716445922,0.3682,0.7467197853926466,0.3964391431392775,0.8716866702381987,0.8797842166738141,0.9388633622294047,0.8698720821440478,1.0,0.2462,0.728038794216923,0.2039,0.3372,0.3682,0.7466679102410408,0.8114499672957483,0.3682,1.0,0.727045570686286,0.45623524410544497,0.8931131917059025,0.8947698261613555,0.796603056915889,0.9493911799295278,0.8326553842841133,0.7526485158127014,1.0,0.2462,0.6876545240737448,0.3682,1.0,0.8173236837462844,0.37871244999248965,0.8713821088134286,0.7443847158035743,0.9105573811386789,0.9653406250173593,0.7814490907162916,0.7775980268168768,0.9713513847703659,0.2462,0.7359310929609806,0.3682,0.7307006191371115,0.4337479278314447,0.8611827533002823,0.821416574183504,0.8555297029869107,0.3682,1.0,0.8772041417576752,0.4351994795764186,0.7519450256160474,0.761317300714597,0.8982648138886904,0.830365846451375,0.7619005920885721,0.8998156778645671,0.9993151462119048,0.4224,0.7711482144806634,0.3682,0.38660713203205005,0.9409392663963717,0.2039,0.7581538959889748,0.2039,1.0,0.4667190164054136,0.7765842420177008,0.8258184741478791,0.3372,0.7614468624472919,0.2039,0.7631368789612205,0.3739974383184684,0.8556231744966867,0.7708559444031216,0.16641062660778225,0.28992675160796505,0.2858976370029781,0.1629114239432122,0.29064138777827203,0.29825081050143526,0.3018407604660439,0.2941957526726428,0.1617205942372707,0.295428093175923,0.15862874080556985,0.1596763333446302,0.16159441651079476,0.16329254248718425,0.1634838017908417,0.15984930825239735,0.16327012131709906,0.28635796701027105,0.29607566508364663,0.2966089991196011,0.16085618165474672,0.16629294954654492,0.28606162615992103,0.2941485100421015,0.16528927198693835,0.2998413052315258,0.16759981181928216,0.8452743968421874,0.8288027935104463,1.0,0.9958832759626932,0.2462,0.2462,0.3682,0.2039,0.4722,0.4224,0.894985008230484,0.9432474930244018,1.0,1.0,0.3372,0.2462,0.3682,0.2039,0.4722,0.4224,0.7906780227488417,0.7806785225913442,1.0,0.9757319281192782,0.3372,0.2462,0.2039,0.2039,0.4722,0.4722,0.9068693912052802,0.9050490726561974,1.0,1.0,0.3372,0.3372,0.3682,0.3682,0.7790056403170814,0.9121948546787744,1.0,1.0,0.2462,0.3372,0.3682,0.3682,0.8898795764480163,0.8060876186780356,1.0,0.9508192778507416,0.3372,0.2462,0.3682,0.3682,0.8781825381230793,0.860951205647545,1.0,0.9626652303981487,0.2462,0.2039,0.3682,0.4224,0.4224,0.950249861688196,0.8533023934379633,1.0,0.9446623440684069,0.2462,0.2462,0.3682,0.3682,0.4722,0.4224,0.8285355050663054,0.9453140177986731,1.0,1.0,0.2462,0.3372,0.3682,0.2039,0.4224,0.4224,0.843199529817766,0.9130423144585711,1.0,1.0,0.2462,0.2462,0.3682,0.2039,0.4224,0.4722,0.8914964347367389,0.910928668968281,1.0,0.8865922972742386,0.2462,0.3372,0.3682,0.3682,0.4224,0.4224,0.8495398945221514,0.9045305218423018,1.0,0.9699317357570288,0.3682,0.4722,0.4722,0.9094705144368986,0.7645154092950637,1.0,0.9819223753004337,0.3372,0.3372,0.2039,0.3682,0.4224,0.4224,0.7993114921167753,0.7919246094258421,1.0,0.8762559552625692,0.3372,0.2462,0.3682,0.2039,0.966367264005854,0.8701443478224136,1.0,0.9990984726786657,0.3372,0.2462,0.2039,0.2039,0.900737293080949,0.9263889183470568,1.0,0.8877988970882357,0.2462,0.3372,0.3682,0.2039,0.9329656981984346,0.8678564121013985,1.0,0.8919349813314724,0.2462,0.3372,0.3682,0.2039,0.8608057823620648,0.8216515024112392,1.0,1.0,0.2462,0.3372,0.2039,0.3682,0.8887234630073636,0.8033185404028385,1.0,0.8765181953221163,0.2462,0.2462,0.3682,0.3682,0.8213049384638286,0.9524080919868436,1.0,0.8867980260252565,0.2462,0.3372,0.2039,0.3682,0.913102942858367,0.9127370756460156,1.0,0.9660726635968313,0.3372,0.2462,0.2039,0.2039,0.4224,0.4722,0.8825855526626993,0.7808287984533722,1.0,0.8992475186817336,0.3372,0.3372,0.2039,0.3682,0.9150640957762095,0.8953616619656127,1.0,1.0,0.3372,0.2462,0.3682,0.3682,0.4224,0.4722,0.8439400455582979,0.9329630251353161,1.0,1.0,0.2462,0.2462,0.3682,0.3682,0.8121534834308128,0.8595398713746754,1.0,1.0,0.3372,0.2462,0.2039,0.2039,0.7778373016615029,0.8743683529776979,1.0,0.980613845521559,0.3372,0.2462,0.3682,0.3682,0.8852653593802225,0.9079974352997017,1.0,0.9495326259641159,0.3372,0.2462,0.2039,0.2039
,38,1.0,0.8006291214863401,0.9685371068140571,0.926124047476023,0.9178184636472917,0.8814632798857523,0.7901221604677504,0.1757,1.0,0.8221899329875998,0.45164193909456385,0.8882315727005492,0.8838654923946525,0.9441440106786595,0.7465453344431165,0.877589300394256,0.255,0.7751249781603952,0.1757,1.0,0.8126784656686397,0.4389906248702284,0.8778881422545237,0.8920195422618429,0.9106483848119143,0.8511087657458336,0.9551390226742772,0.7715769316968965,0.8961125043392658,0.4421,0.255,0.7111177845631855,0.1757,0.720982434912367,0.46870171071909295,0.8904004566072529,0.8333746855917803,0.809718979289634,0.7717880249430257,0.1757,0.4213032265574845,0.8842327735853212,0.734981478217545,1.0,0.46002383576364764,0.355,0.3408,0.7627245935301945,0.3772604963889923,0.9561070504151368,0.7682367225595499,0.8218619413112949,1.0,0.7293886508578225,0.3408,1.0,0.8843433065370178,0.4334641236677975,0.7282945148909816,0.7492444731207115,0.8710255253502404,0.8955691796542165,0.8628374037150341,0.7505862245594533,0.8724674258935813,0.255,0.7534584761608079,0.1757,1.0,0.9001148830323321,0.4470578645643719,0.746641475716619,0.7510248852317252,0.8993196693974375,0.7867944770007471,0.8264072683178505,0.8920526515155022,1.0,0.255,0.8364529397119703,0.3408,1.0,0.7318727435391681,0.4506526014377858,0.8825130056915306,0.8124616573961286,0.9085196223731953,0.8517352035665309,1.0,0.355,0.7066113831022158,0.3408,1.0,0.8400569154005615,0.40337864992073436,0.8513300183467652,0.8799523538434004,0.8919037432918514,0.8927218976988639,0.8190470124302229,1.0,0.255,0.687730539363756,0.1757,1.0,0.8287974750549925,0.9210214374229155,0.8060629215174968,0.9051248212367993,0.8715040481620984,0.4421,0.7881745816510232,0.1757,1.0,0.7164845267733579,0.7969690586701186,0.8879984769626369,0.8818981182608729,0.9155102721865316,0.9671169078794686,0.255,0.705876143310734,0.3408,1.0,0.810714195134491,0.4642792868546489,0.8448134239739123,0.847355631627609,0.8004930224873519,0.9530915555096227,0.7837032030978484,0.355,0.7556815365719218,0.1757,0.8483952962544629,0.7423176439884367,0.1757,1.0,0.7366943305759144,0.40998956441342427,0.8393597908044031,0.789710289243097,0.7877272716445922,0.3408,0.7467197853926466,0.3964391431392775,0.8716866702381987,0.8797842166738141,0.9388633622294047,0.8698720821440478,1.0,0.255,0.728038794216923,0.1757,0.355,0.3408,0.7466679102410408,0.8114499672957483,0.3408,1.0,0.727045570686286,0.45623524410544497,0.8931131917059025,0.8947698261613555,0.796603056915889,0.9493911799295278,0.8326553842841133,0.7526485158127014,1.0,0.255,0.6876545240737448,0.3408,1.0,0.8173236837462844,0.37871244999248965,0.8713821088134286,0.7443847158035743,0.9105573811386789,0.9653406250173593,0.7814490907162916,0.7775980268168768,0.9713513847703659,0.255,0.7359310929609806,0.3408,0.7307006191371115,0.4337479278314447,0.8611827533002823,0.821416574183504,0.8555297029869107,0.3408,1.0,0.8772041417576752,0.4351994795764186,0.7519450256160474,0.761317300714597,0.8982648138886904,0.830365846451375,0.7619005920885721,0.8998156778645671,0.9993151462119048,0.4421,0.7711482144806634,0.3408,0.38660713203205005,0.9409392663963717,0.1757,0.7581538959889748,0.1757,1.0,0.4667190164054136,0.7765842420177008,0.8258184741478791,0.355,0.7614468624472919,0.1757,0.7631368789612205,0.3739974383184684,0.8556231744966867,0.7708559444031216,0.14339552278071277,0.26835153978271176,0.26462225608532025,0.14038027065631378,0.2690129955318715,0.27605615485847124,0.2793789548257136,0.2723028585302462,0.13935413637806993,0.27344349308624266,0.13668989582902705,0.13759260308313645,0.13924540942102323,0.1407086793280935,0.14087348687911175,0.13774165502671018,0.1406893590751069,0.26504833013878426,0.2740428752322291,0.27453652064084744,0.13860927472652768,0.14329412082063725,0.26477404181233316,0.2722591315109945,0.1424292549686369,0.2775282912083215,0.1444202400031774,0.8452743968421874,0.8288027935104463,1.0,0.9958832759626932,0.255,0.255,0.3408,0.1757,0.4578,0.4421,0.894985008230484,0.9432474930244018,1.0,1.0,0.355,0.255,0.3408,0.1757,0.4578,0.4421,0.7906780227488417,0.7806785225913442,1.0,0.9757319281192782,0.355,0.255,0.1757,0.1757,0.4578,0.4578,0.9068693912052802,0.9050490726561974,1.0,1.0,0.355,0.355,0.3408,0.3408,0.7790056403170814,0.9121948546787744,1.0,1.0,0.255,0.355,0.3408,0.3408,0.8898795764480163,0.8060876186780356,1.0,0.9508192778507416,0.355,0.255,0.3408,0.3408,0.8781825381230793,0.860951205647545,1.0,0.9626652303981487,0.255,0.1757,0.3408,0.4421,0.4421,0.950249861688196,0.8533023934379633,1.0,0.9446623440684069,0.255,0.255,0.3408,0.3408,0.4578,0.4421,0.8285355050663054,0.9453140177986731,1.0,1.0,0.255,0.355,0.3408,0.1757,0.4421,0.4421,0.843199529817766,0.9130423144585711,1.0,1.0,0.255,0.255,0.3408,0.1757,0.4421,0.4578,0.8914964347367389,0.910928668968281,1.0,0.8865922972742386,0.255,0.355,0.3408,0.3408,0.4421,0.4421,0.8495398945221514,0.9045305218423018,1.0,0.9699317357570288,0.3408,0.4578,0.4578,0.9094705144368986,0.7645154092950637,1.0,0.9819223753004337,0.355,0.355,0.1757,0.3408,0.4421,0.4421,0.7993114921167753,0.7919246094258421,1.0,0.8762559552625692,0.355,0.255,0.3408,0.1757,0.966367264005854,0.8701443478224136,1.0,0.9990984726786657,0.355,0.255,0.1757,0.1757,0.900737293080949,0.9263889183470568,1.0,0.8877988970882357,0.255,0.355,0.3408,0.1757,0.9329656981984346,0.8678564121013985,1.0,0.8919349813314724,0.255,0.355,0.3408,0.1757,0.8608057823620648,0.8216515024112392,1.0,1.0,0.255,0.355,0.1757,0.3408,0.8887234630073636,0.8033185404028385,1.0,0.8765181953221163,0.255,0.255,0.3408,0.3408,0.8213049384638286,0.9524080919868436,1.0,0.8867980260252565,0.255,0.355,0.1757,0.3408,0.913102942858367,0.9127370756460156,1.0,0.9660726635968313,0.355,0.255,0.1757,0.1757,0.4421,0.4578,0.8825855526626993,0.7808287984533722,1.0,0.8992475186817336,0.355,0.355,0.1757,0.3408,0.9150640957762095,0.8953616619656127,1.0,1.0,0.355,0.255,0.3408,0.3408,0.4421,0.4578,0.8439400455582979,0.9329630251353161,1.0,1.0,0.255,0.255,0.3408,0.3408,0.8121534834308128,0.8595398713746754,1.0,1.0,0.355,0.255,0.1757,0.1757,0.7778373016615029,0.8743683529776979,1.0,0.980613845521559,0.355,0.255,0.3408,0.3408,0.8852653593802225,0.9079974352997017,1.0,0.9495326259641159,0.355,0.255,0.1757,0.1757
,39,1.0,0.8006291214863401,0.9685371068140571,0.926124047476023,0.9178184636472917,0.8814632798857523,0.7901221604677504,0.1478,1.0,0.8221899329875998,0.45164193909456385,0.8882315727005492,0.8838654923946525,0.9441440106786595,0.7465453344431165,0.877589300394256,0.2603,0.7751249781603952,0.1478,1.0,0.8126784656686397,0.4389906248702284,0.8778881422545237,0.8920195422618429,0.9106483848119143,0.8511087657458336,0.9551390226742772,0.7715769316968965,0.8961125043392658,0.4634,0.2603,0.7111177845631855,0.1478,0.720982434912367,0.46870171071909295,0.8904004566072529,0.8333746855917803,0.809718979289634,0.7717880249430257,0.1478,0.4213032265574845,0.8842327735853212,0.734981478217545,1.0,0.46002383576364764,0.3582,0.2942,0.7627245935301945,0.3772604963889923,0.9561070504151368,0.7682367225595499,0.8218619413112949,1.0,0.7293886508578225,0.2942,1.0,0.8843433065370178,0.4334641236677975,0.7282945148909816,0.7492444731207115,0.8710255253502404,0.8955691796542165,0.8628374037150341,0.7505862245594533,0.8724674258935813,0.2603,0.7534584761608079,0.1478,1.0,0.9001148830323321,0.4470578645643719,0.746641475716619,0.7510248852317252,0.8993196693974375,0.7867944770007471,0.8264072683178505,0.8920526515155022,1.0,0.2603,0.8364529397119703,0.2942,1.0,0.7318727435391681,0.4506526014377858,0.8825130056915306,0.8124616573961286,0.9085196223731953,0.8517352035665309,1.0,0.3582,0.7066113831022158,0.2942,1.0,0.8400569154005615,0.40337864992073436,0.8513300183467652,0.8799523538434004,0.8919037432918514,0.8927218976988639,0.8190470124302229,1.0,0.2603,0.687730539363756,0.1478,1.0,0.8287974750549925,0.9210214374229155,0.8060629215174968,0.9051248212367993,0.8715040481620984,0.4634,0.7881745816510232,0.1478,1.0,0.7164845267733579,0.7969690586701186,0.8879984769626369,0.8818981182608729,0.9155102721865316,0.9671169078794686,0.2603,0.705876143310734,0.2942,1.0,0.810714195134491,0.4642792868546489,0.8448134239739123,0.847355631627609,0.8004930224873519,0.9530915555096227,0.7837032030978484,0.3582,0.7556815365719218,0.1478,0.8483952962544629,0.7423176439884367,0.1478,1.0,0.7366943305759144,0.40998956441342427,0.8393597908044031,0.789710289243097,0.7877272716445922,0.2942,0.7467197853926466,0.3964391431392775,0.8716866702381987,0.8797842166738141,0.9388633622294047,0.8698720821440478,1.0,0.2603,0.728038794216923,0.1478,0.3582,0.2942,0.7466679102410408,0.8114499672957483,0.2942,1.0,0.727045570686286,0.45623524410544497,0.8931131917059025,0.8947698261613555,0.796603056915889,0.9493911799295278,0.8326553842841133,0.7526485158127014,1.0,0.2603,0.6876545240737448,0.2942,1.0,0.8173236837462844,0.37871244999248965,0.8713821088134286,0.7443847158035743,0.9105573811386789,0.9653406250173593,0.7814490907162916,0.7775980268168768,0.9713513847703659,0.2603,0.7359310929609806,0.2942,0.7307006191371115,0.4337479278314447,0.8611827533002823,0.821416574183504,0.8555297029869107,0.2942,1.0,0.8772041417576752,0.4351994795764186,0.7519450256160474,0.761317300714597,0.8982648138886904,0.830365846451375,0.7619005920885721,0.8998156778645671,0.9993151462119048,0.4634,0.7711482144806634,0.2942,0.38660713203205005,0.9409392663963717,0.1478,0.7581538959889748,0.1478,1.0,0.4667190164054136,0.7765842420177008,0.8258184741478791,0.3582,0.7614468624472919,0.1478,0.7631368789612205,0.3739974383184684,0.8556231744966867,0.7708559444031216,0.12062526048371855,0.2316579313499818,0.22843857905017964,0.11808881048948877,0.23222894156536564,0.23830903978686108,0.24117748975858258,0.2350689582734696,0.1172256195599245,0.23605362578043604,0.11498444282031986,0.11574380612229691,0.11713415772582375,0.1183650700323974,0.1185037072324002,0.11586918960129634,0.11834881770802962,0.22880639297778854,0.2365710501564607,0.2369971959288067,0.11659903702094931,0.12053996048543078,0.22856961003869844,0.23503121035954988,0.11981242962074296,0.23957988049732454,0.12148725937660569,0.8452743968421874,0.8288027935104463,1.0,0.9958832759626932,0.2603,0.2603,0.2942,0.1478,0.4558,0.4634,0.894985008230484,0.9432474930244018,1.0,1.0,0.3582,0.2603,0.2942,0.1478,0.4558,0.4634,0.7906780227488417,0.7806785225913442,1.0,0.9757319281192782,0.3582,0.2603,0.1478,0.1478,0.4558,0.4558,0.9068693912052802,0.9050490726561974,1.0,1.0,0.3582,0.3582,0.2942,0.2942,0.7790056403170814,0.9121948546787744,1.0,1.0,0.2603,0.3582,0.2942,0.2942,0.8898795764480163,0.8060876186780356,1.0,0.9508192778507416,0.3582,0.2603,0.2942,0.2942,0.8781825381230793,0.860951205647545,1.0,0.9626652303981487,0.2603,0.1478,0.2942,0.4634,0.4634,0.950249861688196,0.8533023934379633,1.0,0.9446623440684069,0.2603,0.2603,0.2942,0.2942,0.4558,0.4634,0.8285355050663054,0.9453140177986731,1.0,1.0,0.2603,0.3582,0.2942,0.1478,0.4634,0.4634,0.843199529817766,0.9130423144585711,1.0,1.0,0.2603,0.2603,0.2942,0.1478,0.4634,0.4558,0.8914964347367389,0.910928668968281,1.0,0.8865922972742386,0.2603,0.3582,0.2942,0.2942,0.4634,0.4634,0.8495398945221514,0.9045305218423018,1.0,0.9699317357570288,0.2942,0.4558,0.4558,0.9094705144368986,0.7645154092950637,1.0,0.9819223753004337,0.3582,0.3582,0.1478,0.2942,0.4634,0.4634,0.7993114921167753,0.7919246094258421,1.0,0.8762559552625692,0.3582,0.2603,0.2942,0.1478,0.966367264005854,0.8701443478224136,1.0,0.9990984726786657,0.3582,0.2603,0.1478,0.1478,0.900737293080949,0.9263889183470568,1.0,0.8877988970882357,0.2603,0.3582,0.2942,0.1478,0.9329656981984346,0.8678564121013985,1.0,0.8919349813314724,0.2603,0.3582,0.2942,0.1478,0.8608057823620648,0.8216515024112392,1.0,1.0,0.2603,0.3582,0.1478,0.2942,0.8887234630073636,0.8033185404028385,1.0,0.8765181953221163,0.2603,0.2603,0.2942,0.2942,0.8213049384638286,0.9524080919868436,1.0,0.8867980260252565,0.2603,0.3582,0.1478,0.2942,0.913102942858367,0.9127370756460156,1.0,0.9660726635968313,0.3582,0.2603,0.1478,0.1478,0.4634,0.4558,0.8825855526626993,0.7808287984533722,1.0,0.8992475186817336,0.3582,0.3582,0.1478,0.2942,0.9150640957762095,0.8953616619656127,1.0,1.0,0.3582,0.2603,0.2942,0.2942,0.4634,0.4558,0.8439400455582979,0.9329630251353161,1.0,1.0,0.2603,0.2603,0.2942,0.2942,0.8121534834308128,0.8595398713746754,1.0,1.0,0.3582,0.2603,0.1478,0.1478,0.7778373016615029,0.8743683529776979,1.0,0.980613845521559,0.3582,0.2603,0.2942,0.2942,0.8852653593802225,0.9079974352997017,1.0,0.9495326259641159,0.3582,0.2603,0.1478,0.1478
,40,1.0,0.8006291214863401,0.9685371068140571,0.926124047476023,0.9178184636472917,0.8814632798857523,0.7901221604677504,0.1197,1.0,0.8221899329875998,0.45164193909456385,0.8882315727005492,0.8838654923946525,0.9441440106786595,0.7465453344431165,0.877589300394256,0.2551,0.7751249781603952,0.1197,1.0,0.8126784656686397,0.4389906248702284,0.8778881422545237,0.8920195422618429,0.9106483848119143,0.8511087657458336,0.9551390226742772,0.7715769316968965,0.8961125043392658,0.4946,0.2551,0.7111177845631855,0.1197,0.720982434912367,0.46870171071909295,0.8904004566072529,0.8333746855917803,0.809718979289634,0.7717880249430257,0.1197,0.4213032265574845,0.8842327735853212,0.734981478217545,1.0,0.46002383576364764,0.3506,0.215,0.7627245935301945,0.3772604963889923,0.9561070504151368,0.7682367225595499,0.8218619413112949,1.0,0.7293886508578225,0.215,1.0,0.8843433065370178,0.4334641236677975,0.7282945148909816,0.7492444731207115,0.8710255253502404,0.8955691796542165,0.8628374037150341,0.7505862245594533,0.8724674258935813,0.2551,0.7534584761608079,0.1197,1.0,0.9001148830323321,0.4470578645643719,0.746641475716619,0.7510248852317252,0.8993196693974375,0.7867944770007471,0.8264072683178505,0.8920526515155022,1.0,0.2551,0.8364529397119703,0.215,1.0,0.7318727435391681,0.4506526014377858,0.8825130056915306,0.8124616573961286,0.9085196223731953,0.8517352035665309,1.0,0.3506,0.7066113831022158,0.215,1.0,0.8400569154005615,0.40337864992073436,0.8513300183467652,0.8799523538434004,0.8919037432918514,0.8927218976988639,0.8190470124302229,1.0,0.2551,0.687730539363756,0.1197,1.0,0.8287974750549925,0.9210214374229155,0.8060629215174968,0.9051248212367993,0.8715040481620984,0.4946,0.7881745816510232,0.1197,1.0,0.7164845267733579,0.7969690586701186,0.8879984769626369,0.8818981182608729,0.9155102721865316,0.9671169078794686,0.2551,0.705876143310734,0.215,1.0,0.810714195134491,0.4642792868546489,0.8448134239739123,0.847355631627609,0.8004930224873519,0.9530915555096227,0.7837032030978484,0.3506,0.7556815365719218,0.1197,0.8483952962544629,0.7423176439884367,0.1197,1.0,0.7366943305759144,0.40998956441342427,0.8393597908044031,0.789710289243097,0.7877272716445922,0.215,0.7467197853926466,0.3964391431392775,0.8716866702381987,0.8797842166738141,0.9388633622294047,0.8698720821440478,1.0,0.2551,0.728038794216923,0.1197,0.3506,0.215,0.7466679102410408,0.8114499672957483,0.215,1.0,0.727045570686286,0.45623524410544497,0.8931131917059025,0.8947698261613555,0.796603056915889,0.9493911799295278,0.8326553842841133,0.7526485158127014,1.0,0.2551,0.6876545240737448,0.215,1.0,0.8173236837462844,0.37871244999248965,0.8713821088134286,0.7443847158035743,0.9105573811386789,0.9653406250173593,0.7814490907162916,0.7775980268168768,0.9713513847703659,0.2551,0.7359310929609806,0.215,0.7307006191371115,0.4337479278314447,0.8611827533002823,0.821416574183504,0.8555297029869107,0.215,1.0,0.8772041417576752,0.4351994795764186,0.7519450256160474,0.761317300714597,0.8982648138886904,0.830365846451375,0.7619005920885721,0.8998156778645671,0.9993151462119048,0.4946,0.7711482144806634,0.215,0.38660713203205005,0.9409392663963717,0.1197,0.7581538959889748,0.1197,1.0,0.4667190164054136,0.7765842420177008,0.8258184741478791,0.3506,0.7614468624472919,0.1197,0.7631368789612205,0.3739974383184684,0.8556231744966867,0.7708559444031216,0.09769177050000753,0.16929454534414035,0.16694185756556296,0.09563755490928151,0.1697118369699307,0.17415514464369522,0.17625139462302944,0.17178730805165182,0.09493847538107554,0.17250689851391485,0.09312339516638897,0.09373838696102126,0.09486440243424293,0.09586129149443823,0.09597357074234307,0.09383993230903365,0.09584812909100911,0.16721065428356402,0.1728850298560131,0.17319645521649707,0.09443101983361052,0.09762268788975688,0.1670376144062548,0.1717597220506568,0.09703347649257736,0.17508386916017937,0.09838988462367865,0.8452743968421874,0.8288027935104463,1.0,0.9958832759626932,0.2551,0.2551,0.215,0.1197,0.4622,0.4946,0.894985008230484,0.9432474930244018,1.0,1.0,0.3506,0.2551,0.215,0.1197,0.4622,0.4946,0.7906780227488417,0.7806785225913442,1.0,0.9757319281192782,0.3506,0.2551,0.1197,0.1197,0.4622,0.4622,0.9068693912052802,0.9050490726561974,1.0,1.0,0.3506,0.3506,0.215,0.215,0.7790056403170814,0.9121948546787744,1.0,1.0,0.2551,0.3506,0.215,0.215,0.8898795764480163,0.8060876186780356,1.0,0.9508192778507416,0.3506,0.2551,0.215,0.215,0.8781825381230793,0.860951205647545,1.0,0.9626652303981487,0.2551,0.1197,0.215,0.4946,0.4946,0.950249861688196,0.8533023934379633,1.0,0.9446623440684069,0.2551,0.2551,0.215,0.215,0.4622,0.4946,0.8285355050663054,0.9453140177986731,1.0,1.0,0.2551,0.3506,0.215,0.1197,0.4946,0.4946,0.843199529817766,0.9130423144585711,1.0,1.0,0.2551,0.2551,0.215,0.1197,0.4946,0.4622,0.8914964347367389,0.910928668968281,1.0,0.8865922972742386,0.2551,0.3506,0.215,0.215,0.4946,0.4946,0.8495398945221514,0.9045305218423018,1.0,0.9699317357570288,0.215,0.4622,0.4622,0.9094705144368986,0.7645154092950637,1.0,0.9819223753004337,0.3506,0.3506,0.1197,0.215,0.4946,0.4946,0.7993114921167753,0.7919246094258421,1.0,0.8762559552625692,0.3506,0.2551,0.215,0.1197,0.966367264005854,0.8701443478224136,1.0,0.9990984726786657,0.3506,0.2551,0.1197,0.1197,0.900737293080949,0.9263889183470568,1.0,0.8877988970882357,0.2551,0.3506,0.215,0.1197,0.9329656981984346,0.8678564121013985,1.0,0.8919349813314724,0.2551,0.3506,0.215,0.1197,0.8608057823620648,0.8216515024112392,1.0,1.0,0.2551,0.3506,0.1197,0.215,0.8887234630073636,0.8033185404028385,1.0,0.8765181953221163,0.2551,0.2551,0.215,0.215,0.8213049384638286,0.9524080919868436,1.0,0.8867980260252565,0.2551,0.3506,0.1197,0.215,0.913102942858367,0.9127370756460156,1.0,0.9660726635968313,0.3506,0.2551,0.1197,0.1197,0.4946,0.4622,0.8825855526626993,0.7808287984533722,1.0,0.8992475186817336,0.3506,0.3506,0.1197,0.215,0.9150640957762095,0.8953616619656127,1.0,1.0,0.3506,0.2551,0.215,0.215,0.4946,0.4622,0.8439400455582979,0.9329630251353161,1.0,1.0,0.2551,0.2551,0.215,0.215,0.8121534834308128,0.8595398713746754,1.0,1.0,0.3506,0.2551,0.1197,0.1197,0.7778373016615029,0.8743683529776979,1.0,0.980613845521559,0.3506,0.2551,0.215,0.215,0.8852653593802225,0.9079974352997017,1.0,0.9495326259641159,0.3506,0.2551,0.1197,0.1197
,41,1.0,0.8006291214863401,0.9685371068140571,0.926124047476023,0.9178184636472917,0.8814632798857523,0.7901221604677504,0.03604,1.0,0.8221899329875998,0.45164193909456385,0.8882315727005492,0.8838654923946525,0.9441440106786595,0.7465453344431165,0.877589300394256,0.2512,0.7751249781603952,0.03604,1.0,0.8126784656686397,0.4389906248702284,0.8778881422545237,0.8920195422618429,0.9106483848119143,0.8511087657458336,0.9551390226742772,0.7715769316968965,0.8961125043392658,0.5273,0.2512,0.7111177845631855,0.03604,0.720982434912367,0.46870171071909295,0.8904004566072529,0.8333746855917803,0.809718979289634,0.7717880249430257,0.03604,0.4213032265574845,0.8842327735853212,0.734981478217545,1.0,0.46002383576364764,0.4268,0.0674,0.7627245935301945,0.3772604963889923,0.9561070504151368,0.7682367225595499,0.8218619413112949,1.0,0.7293886508578225,0.0674,1.0,0.8843433065370178,0.4334641236677975,0.7282945148909816,0.7492444731207115,0.8710255253502404,0.8955691796542165,0.8628374037150341,0.7505862245594533,0.8724674258935813,0.2512,0.7534584761608079,0.03604,1.0,0.9001148830323321,0.4470578645643719,0.746641475716619,0.7510248852317252,0.8993196693974375,0.7867944770007471,0.8264072683178505,0.8920526515155022,1.0,0.2512,0.8364529397119703,0.0674,1.0,0.7318727435391681,0.4506526014377858,0.8825130056915306,0.8124616573961286,0.9085196223731953,0.8517352035665309,1.0,0.4268,0.7066113831022158,0.0674,1.0,0.8400569154005615,0.40337864992073436,0.8513300183467652,0.8799523538434004,0.8919037432918514,0.8927218976988639,0.8190470124302229,1.0,0.2512,0.687730539363756,0.03604,1.0,0.8287974750549925,0.9210214374229155,0.8060629215174968,0.9051248212367993,0.8715040481620984,0.5273,0.7881745816510232,0.03604,1.0,0.7164845267733579,0.7969690586701186,0.8879984769626369,0.8818981182608729,0.9155102721865316,0.9671169078794686,0.2512,0.705876143310734,0.0674,1.0,0.810714195134491,0.4642792868546489,0.8448134239739123,0.847355631627609,0.8004930224873519,0.9530915555096227,0.7837032030978484,0.4268,0.7556815365719218,0.03604,0.8483952962544629,0.7423176439884367,0.03604,1.0,0.7366943305759144,0.40998956441342427,0.8393597908044031,0.789710289243097,0.7877272716445922,0.0674,0.7467197853926466,0.3964391431392775,0.8716866702381987,0.8797842166738141,0.9388633622294047,0.8698720821440478,1.0,0.2512,0.728038794216923,0.03604,0.4268,0.0674,0.7466679102410408,0.8114499672957483,0.0674,1.0,0.727045570686286,0.45623524410544497,0.8931131917059025,0.8947698261613555,0.796603056915889,0.9493911799295278,0.8326553842841133,0.7526485158127014,1.0,0.2512,0.6876545240737448,0.0674,1.0,0.8173236837462844,0.37871244999248965,0.8713821088134286,0.7443847158035743,0.9105573811386789,0.9653406250173593,0.7814490907162916,0.7775980268168768,0.9713513847703659,0.2512,0.7359310929609806,0.0674,0.7307006191371115,0.4337479278314447,0.8611827533002823,0.821416574183504,0.8555297029869107,0.0674,1.0,0.8772041417576752,0.4351994795764186,0.7519450256160474,0.761317300714597,0.8982648138886904,0.830365846451375,0.7619005920885721,0.8998156778645671,0.9993151462119048,0.5273,0.7711482144806634,0.0674,0.38660713203205005,0.9409392663963717,0.03604,0.7581538959889748,0.03604,1.0,0.4667190164054136,0.7765842420177008,0.8258184741478791,0.4268,0.7614468624472919,0.03604,0.7631368789612205,0.3739974383184684,0.8556231744966867,0.7708559444031216,0.02941362914636818,0.053071871424163065,0.05233433116241369,0.02879513349148292,0.05320268749662013,0.05459561278597701,0.055252762779498525,0.05385332354735503,0.02858465039877997,0.05407890678994354,0.0280381550693121,0.028223320518589858,0.02856234806792076,0.028862497455802452,0.028896303170877564,0.028253894406161845,0.02885853443976582,0.05241859580796379,0.05419744656881527,0.054295074798101875,0.028431862613227426,0.029392829336230893,0.05236434981851895,0.053844675656810545,0.029215426004949772,0.05488675712277251,0.02962382156923457,0.8452743968421874,0.8288027935104463,1.0,0.9958832759626932,0.2512,0.2512,0.0674,0.03604,0.489,0.5273,0.894985008230484,0.9432474930244018,1.0,1.0,0.4268,0.2512,0.0674,0.03604,0.489,0.5273,0.7906780227488417,0.7806785225913442,1.0,0.9757319281192782,0.4268,0.2512,0.03604,0.03604,0.489,0.489,0.9068693912052802,0.9050490726561974,1.0,1.0,0.4268,0.4268,0.0674,0.0674,0.7790056403170814,0.9121948546787744,1.0,1.0,0.2512,0.4268,0.0674,0.0674,0.8898795764480163,0.8060876186780356,1.0,0.9508192778507416,0.4268,0.2512,0.0674,0.0674,0.8781825381230793,0.860951205647545,1.0,0.9626652303981487,0.2512,0.03604,0.0674,0.5273,0.5273,0.950249861688196,0.8533023934379633,1.0,0.9446623440684069,0.2512,0.2512,0.0674,0.0674,0.489,0.5273,0.8285355050663054,0.9453140177986731,1.0,1.0,0.2512,0.4268,0.0674,0.03604,0.5273,0.5273,0.843199529817766,0.9130423144585711,1.0,1.0,0.2512,0.2512,0.0674,0.03604,0.5273,0.489,0.8914964347367389,0.910928668968281,1.0,0.8865922972742386,0.2512,0.4268,0.0674,0.0674,0.5273,0.5273,0.8495398945221514,0.9045305218423018,1.0,0.9699317357570288,0.0674,0.489,0.489,0.9094705144368986,0.7645154092950637,1.0,0.9819223753004337,0.4268,0.4268,0.03604,0.0674,0.5273,0.5273,0.7993114921167753,0.7919246094258421,1.0,0.8762559552625692,0.4268,0.2512,0.0674,0.03604,0.966367264005854,0.8701443478224136,1.0,0.9990984726786657,0.4268,0.2512,0.03604,0.03604,0.900737293080949,0.9263889183470568,1.0,0.8877988970882357,0.2512,0.4268,0.0674,0.03604,0.9329656981984346,0.8678564121013985,1.0,0.8919349813314724,0.2512,0.4268,0.0674,0.03604,0.8608057823620648,0.8216515024112392,1.0,1.0,0.2512,0.4268,0.03604,0.0674,0.8887234630073636,0.8033185404028385,1.0,0.8765181953221163,0.2512,0.2512,0.0674,0.0674,0.8213049384638286,0.9524080919868436,1.0,0.8867980260252565,0.2512,0.4268,0.03604,0.0674,0.913102942858367,0.9127370756460156,1.0,0.9660726635968313,0.4268,0.2512,0.03604,0.03604,0.5273,0.489,0.8825855526626993,0.7808287984533722,1.0,0.8992475186817336,0.4268,0.4268,0.03604,0.0674,0.9150640957762095,0.8953616619656127,1.0,1.0,0.4268,0.2512,0.0674,0.0674,0.5273,0.489,0.8439400455582979,0.9329630251353161,1.0,1.0,0.2512,0.2512,0.0674,0.0674,0.8121534834308128,0.8595398713746754,1.0,1.0,0.4268,0.2512,0.03604,0.03604,0.7778373016615029,0.8743683529776979,1.0,0.980613845521559,0.4268,0.2512,0.0674,0.0674,0.8852653593802225,0.9079974352997017,1.0,0.9495326259641159,0.4268,0.2512,0.03604,0.03604
,42,1.0,0.8006291214863401,0.9685371068140571,0.926124047476023,0.9178184636472917,0.8814632798857523,0.7901221604677504,0.0,1.0,0.8221899329875998,0.45164193909456385,0.8882315727005492,0.8838654923946525,0.9441440106786595,0.7465453344431165,0.877589300394256,0.304,0.7751249781603952,0.0,1.0,0.8126784656686397,0.4389906248702284,0.8778881422545237,0.8920195422618429,0.9106483848119143,0.8511087657458336,0.9551390226742772,0.7715769316968965,0.8961125043392658,0.556,0.304,0.7111177845631855,0.0,0.720982434912367,0.46870171071909295,0.8904004566072529,0.8333746855917803,0.809718979289634,0.7717880249430257,0.0,0.4213032265574845,0.8842327735853212,0.734981478217545,1.0,0.46002383576364764,0.5044,7.546e-05,0.7627245935301945,0.3772604963889923,0.9561070504151368,0.7682367225595499,0.8218619413112949,1.0,0.7293886508578225,7.546e-05,1.0,0.8843433065370178,0.4334641236677975,0.7282945148909816,0.7492444731207115,0.8710255253502404,0.8955691796542165,0.8628374037150341,0.7505862245594533,0.8724674258935813,0.304,0.7534584761608079,0.0,1.0,0.9001148830323321,0.4470578645643719,0.746641475716619,0.7510248852317252,0.8993196693974375,0.7867944770007471,0.8264072683178505,0.8920526515155022,1.0,0.304,0.8364529397119703,7.546e-05,1.0,0.7318727435391681,0.4506526014377858,0.8825130056915306,0.8124616573961286,0.9085196223731953,0.8517352035665309,1.0,0.5044,0.7066113831022158,7.546e-05,1.0,0.8400569154005615,0.40337864992073436,0.8513300183467652,0.8799523538434004,0.8919037432918514,0.8927218976988639,0.8190470124302229,1.0,0.304,0.687730539363756,0.0,1.0,0.8287974750549925,0.9210214374229155,0.8060629215174968,0.9051248212367993,0.8715040481620984,0.556,0.7881745816510232,0.0,1.0,0.7164845267733579,0.7969690586701186,0.8879984769626369,0.8818981182608729,0.9155102721865316,0.9671169078794686,0.304,0.705876143310734,7.546e-05,1.0,0.810714195134491,0.4642792868546489,0.8448134239739123,0.847355631627609,0.8004930224873519,0.9530915555096227,0.7837032030978484,0.5044,0.7556815365719218,0.0,0.8483952962544629,0.7423176439884367,0.0,1.0,0.7366943305759144,0.40998956441342427,0.8393597908044031,0.789710289243097,0.7877272716445922,7.546e-05,0.7467197853926466,0.3964391431392775,0.8716866702381987,0.8797842166738141,0.9388633622294047,0.8698720821440478,1.0,0.304,0.728038794216923,0.0,0.5044,7.546e-05,0.7466679102410408,0.8114499672957483,7.546e-05,1.0,0.727045570686286,0.45623524410544497,0.8931131917059025,0.8947698261613555,0.796603056915889,0.9493911799295278,0.8326553842841133,0.7526485158127014,1.0,0.304,0.6876545240737448,7.546e-05,1.0,0.8173236837462844,0.37871244999248965,0.8713821088134286,0.7443847158035743,0.9105573811386789,0.9653406250173593,0.7814490907162916,0.7775980268168768,0.9713513847703659,0.304,0.7359310929609806,7.546e-05,0.7307006191371115,0.4337479278314447,0.8611827533002823,0.821416574183504,0.8555297029869107,7.546e-05,1.0,0.8772041417576752,0.4351994795764186,0.7519450256160474,0.761317300714597,0.8982648138886904,0.830365846451375,0.7619005920885721,0.8998156778645671,0.9993151462119048,0.556,0.7711482144806634,7.546e-05,0.38660713203205005,0.9409392663963717,0.0,0.7581538959889748,0.0,1.0,0.4667190164054136,0.7765842420177008,0.8258184741478791,0.5044,0.7614468624472919,0.0,0.7631368789612205,0.3739974383184684,0.8556231744966867,0.7708559444031216,0.0,5.94184483333434e-05,5.8592709636732004e-05,0.0,5.95649079895394e-05,6.112440565029414e-05,6.186014064304094e-05,6.0293350072454166e-05,0.0,6.054590959004658e-05,0.0,0.0,0.0,0.0,0.0,0.0,0.0,5.868705103366391e-05,6.067862489737092e-05,6.078792795645055e-05,0.0,0.0,5.862631806091157e-05,6.0283668027639816e-05,0.0,6.145036635733552e-05,0.0,0.8452743968421874,0.8288027935104463,1.0,0.9958832759626932,0.304,0.304,7.546e-05,0.0,0.5005,0.556,0.894985008230484,0.9432474930244018,1.0,1.0,0.5044,0.304,7.546e-05,0.0,0.5005,0.556,0.7906780227488417,0.7806785225913442,1.0,0.9757319281192782,0.5044,0.304,0.0,0.0,0.5005,0.5005,0.9068693912052802,0.9050490726561974,1.0,1.0,0.5044,0.5044,7.546e-05,7.546e-05,0.7790056403170814,0.9121948546787744,1.0,1.0,0.304,0.5044,7.546e-05,7.546e-05,0.8898795764480163,0.8060876186780356,1.0,0.9508192778507416,0.5044,0.304,7.546e-05,7.546e-05,0.8781825381230793,0.860951205647545,1.0,0.9626652303981487,0.304,0.0,7.546e-05,0.556,0.556,0.950249861688196,0.8533023934379633,1.0,0.9446623440684069,0.304,0.304,7.546e-05,7.546e-05,0.5005,0.556,0.8285355050663054,0.9453140177986731,1.0,1.0,0.304,0.5044,7.546e-05,0.0,0.556,0.556,0.843199529817766,0.9130423144585711,1.0,1.0,0.304,0.304,7.546e-05,0.0,0.556,0.5005,0.8914964347367389,0.910928668968281,1.0,0.8865922972742386,0.304,0.5044,7.546e-05,7.546e-05,0.556,0.556,0.8495398945221514,0.9045305218423018,1.0,0.9699317357570288,7.546e-05,0.5005,0.5005,0.9094705144368986,0.7645154092950637,1.0,0.9819223753004337,0.5044,0.5044,0.0,7.546e-05,0.556,0.556,0.7993114921167753,0.7919246094258421,1.0,0.8762559552625692,0.5044,0.304,7.546e-05,0.0,0.966367264005854,0.8701443478224136,1.0,0.9990984726786657,0.5044,0.304,0.0,0.0,0.900737293080949,0.9263889183470568,1.0,0.8877988970882357,0.304,0.5044,7.546e-05,0.0,0.9329656981984346,0.8678564121013985,1.0,0.8919349813314724,0.304,0.5044,7.546e-05,0.0,0.8608057823620648,0.8216515024112392,1.0,1.0,0.304,0.5044,0.0,7.546e-05,0.8887234630073636,0.8033185404028385,1.0,0.8765181953221163,0.304,0.304,7.546e-05,7.546e-05,0.8213049384638286,0.9524080919868436,1.0,0.8867980260252565,0.304,0.5044,0.0,7.546e-05,0.913102942858367,0.9127370756460156,1.0,0.9660726635968313,0.5044,0.304,0.0,0.0,0.556,0.5005,0.8825855526626993,0.7808287984533722,1.0,0.8992475186817336,0.5044,0.5044,0.0,7.546e-05,0.9150640957762095,0.8953616619656127,1.0,1.0,0.5044,0.304,7.546e-05,7.546e-05,0.556,0.5005,0.8439400455582979,0.9329630251353161,1.0,1.0,0.304,0.304,7.546e-05,7.546e-05,0.8121534834308128,0.8595398713746754,1.0,1.0,0.5044,0.304,0.0,0.0,0.7778373016615029,0.8743683529776979,1.0,0.980613845521559,0.5044,0.304,7.546e-05,7.546e-05,0.8852653593802225,0.9079974352997017,1.0,0.9495326259641159,0.5044,0.304,0.0,0.0
,43,1.0,0.8006291214863401,0.9685371068140571,0.926124047476023,0.9178184636472917,0.8814632798857523,0.7901221604677504,0.0,1.0,0.8221899329875998,0.45164193909456385,0.8882315727005492,0.8838654923946525,0.9441440106786595,0.7465453344431165,0.877589300394256,0.3418,0.7751249781603952,0.0,1.0,0.8126784656686397,0.4389906248702284,0.8778881422545237,0.8920195422618429,0.9106483848119143,0.8511087657458336,0.9551390226742772,0.7715769316968965,0.8961125043392658,0.59,0.3418,0.7111177845631855,0.0,0.720982434912367,0.46870171071909295,0.8904004566072529,0.8333746855917803,0.809718979289634,0.7717880249430257,0.0,0.4213032265574845,0.8842327735853212,0.734981478217545,1.0,0.46002383576364764,0.515,0.0,0.7627245935301945,0.3772604963889923,0.9561070504151368,0.7682367225595499,0.8218619413112949,1.0,0.7293886508578225,0.0,1.0,0.8843433065370178,0.4334641236677975,0.7282945148909816,0.7492444731207115,0.8710255253502404,0.8955691796542165,0.8628374037150341,0.7505862245594533,0.8724674258935813,0.3418,0.7534584761608079,0.0,1.0,0.9001148830323321,0.4470578645643719,0.746641475716619,0.7510248852317252,0.8993196693974375,0.7867944770007471,0.8264072683178505,0.8920526515155022,1.0,0.3418,0.8364529397119703,0.0,1.0,0.7318727435391681,0.4506526014377858,0.8825130056915306,0.8124616573961286,0.9085196223731953,0.8517352035665309,1.0,0.515,0.7066113831022158,0.0,1.0,0.8400569154005615,0.40337864992073436,0.8513300183467652,0.8799523538434004,0.8919037432918514,0.8927218976988639,0.8190470124302229,1.0,0.3418,0.687730539363756,0.0,1.0,0.8287974750549925,0.9210214374229155,0.8060629215174968,0.9051248212367993,0.8715040481620984,0.59,0.7881745816510232,0.0,1.0,0.7164845267733579,0.7969690586701186,0.8879984769626369,0.8818981182608729,0.9155102721865316,0.9671169078794686,0.3418,0.705876143310734,0.0,1.0,0.810714195134491,0.4642792868546489,0.8448134239739123,0.847355631627609,0.8004930224873519,0.9530915555096227,0.7837032030978484,0.515,0.7556815365719218,0.0,0.8483952962544629,0.7423176439884367,0.0,1.0,0.7366943305759144,0.40998956441342427,0.8393597908044031,0.789710289243097,0.7877272716445922,0.0,0.7467197853926466,0.3964391431392775,0.8716866702381987,0.8797842166738141,0.9388633622294047,0.8698720821440478,1.0,0.3418,0.728038794216923,0.0,0.515,0.0,0.7466679102410408,0.8114499672957483,0.0,1.0,0.727045570686286,0.45623524410544497,0.8931131917059025,0.8947698261613555,0.796603056915889,0.9493911799295278,0.8326553842841133,0.7526485158127014,1.0,0.3418,0.6876545240737448,0.0,1.0,0.8173236837462844,0.37871244999248965,0.8713821088134286,0.7443847158035743,0.9105573811386789,0.9653406250173593,0.7814490907162916,0.7775980268168768,0.9713513847703659,0.3418,0.7359310929609806,0.0,0.7307006191371115,0.4337479278314447,0.8611827533002823,0.821416574183504,0.8555297029869107,0.0,1.0,0.8772041417576752,0.4351994795764186,0.7519450256160474,0.761317300714597,0.8982648138886904,0.830365846451375,0.7619005920885721,0.8998156778645671,0.9993151462119048,0.59,0.7711482144806634,0.0,0.38660713203205005,0.9409392663963717,0.0,0.7581538959889748,0.0,1.0,0.4667190164054136,0.7765842420177008,0.8258184741478791,0.515,0.7614468624472919,0.0,0.7631368789612205,0.3739974383184684,0.8556231744966867,0.7708559444031216,0.0,0.0,0.0,0.0,0.0,0.0,0.0,0.0,0.0,0.0,0.0,0.0,0.0,0.0,0.0,0.0,0.0,0.0,0.0,0.0,0.0,0.0,0.0,0.0,0.0,0.0,0.0,0.8452743968421874,0.8288027935104463,1.0,0.9958832759626932,0.3418,0.3418,0.0,0.0,0.5166,0.59,0.894985008230484,0.9432474930244018,1.0,1.0,0.515,0.3418,0.0,0.0,0.5166,0.59,0.7906780227488417,0.7806785225913442,1.0,0.9757319281192782,0.515,0.3418,0.0,0.0,0.5166,0.5166,0.9068693912052802,0.9050490726561974,1.0,1.0,0.515,0.515,0.0,0.0,0.7790056403170814,0.9121948546787744,1.0,1.0,0.3418,0.515,0.0,0.0,0.8898795764480163,0.8060876186780356,1.0,0.9508192778507416,0.515,0.3418,0.0,0.0,0.8781825381230793,0.860951205647545,1.0,0.9626652303981487,0.3418,0.0,0.0,0.59,0.59,0.950249861688196,0.8533023934379633,1.0,0.9446623440684069,0.3418,0.3418,0.0,0.0,0.5166,0.59,0.8285355050663054,0.9453140177986731,1.0,1.0,0.3418,0.515,0.0,0.0,0.59,0.59,0.843199529817766,0.9130423144585711,1.0,1.0,0.3418,0.3418,0.0,0.0,0.59,0.5166,0.8914964347367389,0.910928668968281,1.0,0.8865922972742386,0.3418,0.515,0.0,0.0,0.59,0.59,0.8495398945221514,0.9045305218423018,1.0,0.9699317357570288,0.0,0.5166,0.5166,0.9094705144368986,0.7645154092950637,1.0,0.9819223753004337,0.515,0.515,0.0,0.0,0.59,0.59,0.7993114921167753,0.7919246094258421,1.0,0.8762559552625692,0.515,0.3418,0.0,0.0,0.966367264005854,0.8701443478224136,1.0,0.9990984726786657,0.515,0.3418,0.0,0.0,0.900737293080949,0.9263889183470568,1.0,0.8877988970882357,0.3418,0.515,0.0,0.0,0.9329656981984346,0.8678564121013985,1.0,0.8919349813314724,0.3418,0.515,0.0,0.0,0.8608057823620648,0.8216515024112392,1.0,1.0,0.3418,0.515,0.0,0.0,0.8887234630073636,0.8033185404028385,1.0,0.8765181953221163,0.3418,0.3418,0.0,0.0,0.8213049384638286,0.9524080919868436,1.0,0.8867980260252565,0.3418,0.515,0.0,0.0,0.913102942858367,0.9127370756460156,1.0,0.9660726635968313,0.515,0.3418,0.0,0.0,0.59,0.5166,0.8825855526626993,0.7808287984533722,1.0,0.8992475186817336,0.515,0.515,0.0,0.0,0.9150640957762095,0.8953616619656127,1.0,1.0,0.515,0.3418,0.0,0.0,0.59,0.5166,0.8439400455582979,0.9329630251353161,1.0,1.0,0.3418,0.3418,0.0,0.0,0.8121534834308128,0.8595398713746754,1.0,1.0,0.515,0.3418,0.0,0.0,0.7778373016615029,0.8743683529776979,1.0,0.980613845521559,0.515,0.3418,0.0,0.0,0.8852653593802225,0.9079974352997017,1.0,0.9495326259641159,0.515,0.3418,0.0,0.0
,44,1.0,0.8006291214863401,0.9685371068140571,0.926124047476023,0.9178184636472917,0.8814632798857523,0.7901221604677504,0.0,1.0,0.8221899329875998,0.45164193909456385,0.8882315727005492,0.8838654923946525,0.9441440106786595,0.7465453344431165,0.877589300394256,0.3596,0.7751249781603952,0.0,1.0,0.8126784656686397,0.4389906248702284,0.8778881422545237,0.8920195422618429,0.9106483848119143,0.8511087657458336,0.9551390226742772,0.7715769316968965,0.8961125043392658,0.5913,0.3596,0.7111177845631855,0.0,0.720982434912367,0.46870171071909295,0.8904004566072529,0.8333746855917803,0.809718979289634,0.7717880249430257,0.0,0.4213032265574845,0.8842327735853212,0.734981478217545,1.0,0.46002383576364764,0.488,0.0,0.7627245935301945,0.3772604963889923,0.9561070504151368,0.7682367225595499,0.8218619413112949,1.0,0.7293886508578225,0.0,1.0,0.8843433065370178,0.4334641236677975,0.7282945148909816,0.7492444731207115,0.8710255253502404,0.8955691796542165,0.8628374037150341,0.7505862245594533,0.8724674258935813,0.3596,0.7534584761608079,0.0,1.0,0.9001148830323321,0.4470578645643719,0.746641475716619,0.7510248852317252,0.8993196693974375,0.7867944770007471,0.8264072683178505,0.8920526515155022,1.0,0.3596,0.8364529397119703,0.0,1.0,0.7318727435391681,0.4506526014377858,0.8825130056915306,0.8124616573961286,0.9085196223731953,0.8517352035665309,1.0,0.488,0.7066113831022158,0.0,1.0,0.8400569154005615,0.40337864992073436,0.8513300183467652,0.8799523538434004,0.8919037432918514,0.8927218976988639,0.8190470124302229,1.0,0.3596,0.687730539363756,0.0,1.0,0.8287974750549925,0.9210214374229155,0.8060629215174968,0.9051248212367993,0.8715040481620984,0.5913,0.7881745816510232,0.0,1.0,0.7164845267733579,0.7969690586701186,0.8879984769626369,0.8818981182608729,0.9155102721865316,0.9671169078794686,0.3596,0.705876143310734,0.0,1.0,0.810714195134491,0.4642792868546489,0.8448134239739123,0.847355631627609,0.8004930224873519,0.9530915555096227,0.7837032030978484,0.488,0.7556815365719218,0.0,0.8483952962544629,0.7423176439884367,0.0,1.0,0.7366943305759144,0.40998956441342427,0.8393597908044031,0.789710289243097,0.7877272716445922,0.0,0.7467197853926466,0.3964391431392775,0.8716866702381987,0.8797842166738141,0.9388633622294047,0.8698720821440478,1.0,0.3596,0.728038794216923,0.0,0.488,0.0,0.7466679102410408,0.8114499672957483,0.0,1.0,0.727045570686286,0.45623524410544497,0.8931131917059025,0.8947698261613555,0.796603056915889,0.9493911799295278,0.8326553842841133,0.7526485158127014,1.0,0.3596,0.6876545240737448,0.0,1.0,0.8173236837462844,0.37871244999248965,0.8713821088134286,0.7443847158035743,0.9105573811386789,0.9653406250173593,0.7814490907162916,0.7775980268168768,0.9713513847703659,0.3596,0.7359310929609806,0.0,0.7307006191371115,0.4337479278314447,0.8611827533002823,0.821416574183504,0.8555297029869107,0.0,1.0,0.8772041417576752,0.4351994795764186,0.7519450256160474,0.761317300714597,0.8982648138886904,0.830365846451375,0.7619005920885721,0.8998156778645671,0.9993151462119048,0.5913,0.7711482144806634,0.0,0.38660713203205005,0.9409392663963717,0.0,0.7581538959889748,0.0,1.0,0.4667190164054136,0.7765842420177008,0.8258184741478791,0.488,0.7614468624472919,0.0,0.7631368789612205,0.3739974383184684,0.8556231744966867,0.7708559444031216,0.0,0.0,0.0,0.0,0.0,0.0,0.0,0.0,0.0,0.0,0.0,0.0,0.0,0.0,0.0,0.0,0.0,0.0,0.0,0.0,0.0,0.0,0.0,0.0,0.0,0.0,0.0,0.8452743968421874,0.8288027935104463,1.0,0.9958832759626932,0.3596,0.3596,0.0,0.0,0.538,0.5913,0.894985008230484,0.9432474930244018,1.0,1.0,0.488,0.3596,0.0,0.0,0.538,0.5913,0.7906780227488417,0.7806785225913442,1.0,0.9757319281192782,0.488,0.3596,0.0,0.0,0.538,0.538,0.9068693912052802,0.9050490726561974,1.0,1.0,0.488,0.488,0.0,0.0,0.7790056403170814,0.9121948546787744,1.0,1.0,0.3596,0.488,0.0,0.0,0.8898795764480163,0.8060876186780356,1.0,0.9508192778507416,0.488,0.3596,0.0,0.0,0.8781825381230793,0.860951205647545,1.0,0.9626652303981487,0.3596,0.0,0.0,0.5913,0.5913,0.950249861688196,0.8533023934379633,1.0,0.9446623440684069,0.3596,0.3596,0.0,0.0,0.538,0.5913,0.8285355050663054,0.9453140177986731,1.0,1.0,0.3596,0.488,0.0,0.0,0.5913,0.5913,0.843199529817766,0.9130423144585711,1.0,1.0,0.3596,0.3596,0.0,0.0,0.5913,0.538,0.8914964347367389,0.910928668968281,1.0,0.8865922972742386,0.3596,0.488,0.0,0.0,0.5913,0.5913,0.8495398945221514,0.9045305218423018,1.0,0.9699317357570288,0.0,0.538,0.538,0.9094705144368986,0.7645154092950637,1.0,0.9819223753004337,0.488,0.488,0.0,0.0,0.5913,0.5913,0.7993114921167753,0.7919246094258421,1.0,0.8762559552625692,0.488,0.3596,0.0,0.0,0.966367264005854,0.8701443478224136,1.0,0.9990984726786657,0.488,0.3596,0.0,0.0,0.900737293080949,0.9263889183470568,1.0,0.8877988970882357,0.3596,0.488,0.0,0.0,0.9329656981984346,0.8678564121013985,1.0,0.8919349813314724,0.3596,0.488,0.0,0.0,0.8608057823620648,0.8216515024112392,1.0,1.0,0.3596,0.488,0.0,0.0,0.8887234630073636,0.8033185404028385,1.0,0.8765181953221163,0.3596,0.3596,0.0,0.0,0.8213049384638286,0.9524080919868436,1.0,0.8867980260252565,0.3596,0.488,0.0,0.0,0.913102942858367,0.9127370756460156,1.0,0.9660726635968313,0.488,0.3596,0.0,0.0,0.5913,0.538,0.8825855526626993,0.7808287984533722,1.0,0.8992475186817336,0.488,0.488,0.0,0.0,0.9150640957762095,0.8953616619656127,1.0,1.0,0.488,0.3596,0.0,0.0,0.5913,0.538,0.8439400455582979,0.9329630251353161,1.0,1.0,0.3596,0.3596,0.0,0.0,0.8121534834308128,0.8595398713746754,1.0,1.0,0.488,0.3596,0.0,0.0,0.7778373016615029,0.8743683529776979,1.0,0.980613845521559,0.488,0.3596,0.0,0.0,0.8852653593802225,0.9079974352997017,1.0,0.9495326259641159,0.488,0.3596,0.0,0.0
,45,1.0,0.8006291214863401,0.9685371068140571,0.926124047476023,0.9178184636472917,0.8814632798857523,0.7901221604677504,0.0,1.0,0.8221899329875998,0.45164193909456385,0.8882315727005492,0.8838654923946525,0.9441440106786595,0.7465453344431165,0.877589300394256,0.3684,0.7751249781603952,0.0,1.0,0.8126784656686397,0.4389906248702284,0.8778881422545237,0.8920195422618429,0.9106483848119143,0.8511087657458336,0.9551390226742772,0.7715769316968965,0.8961125043392658,0.572,0.3684,0.7111177845631855,0.0,0.720982434912367,0.46870171071909295,0.8904004566072529,0.8333746855917803,0.809718979289634,0.7717880249430257,0.0,0.4213032265574845,0.8842327735853212,0.734981478217545,1.0,0.46002383576364764,0.448,0.0,0.7627245935301945,0.3772604963889923,0.9561070504151368,0.7682367225595499,0.8218619413112949,1.0,0.7293886508578225,0.0,1.0,0.8843433065370178,0.4334641236677975,0.7282945148909816,0.7492444731207115,0.8710255253502404,0.8955691796542165,0.8628374037150341,0.7505862245594533,0.8724674258935813,0.3684,0.7534584761608079,0.0,1.0,0.9001148830323321,0.4470578645643719,0.746641475716619,0.7510248852317252,0.8993196693974375,0.7867944770007471,0.8264072683178505,0.8920526515155022,1.0,0.3684,0.8364529397119703,0.0,1.0,0.7318727435391681,0.4506526014377858,0.8825130056915306,0.8124616573961286,0.9085196223731953,0.8517352035665309,1.0,0.448,0.7066113831022158,0.0,1.0,0.8400569154005615,0.40337864992073436,0.8513300183467652,0.8799523538434004,0.8919037432918514,0.8927218976988639,0.8190470124302229,1.0,0.3684,0.687730539363756,0.0,1.0,0.8287974750549925,0.9210214374229155,0.8060629215174968,0.9051248212367993,0.8715040481620984,0.572,0.7881745816510232,0.0,1.0,0.7164845267733579,0.7969690586701186,0.8879984769626369,0.8818981182608729,0.9155102721865316,0.9671169078794686,0.3684,0.705876143310734,0.0,1.0,0.810714195134491,0.4642792868546489,0.8448134239739123,0.847355631627609,0.8004930224873519,0.9530915555096227,0.7837032030978484,0.448,0.7556815365719218,0.0,0.8483952962544629,0.7423176439884367,0.0,1.0,0.7366943305759144,0.40998956441342427,0.8393597908044031,0.789710289243097,0.7877272716445922,0.0,0.7467197853926466,0.3964391431392775,0.8716866702381987,0.8797842166738141,0.9388633622294047,0.8698720821440478,1.0,0.3684,0.728038794216923,0.0,0.448,0.0,0.7466679102410408,0.8114499672957483,0.0,1.0,0.727045570686286,0.45623524410544497,0.8931131917059025,0.8947698261613555,0.796603056915889,0.9493911799295278,0.8326553842841133,0.7526485158127014,1.0,0.3684,0.6876545240737448,0.0,1.0,0.8173236837462844,0.37871244999248965,0.8713821088134286,0.7443847158035743,0.9105573811386789,0.9653406250173593,0.7814490907162916,0.7775980268168768,0.9713513847703659,0.3684,0.7359310929609806,0.0,0.7307006191371115,0.4337479278314447,0.8611827533002823,0.821416574183504,0.8555297029869107,0.0,1.0,0.8772041417576752,0.4351994795764186,0.7519450256160474,0.761317300714597,0.8982648138886904,0.830365846451375,0.7619005920885721,0.8998156778645671,0.9993151462119048,0.572,0.7711482144806634,0.0,0.38660713203205005,0.9409392663963717,0.0,0.7581538959889748,0.0,1.0,0.4667190164054136,0.7765842420177008,0.8258184741478791,0.448,0.7614468624472919,0.0,0.7631368789612205,0.3739974383184684,0.8556231744966867,0.7708559444031216,0.0,0.0,0.0,0.0,0.0,0.0,0.0,0.0,0.0,0.0,0.0,0.0,0.0,0.0,0.0,0.0,0.0,0.0,0.0,0.0,0.0,0.0,0.0,0.0,0.0,0.0,0.0,0.8452743968421874,0.8288027935104463,1.0,0.9958832759626932,0.3684,0.3684,0.0,0.0,0.546,0.572,0.894985008230484,0.9432474930244018,1.0,1.0,0.448,0.3684,0.0,0.0,0.546,0.572,0.7906780227488417,0.7806785225913442,1.0,0.9757319281192782,0.448,0.3684,0.0,0.0,0.546,0.546,0.9068693912052802,0.9050490726561974,1.0,1.0,0.448,0.448,0.0,0.0,0.7790056403170814,0.9121948546787744,1.0,1.0,0.3684,0.448,0.0,0.0,0.8898795764480163,0.8060876186780356,1.0,0.9508192778507416,0.448,0.3684,0.0,0.0,0.8781825381230793,0.860951205647545,1.0,0.9626652303981487,0.3684,0.0,0.0,0.572,0.572,0.950249861688196,0.8533023934379633,1.0,0.9446623440684069,0.3684,0.3684,0.0,0.0,0.546,0.572,0.8285355050663054,0.9453140177986731,1.0,1.0,0.3684,0.448,0.0,0.0,0.572,0.572,0.843199529817766,0.9130423144585711,1.0,1.0,0.3684,0.3684,0.0,0.0,0.572,0.546,0.8914964347367389,0.910928668968281,1.0,0.8865922972742386,0.3684,0.448,0.0,0.0,0.572,0.572,0.8495398945221514,0.9045305218423018,1.0,0.9699317357570288,0.0,0.546,0.546,0.9094705144368986,0.7645154092950637,1.0,0.9819223753004337,0.448,0.448,0.0,0.0,0.572,0.572,0.7993114921167753,0.7919246094258421,1.0,0.8762559552625692,0.448,0.3684,0.0,0.0,0.966367264005854,0.8701443478224136,1.0,0.9990984726786657,0.448,0.3684,0.0,0.0,0.900737293080949,0.9263889183470568,1.0,0.8877988970882357,0.3684,0.448,0.0,0.0,0.9329656981984346,0.8678564121013985,1.0,0.8919349813314724,0.3684,0.448,0.0,0.0,0.8608057823620648,0.8216515024112392,1.0,1.0,0.3684,0.448,0.0,0.0,0.8887234630073636,0.8033185404028385,1.0,0.8765181953221163,0.3684,0.3684,0.0,0.0,0.8213049384638286,0.9524080919868436,1.0,0.8867980260252565,0.3684,0.448,0.0,0.0,0.913102942858367,0.9127370756460156,1.0,0.9660726635968313,0.448,0.3684,0.0,0.0,0.572,0.546,0.8825855526626993,0.7808287984533722,1.0,0.8992475186817336,0.448,0.448,0.0,0.0,0.9150640957762095,0.8953616619656127,1.0,1.0,0.448,0.3684,0.0,0.0,0.572,0.546,0.8439400455582979,0.9329630251353161,1.0,1.0,0.3684,0.3684,0.0,0.0,0.8121534834308128,0.8595398713746754,1.0,1.0,0.448,0.3684,0.0,0.0,0.7778373016615029,0.8743683529776979,1.0,0.980613845521559,0.448,0.3684,0.0,0.0,0.8852653593802225,0.9079974352997017,1.0,0.9495326259641159,0.448,0.3684,0.0,0.0
,46,1.0,0.8006291214863401,0.9685371068140571,0.926124047476023,0.9178184636472917,0.8814632798857523,0.7901221604677504,0.0,1.0,0.8221899329875998,0.45164193909456385,0.8882315727005492,0.8838654923946525,0.9441440106786595,0.7465453344431165,0.877589300394256,0.3762,0.7751249781603952,0.0,1.0,0.8126784656686397,0.4389906248702284,0.8778881422545237,0.8920195422618429,0.9106483848119143,0.8511087657458336,0.9551390226742772,0.7715769316968965,0.8961125043392658,0.5474,0.3762,0.7111177845631855,0.0,0.720982434912367,0.46870171071909295,0.8904004566072529,0.8333746855917803,0.809718979289634,0.7717880249430257,0.0,0.4213032265574845,0.8842327735853212,0.734981478217545,1.0,0.46002383576364764,0.4033,0.0,0.7627245935301945,0.3772604963889923,0.9561070504151368,0.7682367225595499,0.8218619413112949,1.0,0.7293886508578225,0.0,1.0,0.8843433065370178,0.4334641236677975,0.7282945148909816,0.7492444731207115,0.8710255253502404,0.8955691796542165,0.8628374037150341,0.7505862245594533,0.8724674258935813,0.3762,0.7534584761608079,0.0,1.0,0.9001148830323321,0.4470578645643719,0.746641475716619,0.7510248852317252,0.8993196693974375,0.7867944770007471,0.8264072683178505,0.8920526515155022,1.0,0.3762,0.8364529397119703,0.0,1.0,0.7318727435391681,0.4506526014377858,0.8825130056915306,0.8124616573961286,0.9085196223731953,0.8517352035665309,1.0,0.4033,0.7066113831022158,0.0,1.0,0.8400569154005615,0.40337864992073436,0.8513300183467652,0.8799523538434004,0.8919037432918514,0.8927218976988639,0.8190470124302229,1.0,0.3762,0.687730539363756,0.0,1.0,0.8287974750549925,0.9210214374229155,0.8060629215174968,0.9051248212367993,0.8715040481620984,0.5474,0.7881745816510232,0.0,1.0,0.7164845267733579,0.7969690586701186,0.8879984769626369,0.8818981182608729,0.9155102721865316,0.9671169078794686,0.3762,0.705876143310734,0.0,1.0,0.810714195134491,0.4642792868546489,0.8448134239739123,0.847355631627609,0.8004930224873519,0.9530915555096227,0.7837032030978484,0.4033,0.7556815365719218,0.0,0.8483952962544629,0.7423176439884367,0.0,1.0,0.7366943305759144,0.40998956441342427,0.8393597908044031,0.789710289243097,0.7877272716445922,0.0,0.7467197853926466,0.3964391431392775,0.8716866702381987,0.8797842166738141,0.9388633622294047,0.8698720821440478,1.0,0.3762,0.728038794216923,0.0,0.4033,0.0,0.7466679102410408,0.8114499672957483,0.0,1.0,0.727045570686286,0.45623524410544497,0.8931131917059025,0.8947698261613555,0.796603056915889,0.9493911799295278,0.8326553842841133,0.7526485158127014,1.0,0.3762,0.6876545240737448,0.0,1.0,0.8173236837462844,0.37871244999248965,0.8713821088134286,0.7443847158035743,0.9105573811386789,0.9653406250173593,0.7814490907162916,0.7775980268168768,0.9713513847703659,0.3762,0.7359310929609806,0.0,0.7307006191371115,0.4337479278314447,0.8611827533002823,0.821416574183504,0.8555297029869107,0.0,1.0,0.8772041417576752,0.4351994795764186,0.7519450256160474,0.761317300714597,0.8982648138886904,0.830365846451375,0.7619005920885721,0.8998156778645671,0.9993151462119048,0.5474,0.7711482144806634,0.0,0.38660713203205005,0.9409392663963717,0.0,0.7581538959889748,0.0,1.0,0.4667190164054136,0.7765842420177008,0.8258184741478791,0.4033,0.7614468624472919,0.0,0.7631368789612205,0.3739974383184684,0.8556231744966867,0.7708559444031216,0.0,0.0,0.0,0.0,0.0,0.0,0.0,0.0,0.0,0.0,0.0,0.0,0.0,0.0,0.0,0.0,0.0,0.0,0.0,0.0,0.0,0.0,0.0,0.0,0.0,0.0,0.0,0.8452743968421874,0.8288027935104463,1.0,0.9958832759626932,0.3762,0.3762,0.0,0.0,0.554,0.5474,0.894985008230484,0.9432474930244018,1.0,1.0,0.4033,0.3762,0.0,0.0,0.554,0.5474,0.7906780227488417,0.7806785225913442,1.0,0.9757319281192782,0.4033,0.3762,0.0,0.0,0.554,0.554,0.9068693912052802,0.9050490726561974,1.0,1.0,0.4033,0.4033,0.0,0.0,0.7790056403170814,0.9121948546787744,1.0,1.0,0.3762,0.4033,0.0,0.0,0.8898795764480163,0.8060876186780356,1.0,0.9508192778507416,0.4033,0.3762,0.0,0.0,0.8781825381230793,0.860951205647545,1.0,0.9626652303981487,0.3762,0.0,0.0,0.5474,0.5474,0.950249861688196,0.8533023934379633,1.0,0.9446623440684069,0.3762,0.3762,0.0,0.0,0.554,0.5474,0.8285355050663054,0.9453140177986731,1.0,1.0,0.3762,0.4033,0.0,0.0,0.5474,0.5474,0.843199529817766,0.9130423144585711,1.0,1.0,0.3762,0.3762,0.0,0.0,0.5474,0.554,0.8914964347367389,0.910928668968281,1.0,0.8865922972742386,0.3762,0.4033,0.0,0.0,0.5474,0.5474,0.8495398945221514,0.9045305218423018,1.0,0.9699317357570288,0.0,0.554,0.554,0.9094705144368986,0.7645154092950637,1.0,0.9819223753004337,0.4033,0.4033,0.0,0.0,0.5474,0.5474,0.7993114921167753,0.7919246094258421,1.0,0.8762559552625692,0.4033,0.3762,0.0,0.0,0.966367264005854,0.8701443478224136,1.0,0.9990984726786657,0.4033,0.3762,0.0,0.0,0.900737293080949,0.9263889183470568,1.0,0.8877988970882357,0.3762,0.4033,0.0,0.0,0.9329656981984346,0.8678564121013985,1.0,0.8919349813314724,0.3762,0.4033,0.0,0.0,0.8608057823620648,0.8216515024112392,1.0,1.0,0.3762,0.4033,0.0,0.0,0.8887234630073636,0.8033185404028385,1.0,0.8765181953221163,0.3762,0.3762,0.0,0.0,0.8213049384638286,0.9524080919868436,1.0,0.8867980260252565,0.3762,0.4033,0.0,0.0,0.913102942858367,0.9127370756460156,1.0,0.9660726635968313,0.4033,0.3762,0.0,0.0,0.5474,0.554,0.8825855526626993,0.7808287984533722,1.0,0.8992475186817336,0.4033,0.4033,0.0,0.0,0.9150640957762095,0.8953616619656127,1.0,1.0,0.4033,0.3762,0.0,0.0,0.5474,0.554,0.8439400455582979,0.9329630251353161,1.0,1.0,0.3762,0.3762,0.0,0.0,0.8121534834308128,0.8595398713746754,1.0,1.0,0.4033,0.3762,0.0,0.0,0.7778373016615029,0.8743683529776979,1.0,0.980613845521559,0.4033,0.3762,0.0,0.0,0.8852653593802225,0.9079974352997017,1.0,0.9495326259641159,0.4033,0.3762,0.0,0.0
,47,1.0,0.8006291214863401,0.9685371068140571,0.926124047476023,0.9178184636472917,0.8814632798857523,0.7901221604677504,0.0,1.0,0.8221899329875998,0.45164193909456385,0.8882315727005492,0.8838654923946525,0.9441440106786595,0.7465453344431165,0.877589300394256,0.39,0.7751249781603952,0.0,1.0,0.8126784656686397,0.4389906248702284,0.8778881422545237,0.8920195422618429,0.9106483848119143,0.8511087657458336,0.9551390226742772,0.7715769316968965,0.8961125043392658,0.4858,0.39,0.7111177845631855,0.0,0.720982434912367,0.46870171071909295,0.8904004566072529,0.8333746855917803,0.809718979289634,0.7717880249430257,0.0,0.4213032265574845,0.8842327735853212,0.734981478217545,1.0,0.46002383576364764,0.3633,0.0,0.7627245935301945,0.3772604963889923,0.9561070504151368,0.7682367225595499,0.8218619413112949,1.0,0.7293886508578225,0.0,1.0,0.8843433065370178,0.4334641236677975,0.7282945148909816,0.7492444731207115,0.8710255253502404,0.8955691796542165,0.8628374037150341,0.7505862245594533,0.8724674258935813,0.39,0.7534584761608079,0.0,1.0,0.9001148830323321,0.4470578645643719,0.746641475716619,0.7510248852317252,0.8993196693974375,0.7867944770007471,0.8264072683178505,0.8920526515155022,1.0,0.39,0.8364529397119703,0.0,1.0,0.7318727435391681,0.4506526014377858,0.8825130056915306,0.8124616573961286,0.9085196223731953,0.8517352035665309,1.0,0.3633,0.7066113831022158,0.0,1.0,0.8400569154005615,0.40337864992073436,0.8513300183467652,0.8799523538434004,0.8919037432918514,0.8927218976988639,0.8190470124302229,1.0,0.39,0.687730539363756,0.0,1.0,0.8287974750549925,0.9210214374229155,0.8060629215174968,0.9051248212367993,0.8715040481620984,0.4858,0.7881745816510232,0.0,1.0,0.7164845267733579,0.7969690586701186,0.8879984769626369,0.8818981182608729,0.9155102721865316,0.9671169078794686,0.39,0.705876143310734,0.0,1.0,0.810714195134491,0.4642792868546489,0.8448134239739123,0.847355631627609,0.8004930224873519,0.9530915555096227,0.7837032030978484,0.3633,0.7556815365719218,0.0,0.8483952962544629,0.7423176439884367,0.0,1.0,0.7366943305759144,0.40998956441342427,0.8393597908044031,0.789710289243097,0.7877272716445922,0.0,0.7467197853926466,0.3964391431392775,0.8716866702381987,0.8797842166738141,0.9388633622294047,0.8698720821440478,1.0,0.39,0.728038794216923,0.0,0.3633,0.0,0.7466679102410408,0.8114499672957483,0.0,1.0,0.727045570686286,0.45623524410544497,0.8931131917059025,0.8947698261613555,0.796603056915889,0.9493911799295278,0.8326553842841133,0.7526485158127014,1.0,0.39,0.6876545240737448,0.0,1.0,0.8173236837462844,0.37871244999248965,0.8713821088134286,0.7443847158035743,0.9105573811386789,0.9653406250173593,0.7814490907162916,0.7775980268168768,0.9713513847703659,0.39,0.7359310929609806,0.0,0.7307006191371115,0.4337479278314447,0.8611827533002823,0.821416574183504,0.8555297029869107,0.0,1.0,0.8772041417576752,0.4351994795764186,0.7519450256160474,0.761317300714597,0.8982648138886904,0.830365846451375,0.7619005920885721,0.8998156778645671,0.9993151462119048,0.4858,0.7711482144806634,0.0,0.38660713203205005,0.9409392663963717,0.0,0.7581538959889748,0.0,1.0,0.4667190164054136,0.7765842420177008,0.8258184741478791,0.3633,0.7614468624472919,0.0,0.7631368789612205,0.3739974383184684,0.8556231744966867,0.7708559444031216,0.0,0.0,0.0,0.0,0.0,0.0,0.0,0.0,0.0,0.0,0.0,0.0,0.0,0.0,0.0,0.0,0.0,0.0,0.0,0.0,0.0,0.0,0.0,0.0,0.0,0.0,0.0,0.8452743968421874,0.8288027935104463,1.0,0.9958832759626932,0.39,0.39,0.0,0.0,0.575,0.4858,0.894985008230484,0.9432474930244018,1.0,1.0,0.3633,0.39,0.0,0.0,0.575,0.4858,0.7906780227488417,0.7806785225913442,1.0,0.9757319281192782,0.3633,0.39,0.0,0.0,0.575,0.575,0.9068693912052802,0.9050490726561974,1.0,1.0,0.3633,0.3633,0.0,0.0,0.7790056403170814,0.9121948546787744,1.0,1.0,0.39,0.3633,0.0,0.0,0.8898795764480163,0.8060876186780356,1.0,0.9508192778507416,0.3633,0.39,0.0,0.0,0.8781825381230793,0.860951205647545,1.0,0.9626652303981487,0.39,0.0,0.0,0.4858,0.4858,0.950249861688196,0.8533023934379633,1.0,0.9446623440684069,0.39,0.39,0.0,0.0,0.575,0.4858,0.8285355050663054,0.9453140177986731,1.0,1.0,0.39,0.3633,0.0,0.0,0.4858,0.4858,0.843199529817766,0.9130423144585711,1.0,1.0,0.39,0.39,0.0,0.0,0.4858,0.575,0.8914964347367389,0.910928668968281,1.0,0.8865922972742386,0.39,0.3633,0.0,0.0,0.4858,0.4858,0.8495398945221514,0.9045305218423018,1.0,0.9699317357570288,0.0,0.575,0.575,0.9094705144368986,0.7645154092950637,1.0,0.9819223753004337,0.3633,0.3633,0.0,0.0,0.4858,0.4858,0.7993114921167753,0.7919246094258421,1.0,0.8762559552625692,0.3633,0.39,0.0,0.0,0.966367264005854,0.8701443478224136,1.0,0.9990984726786657,0.3633,0.39,0.0,0.0,0.900737293080949,0.9263889183470568,1.0,0.8877988970882357,0.39,0.3633,0.0,0.0,0.9329656981984346,0.8678564121013985,1.0,0.8919349813314724,0.39,0.3633,0.0,0.0,0.8608057823620648,0.8216515024112392,1.0,1.0,0.39,0.3633,0.0,0.0,0.8887234630073636,0.8033185404028385,1.0,0.8765181953221163,0.39,0.39,0.0,0.0,0.8213049384638286,0.9524080919868436,1.0,0.8867980260252565,0.39,0.3633,0.0,0.0,0.913102942858367,0.9127370756460156,1.0,0.9660726635968313,0.3633,0.39,0.0,0.0,0.4858,0.575,0.8825855526626993,0.7808287984533722,1.0,0.8992475186817336,0.3633,0.3633,0.0,0.0,0.9150640957762095,0.8953616619656127,1.0,1.0,0.3633,0.39,0.0,0.0,0.4858,0.575,0.8439400455582979,0.9329630251353161,1.0,1.0,0.39,0.39,0.0,0.0,0.8121534834308128,0.8595398713746754,1.0,1.0,0.3633,0.39,0.0,0.0,0.7778373016615029,0.8743683529776979,1.0,0.980613845521559,0.3633,0.39,0.0,0.0,0.8852653593802225,0.9079974352997017,1.0,0.9495326259641159,0.3633,0.39,0.0,0.0
,48,1.0,0.8402572429110977,0.8576357579657161,0.8651211950134761,0.9141362734369507,0.8633797188557154,0.8029243512282529,0.0,1.0,0.8774119557045622,0.4113168058243633,0.8448561121962452,0.8643671283396288,0.78805127884902,0.7436056595280742,0.8733792563089393,0.8096,0.7363549324137487,0.0,1.0,0.7660889808869203,0.44941076001065705,0.846907772746982,0.8365081937277312,0.7895717656653695,0.8633899859010735,0.8237220940935732,0.8968505923112725,1.0,0.7417,0.8096,0.8200949436048244,0.0,0.7335691590265043,0.4336232975836055,0.8419498093808859,0.8716874369409013,0.8383962980426908,0.7907846573836699,0.0,0.4613590525583054,0.7759086704074173,0.8462651496089608,1.0,0.4072903200531965,0.8096,0.0,0.8344832579171091,0.40995751702611366,0.831178085295218,0.8872167564122416,0.8252015818318361,1.0,0.7940887131074141,0.0,1.0,0.8306598947383392,0.3818171074493331,0.8466240135971907,0.8140074003815227,0.8709736408202138,0.899291548546229,0.9533996545856207,0.8564773085738082,0.8841126180271338,0.4446,0.8103085980519102,0.0,1.0,0.7755256373038862,0.4247974854170934,0.7859235758728229,0.8447179848578439,0.9671645521626236,0.9231098818772765,0.8160995699197524,0.8134127268591935,0.9288026016763442,0.8096,0.7207246108945808,0.0,1.0,0.7603010105244534,0.4227235577076905,0.902180163933139,0.9084723267257659,0.9394488291009161,0.8953406384542222,0.9500598136437661,0.4446,0.8550438276712147,0.0,1.0,0.8444618307791938,0.3809771756195556,0.7938465665392981,0.9047798397774032,0.9626933444871071,0.8420037244885755,0.8587669568494755,0.9013293056638398,0.4446,0.8812073110529736,0.0,1.0,0.802739957682138,0.9617894103437913,0.7736123328668271,0.8134795710955521,0.8049834096470647,0.412,0.8202979795138488,0.0,1.0,0.8544289925538098,0.8735670876682693,0.9109140314060721,0.9016604493495687,0.8994740339057574,0.9481962836926005,0.4446,0.8336586738619374,0.0,1.0,0.8406759628169864,0.4047545333209936,0.867060114731913,0.9357020737606733,0.9458420291916536,0.7777639640673993,0.8579191256886991,0.8096,0.8789968942838431,0.0,0.7841821520148663,0.6939463918956219,0.0,1.0,0.748293684781109,0.3834283221143491,0.8532977292449109,0.8529395486583325,0.8240791218515504,0.0,0.8158251248927815,0.42198244654162975,0.8983668171889283,0.8236125898432712,0.786442872332351,0.9253522923864403,0.8998389494009155,0.4446,0.7959872827233341,0.0,0.4446,0.0,0.7321743690682934,0.8084793602023206,0.0,1.0,0.719760337136869,0.40979373213609827,0.7357830314154634,0.8444463187042526,0.8054037585265755,0.9093173981627768,0.7604839262814848,0.7445901328636426,1.0,0.8096,0.7145727715116532,0.0,1.0,0.7894189621344462,0.40548410548569247,0.9030128294056621,0.8288481757095879,0.7944564741070254,0.8919880646155935,0.8795412021946172,0.8281718547345929,0.9086140766245114,0.8096,0.8384585477219749,0.0,0.7609726926068778,0.46895039522384885,0.8402871373856449,0.8832474260124725,0.7376330300766633,0.0,1.0,0.8334337953067061,0.37116648350871173,0.7151554299142326,0.8507921881450853,0.8267721920842789,0.7701796040443634,0.7816630176778919,0.7196020430380204,0.9419017937724813,0.7417,0.8161240828190907,0.0,0.3763852988705787,0.8000184497429096,0.0,0.8570920315902903,0.0,1.0,0.3909507670106794,0.9121444561612596,0.9298091045691004,0.4446,0.8659258801784253,0.0,0.8020858963238702,0.44414551480115777,0.8964182132392009,0.7858284617496438,0.0,0.0,0.0,0.0,0.0,0.0,0.0,0.0,0.0,0.0,0.0,0.0,0.0,0.0,0.0,0.0,0.0,0.0,0.0,0.0,0.0,0.0,0.0,0.0,0.0,0.0,0.0,0.8184028370409274,0.9544791914114714,1.0,0.8776231080027959,0.8096,0.8096,0.0,0.0,0.7417,0.412,0.9294359018761944,0.9392436783980198,1.0,0.9800553828292302,0.8096,0.8096,0.0,0.0,0.412,0.7417,0.8850216232658334,0.813986841799419,1.0,1.0,0.8096,0.8096,0.0,0.0,0.412,0.412,0.9333534800618088,0.9520894609412213,1.0,0.9967948005204424,0.4446,0.4446,0.0,0.0,0.8068186678900165,0.8777755946315059,1.0,0.9716345297385606,0.4446,0.8096,0.0,0.0,0.9351966214949191,0.9428570211594516,1.0,0.8846552756746757,0.4446,0.4446,0.0,0.0,0.8251175443570573,0.928055436163472,1.0,0.8965426064248156,0.4446,0.0,0.0,0.412,0.7417,0.9630853245928429,0.9445598647510304,1.0,0.9948218540173183,0.4446,0.4446,0.0,0.0,0.412,0.7417,0.770431357220515,0.9444931537949905,1.0,0.8990329223394008,0.8096,0.4446,0.0,0.0,0.7417,0.7417,0.8068968232152512,0.8543543578648919,1.0,0.8721393358860199,0.4446,0.8096,0.0,0.0,0.412,0.412,0.9391386092661688,0.9227978262273387,1.0,1.0,0.8096,0.4446,0.0,0.0,0.7417,0.7417,0.8051018802048399,0.7671989171973833,1.0,0.9496041359786442,0.0,0.412,0.7417,0.8891963648699069,0.8458986344210361,1.0,1.0,0.4446,0.8096,0.0,0.0,0.412,0.7417,0.8173410274981482,0.8047933388121136,1.0,1.0,0.8096,0.4446,0.0,0.0,0.8606144611048435,0.9202900835577918,1.0,1.0,0.4446,0.8096,0.0,0.0,0.8239024217754073,0.8082187607142527,1.0,0.9184575165682791,0.4446,0.8096,0.0,0.0,0.9654252315028079,0.8318514563498933,1.0,0.9970096206520315,0.8096,0.4446,0.0,0.0,0.8626684178497607,0.9278277589644995,1.0,0.9234633132730959,0.8096,0.4446,0.0,0.0,0.791840392803617,0.9255093403579514,1.0,0.9403960572133799,0.4446,0.4446,0.0,0.0,0.9663221578183272,0.7656614777218613,1.0,0.910365341880136,0.8096,0.4446,0.0,0.0,0.9545499030928297,0.8492696972317806,1.0,1.0,0.4446,0.8096,0.0,0.0,0.7417,0.7417,0.9691779785543294,0.7721611157438264,1.0,0.9052598023192739,0.4446,0.4446,0.0,0.0,0.9649115219993615,0.8647006438590432,1.0,1.0,0.4446,0.4446,0.0,0.0,0.412,0.412,0.8554705184070528,0.9445706480647973,1.0,0.881433535071767,0.4446,0.8096,0.0,0.0,0.8250852497191473,0.8356747982521326,1.0,0.9675693733901982,0.8096,0.4446,0.0,0.0,0.8982280279194269,0.8788766816941562,1.0,0.9610939368912441,0.8096,0.4446,0.0,0.0,0.9518998060608864,0.7652169953262604,1.0,1.0,0.8096,0.4446,0.0,0.0
,49,1.0,0.8402572429110977,0.8576357579657161,0.8651211950134761,0.9141362734369507,0.8633797188557154,0.8029243512282529,0.0,1.0,0.8774119557045622,0.4113168058243633,0.8448561121962452,0.8643671283396288,0.78805127884902,0.7436056595280742,0.8733792563089393,0.8135,0.7363549324137487,0.0,1.0,0.7660889808869203,0.44941076001065705,0.846907772746982,0.8365081937277312,0.7895717656653695,0.8633899859010735,0.8237220940935732,0.8968505923112725,1.0,0.723,0.8135,0.8200949436048244,0.0,0.7335691590265043,0.4336232975836055,0.8419498093808859,0.8716874369409013,0.8383962980426908,0.7907846573836699,0.0,0.4613590525583054,0.7759086704074173,0.8462651496089608,1.0,0.4072903200531965,0.8135,0.0,0.8344832579171091,0.40995751702611366,0.831178085295218,0.8872167564122416,0.8252015818318361,1.0,0.7940887131074141,0.0,1.0,0.8306598947383392,0.3818171074493331,0.8466240135971907,0.8140074003815227,0.8709736408202138,0.899291548546229,0.9533996545856207,0.8564773085738082,0.8841126180271338,0.42,0.8103085980519102,0.0,1.0,0.7755256373038862,0.4247974854170934,0.7859235758728229,0.8447179848578439,0.9671645521626236,0.9231098818772765,0.8160995699197524,0.8134127268591935,0.9288026016763442,0.8135,0.7207246108945808,0.0,1.0,0.7603010105244534,0.4227235577076905,0.902180163933139,0.9084723267257659,0.9394488291009161,0.8953406384542222,0.9500598136437661,0.42,0.8550438276712147,0.0,1.0,0.8444618307791938,0.3809771756195556,0.7938465665392981,0.9047798397774032,0.9626933444871071,0.8420037244885755,0.8587669568494755,0.9013293056638398,0.42,0.8812073110529736,0.0,1.0,0.802739957682138,0.9617894103437913,0.7736123328668271,0.8134795710955521,0.8049834096470647,0.407,0.8202979795138488,0.0,1.0,0.8544289925538098,0.8735670876682693,0.9109140314060721,0.9016604493495687,0.8994740339057574,0.9481962836926005,0.42,0.8336586738619374,0.0,1.0,0.8406759628169864,0.4047545333209936,0.867060114731913,0.9357020737606733,0.9458420291916536,0.7777639640673993,0.8579191256886991,0.8135,0.8789968942838431,0.0,0.7841821520148663,0.6939463918956219,0.0,1.0,0.748293684781109,0.3834283221143491,0.8532977292449109,0.8529395486583325,0.8240791218515504,0.0,0.8158251248927815,0.42198244654162975,0.8983668171889283,0.8236125898432712,0.786442872332351,0.9253522923864403,0.8998389494009155,0.42,0.7959872827233341,0.0,0.42,0.0,0.7321743690682934,0.8084793602023206,0.0,1.0,0.719760337136869,0.40979373213609827,0.7357830314154634,0.8444463187042526,0.8054037585265755,0.9093173981627768,0.7604839262814848,0.7445901328636426,1.0,0.8135,0.7145727715116532,0.0,1.0,0.7894189621344462,0.40548410548569247,0.9030128294056621,0.8288481757095879,0.7944564741070254,0.8919880646155935,0.8795412021946172,0.8281718547345929,0.9086140766245114,0.8135,0.8384585477219749,0.0,0.7609726926068778,0.46895039522384885,0.8402871373856449,0.8832474260124725,0.7376330300766633,0.0,1.0,0.8334337953067061,0.37116648350871173,0.7151554299142326,0.8507921881450853,0.8267721920842789,0.7701796040443634,0.7816630176778919,0.7196020430380204,0.9419017937724813,0.723,0.8161240828190907,0.0,0.3763852988705787,0.8000184497429096,0.0,0.8570920315902903,0.0,1.0,0.3909507670106794,0.9121444561612596,0.9298091045691004,0.42,0.8659258801784253,0.0,0.8020858963238702,0.44414551480115777,0.8964182132392009,0.7858284617496438,0.0,0.0,0.0,0.0,0.0,0.0,0.0,0.0,0.0,0.0,0.0,0.0,0.0,0.0,0.0,0.0,0.0,0.0,0.0,0.0,0.0,0.0,0.0,0.0,0.0,0.0,0.0,0.8184028370409274,0.9544791914114714,1.0,0.8776231080027959,0.8135,0.8135,0.0,0.0,0.723,0.407,0.9294359018761944,0.9392436783980198,1.0,0.9800553828292302,0.8135,0.8135,0.0,0.0,0.407,0.723,0.8850216232658334,0.813986841799419,1.0,1.0,0.8135,0.8135,0.0,0.0,0.407,0.407,0.9333534800618088,0.9520894609412213,1.0,0.9967948005204424,0.42,0.42,0.0,0.0,0.8068186678900165,0.8777755946315059,1.0,0.9716345297385606,0.42,0.8135,0.0,0.0,0.9351966214949191,0.9428570211594516,1.0,0.8846552756746757,0.42,0.42,0.0,0.0,0.8251175443570573,0.928055436163472,1.0,0.8965426064248156,0.42,0.0,0.0,0.407,0.723,0.9630853245928429,0.9445598647510304,1.0,0.9948218540173183,0.42,0.42,0.0,0.0,0.407,0.723,0.770431357220515,0.9444931537949905,1.0,0.8990329223394008,0.8135,0.42,0.0,0.0,0.723,0.723,0.8068968232152512,0.8543543578648919,1.0,0.8721393358860199,0.42,0.8135,0.0,0.0,0.407,0.407,0.9391386092661688,0.9227978262273387,1.0,1.0,0.8135,0.42,0.0,0.0,0.723,0.723,0.8051018802048399,0.7671989171973833,1.0,0.9496041359786442,0.0,0.407,0.723,0.8891963648699069,0.8458986344210361,1.0,1.0,0.42,0.8135,0.0,0.0,0.407,0.723,0.8173410274981482,0.8047933388121136,1.0,1.0,0.8135,0.42,0.0,0.0,0.8606144611048435,0.9202900835577918,1.0,1.0,0.42,0.8135,0.0,0.0,0.8239024217754073,0.8082187607142527,1.0,0.9184575165682791,0.42,0.8135,0.0,0.0,0.9654252315028079,0.8318514563498933,1.0,0.9970096206520315,0.8135,0.42,0.0,0.0,0.8626684178497607,0.9278277589644995,1.0,0.9234633132730959,0.8135,0.42,0.0,0.0,0.791840392803617,0.9255093403579514,1.0,0.9403960572133799,0.42,0.42,0.0,0.0,0.9663221578183272,0.7656614777218613,1.0,0.910365341880136,0.8135,0.42,0.0,0.0,0.9545499030928297,0.8492696972317806,1.0,1.0,0.42,0.8135,0.0,0.0,0.723,0.723,0.9691779785543294,0.7721611157438264,1.0,0.9052598023192739,0.42,0.42,0.0,0.0,0.9649115219993615,0.8647006438590432,1.0,1.0,0.42,0.42,0.0,0.0,0.407,0.407,0.8554705184070528,0.9445706480647973,1.0,0.881433535071767,0.42,0.8135,0.0,0.0,0.8250852497191473,0.8356747982521326,1.0,0.9675693733901982,0.8135,0.42,0.0,0.0,0.8982280279194269,0.8788766816941562,1.0,0.9610939368912441,0.8135,0.42,0.0,0.0,0.9518998060608864,0.7652169953262604,1.0,1.0,0.8135,0.42,0.0,0.0
,50,1.0,0.8402572429110977,0.8576357579657161,0.8651211950134761,0.9141362734369507,0.8633797188557154,0.8029243512282529,0.0,1.0,0.8774119557045622,0.4113168058243633,0.8448561121962452,0.8643671283396288,0.78805127884902,0.7436056595280742,0.8733792563089393,0.812,0.7363549324137487,0.0,1.0,0.7660889808869203,0.44941076001065705,0.846907772746982,0.8365081937277312,0.7895717656653695,0.8633899859010735,0.8237220940935732,0.8968505923112725,1.0,0.7256,0.812,0.8200949436048244,0.0,0.7335691590265043,0.4336232975836055,0.8419498093808859,0.8716874369409013,0.8383962980426908,0.7907846573836699,0.0,0.4613590525583054,0.7759086704074173,0.8462651496089608,1.0,0.4072903200531965,0.812,0.0,0.8344832579171091,0.40995751702611366,0.831178085295218,0.8872167564122416,0.8252015818318361,1.0,0.7940887131074141,0.0,1.0,0.8306598947383392,0.3818171074493331,0.8466240135971907,0.8140074003815227,0.8709736408202138,0.899291548546229,0.9533996545856207,0.8564773085738082,0.8841126180271338,0.4016,0.8103085980519102,0.0,1.0,0.7755256373038862,0.4247974854170934,0.7859235758728229,0.8447179848578439,0.9671645521626236,0.9231098818772765,0.8160995699197524,0.8134127268591935,0.9288026016763442,0.812,0.7207246108945808,0.0,1.0,0.7603010105244534,0.4227235577076905,0.902180163933139,0.9084723267257659,0.9394488291009161,0.8953406384542222,0.9500598136437661,0.4016,0.8550438276712147,0.0,1.0,0.8444618307791938,0.3809771756195556,0.7938465665392981,0.9047798397774032,0.9626933444871071,0.8420037244885755,0.8587669568494755,0.9013293056638398,0.4016,0.8812073110529736,0.0,1.0,0.802739957682138,0.9617894103437913,0.7736123328668271,0.8134795710955521,0.8049834096470647,0.4133,0.8202979795138488,0.0,1.0,0.8544289925538098,0.8735670876682693,0.9109140314060721,0.9016604493495687,0.8994740339057574,0.9481962836926005,0.4016,0.8336586738619374,0.0,1.0,0.8406759628169864,0.4047545333209936,0.867060114731913,0.9357020737606733,0.9458420291916536,0.7777639640673993,0.8579191256886991,0.812,0.8789968942838431,0.0,0.7841821520148663,0.6939463918956219,0.0,1.0,0.748293684781109,0.3834283221143491,0.8532977292449109,0.8529395486583325,0.8240791218515504,0.0,0.8158251248927815,0.42198244654162975,0.8983668171889283,0.8236125898432712,0.786442872332351,0.9253522923864403,0.8998389494009155,0.4016,0.7959872827233341,0.0,0.4016,0.0,0.7321743690682934,0.8084793602023206,0.0,1.0,0.719760337136869,0.40979373213609827,0.7357830314154634,0.8444463187042526,0.8054037585265755,0.9093173981627768,0.7604839262814848,0.7445901328636426,1.0,0.812,0.7145727715116532,0.0,1.0,0.7894189621344462,0.40548410548569247,0.9030128294056621,0.8288481757095879,0.7944564741070254,0.8919880646155935,0.8795412021946172,0.8281718547345929,0.9086140766245114,0.812,0.8384585477219749,0.0,0.7609726926068778,0.46895039522384885,0.8402871373856449,0.8832474260124725,0.7376330300766633,0.0,1.0,0.8334337953067061,0.37116648350871173,0.7151554299142326,0.8507921881450853,0.8267721920842789,0.7701796040443634,0.7816630176778919,0.7196020430380204,0.9419017937724813,0.7256,0.8161240828190907,0.0,0.3763852988705787,0.8000184497429096,0.0,0.8570920315902903,0.0,1.0,0.3909507670106794,0.9121444561612596,0.9298091045691004,0.4016,0.8659258801784253,0.0,0.8020858963238702,0.44414551480115777,0.8964182132392009,0.7858284617496438,0.0,0.0,0.0,0.0,0.0,0.0,0.0,0.0,0.0,0.0,0.0,0.0,0.0,0.0,0.0,0.0,0.0,0.0,0.0,0.0,0.0,0.0,0.0,0.0,0.0,0.0,0.0,0.8184028370409274,0.9544791914114714,1.0,0.8776231080027959,0.812,0.812,0.0,0.0,0.7256,0.4133,0.9294359018761944,0.9392436783980198,1.0,0.9800553828292302,0.812,0.812,0.0,0.0,0.4133,0.7256,0.8850216232658334,0.813986841799419,1.0,1.0,0.812,0.812,0.0,0.0,0.4133,0.4133,0.9333534800618088,0.9520894609412213,1.0,0.9967948005204424,0.4016,0.4016,0.0,0.0,0.8068186678900165,0.8777755946315059,1.0,0.9716345297385606,0.4016,0.812,0.0,0.0,0.9351966214949191,0.9428570211594516,1.0,0.8846552756746757,0.4016,0.4016,0.0,0.0,0.8251175443570573,0.928055436163472,1.0,0.8965426064248156,0.4016,0.0,0.0,0.4133,0.7256,0.9630853245928429,0.9445598647510304,1.0,0.9948218540173183,0.4016,0.4016,0.0,0.0,0.4133,0.7256,0.770431357220515,0.9444931537949905,1.0,0.8990329223394008,0.812,0.4016,0.0,0.0,0.7256,0.7256,0.8068968232152512,0.8543543578648919,1.0,0.8721393358860199,0.4016,0.812,0.0,0.0,0.4133,0.4133,0.9391386092661688,0.9227978262273387,1.0,1.0,0.812,0.4016,0.0,0.0,0.7256,0.7256,0.8051018802048399,0.7671989171973833,1.0,0.9496041359786442,0.0,0.4133,0.7256,0.8891963648699069,0.8458986344210361,1.0,1.0,0.4016,0.812,0.0,0.0,0.4133,0.7256,0.8173410274981482,0.8047933388121136,1.0,1.0,0.812,0.4016,0.0,0.0,0.8606144611048435,0.9202900835577918,1.0,1.0,0.4016,0.812,0.0,0.0,0.8239024217754073,0.8082187607142527,1.0,0.9184575165682791,0.4016,0.812,0.0,0.0,0.9654252315028079,0.8318514563498933,1.0,0.9970096206520315,0.812,0.4016,0.0,0.0,0.8626684178497607,0.9278277589644995,1.0,0.9234633132730959,0.812,0.4016,0.0,0.0,0.791840392803617,0.9255093403579514,1.0,0.9403960572133799,0.4016,0.4016,0.0,0.0,0.9663221578183272,0.7656614777218613,1.0,0.910365341880136,0.812,0.4016,0.0,0.0,0.9545499030928297,0.8492696972317806,1.0,1.0,0.4016,0.812,0.0,0.0,0.7256,0.7256,0.9691779785543294,0.7721611157438264,1.0,0.9052598023192739,0.4016,0.4016,0.0,0.0,0.9649115219993615,0.8647006438590432,1.0,1.0,0.4016,0.4016,0.0,0.0,0.4133,0.4133,0.8554705184070528,0.9445706480647973,1.0,0.881433535071767,0.4016,0.812,0.0,0.0,0.8250852497191473,0.8356747982521326,1.0,0.9675693733901982,0.812,0.4016,0.0,0.0,0.8982280279194269,0.8788766816941562,1.0,0.9610939368912441,0.812,0.4016,0.0,0.0,0.9518998060608864,0.7652169953262604,1.0,1.0,0.812,0.4016,0.0,0.0
,51,1.0,0.8402572429110977,0.8576357579657161,0.8651211950134761,0.9141362734369507,0.8633797188557154,0.8029243512282529,0.0,1.0,0.8774119557045622,0.4113168058243633,0.8448561121962452,0.8643671283396288,0.78805127884902,0.7436056595280742,0.8733792563089393,0.801,0.7363549324137487,0.0,1.0,0.7660889808869203,0.44941076001065705,0.846907772746982,0.8365081937277312,0.7895717656653695,0.8633899859010735,0.8237220940935732,0.8968505923112725,1.0,0.7134,0.801,0.8200949436048244,0.0,0.7335691590265043,0.4336232975836055,0.8419498093808859,0.8716874369409013,0.8383962980426908,0.7907846573836699,0.0,0.4613590525583054,0.7759086704074173,0.8462651496089608,1.0,0.4072903200531965,0.801,0.0,0.8344832579171091,0.40995751702611366,0.831178085295218,0.8872167564122416,0.8252015818318361,1.0,0.7940887131074141,0.0,1.0,0.8306598947383392,0.3818171074493331,0.8466240135971907,0.8140074003815227,0.8709736408202138,0.899291548546229,0.9533996545856207,0.8564773085738082,0.8841126180271338,0.3923,0.8103085980519102,0.0,1.0,0.7755256373038862,0.4247974854170934,0.7859235758728229,0.8447179848578439,0.9671645521626236,0.9231098818772765,0.8160995699197524,0.8134127268591935,0.9288026016763442,0.801,0.7207246108945808,0.0,1.0,0.7603010105244534,0.4227235577076905,0.902180163933139,0.9084723267257659,0.9394488291009161,0.8953406384542222,0.9500598136437661,0.3923,0.8550438276712147,0.0,1.0,0.8444618307791938,0.3809771756195556,0.7938465665392981,0.9047798397774032,0.9626933444871071,0.8420037244885755,0.8587669568494755,0.9013293056638398,0.3923,0.8812073110529736,0.0,1.0,0.802739957682138,0.9617894103437913,0.7736123328668271,0.8134795710955521,0.8049834096470647,0.4453,0.8202979795138488,0.0,1.0,0.8544289925538098,0.8735670876682693,0.9109140314060721,0.9016604493495687,0.8994740339057574,0.9481962836926005,0.3923,0.8336586738619374,0.0,1.0,0.8406759628169864,0.4047545333209936,0.867060114731913,0.9357020737606733,0.9458420291916536,0.7777639640673993,0.8579191256886991,0.801,0.8789968942838431,0.0,0.7841821520148663,0.6939463918956219,0.0,1.0,0.748293684781109,0.3834283221143491,0.8532977292449109,0.8529395486583325,0.8240791218515504,0.0,0.8158251248927815,0.42198244654162975,0.8983668171889283,0.8236125898432712,0.786442872332351,0.9253522923864403,0.8998389494009155,0.3923,0.7959872827233341,0.0,0.3923,0.0,0.7321743690682934,0.8084793602023206,0.0,1.0,0.719760337136869,0.40979373213609827,0.7357830314154634,0.8444463187042526,0.8054037585265755,0.9093173981627768,0.7604839262814848,0.7445901328636426,1.0,0.801,0.7145727715116532,0.0,1.0,0.7894189621344462,0.40548410548569247,0.9030128294056621,0.8288481757095879,0.7944564741070254,0.8919880646155935,0.8795412021946172,0.8281718547345929,0.9086140766245114,0.801,0.8384585477219749,0.0,0.7609726926068778,0.46895039522384885,0.8402871373856449,0.8832474260124725,0.7376330300766633,0.0,1.0,0.8334337953067061,0.37116648350871173,0.7151554299142326,0.8507921881450853,0.8267721920842789,0.7701796040443634,0.7816630176778919,0.7196020430380204,0.9419017937724813,0.7134,0.8161240828190907,0.0,0.3763852988705787,0.8000184497429096,0.0,0.8570920315902903,0.0,1.0,0.3909507670106794,0.9121444561612596,0.9298091045691004,0.3923,0.8659258801784253,0.0,0.8020858963238702,0.44414551480115777,0.8964182132392009,0.7858284617496438,0.0,0.0,0.0,0.0,0.0,0.0,0.0,0.0,0.0,0.0,0.0,0.0,0.0,0.0,0.0,0.0,0.0,0.0,0.0,0.0,0.0,0.0,0.0,0.0,0.0,0.0,0.0,0.8184028370409274,0.9544791914114714,1.0,0.8776231080027959,0.801,0.801,0.0,0.0,0.7134,0.4453,0.9294359018761944,0.9392436783980198,1.0,0.9800553828292302,0.801,0.801,0.0,0.0,0.4453,0.7134,0.8850216232658334,0.813986841799419,1.0,1.0,0.801,0.801,0.0,0.0,0.4453,0.4453,0.9333534800618088,0.9520894609412213,1.0,0.9967948005204424,0.3923,0.3923,0.0,0.0,0.8068186678900165,0.8777755946315059,1.0,0.9716345297385606,0.3923,0.801,0.0,0.0,0.9351966214949191,0.9428570211594516,1.0,0.8846552756746757,0.3923,0.3923,0.0,0.0,0.8251175443570573,0.928055436163472,1.0,0.8965426064248156,0.3923,0.0,0.0,0.4453,0.7134,0.9630853245928429,0.9445598647510304,1.0,0.9948218540173183,0.3923,0.3923,0.0,0.0,0.4453,0.7134,0.770431357220515,0.9444931537949905,1.0,0.8990329223394008,0.801,0.3923,0.0,0.0,0.7134,0.7134,0.8068968232152512,0.8543543578648919,1.0,0.8721393358860199,0.3923,0.801,0.0,0.0,0.4453,0.4453,0.9391386092661688,0.9227978262273387,1.0,1.0,0.801,0.3923,0.0,0.0,0.7134,0.7134,0.8051018802048399,0.7671989171973833,1.0,0.9496041359786442,0.0,0.4453,0.7134,0.8891963648699069,0.8458986344210361,1.0,1.0,0.3923,0.801,0.0,0.0,0.4453,0.7134,0.8173410274981482,0.8047933388121136,1.0,1.0,0.801,0.3923,0.0,0.0,0.8606144611048435,0.9202900835577918,1.0,1.0,0.3923,0.801,0.0,0.0,0.8239024217754073,0.8082187607142527,1.0,0.9184575165682791,0.3923,0.801,0.0,0.0,0.9654252315028079,0.8318514563498933,1.0,0.9970096206520315,0.801,0.3923,0.0,0.0,0.8626684178497607,0.9278277589644995,1.0,0.9234633132730959,0.801,0.3923,0.0,0.0,0.791840392803617,0.9255093403579514,1.0,0.9403960572133799,0.3923,0.3923,0.0,0.0,0.9663221578183272,0.7656614777218613,1.0,0.910365341880136,0.801,0.3923,0.0,0.0,0.9545499030928297,0.8492696972317806,1.0,1.0,0.3923,0.801,0.0,0.0,0.7134,0.7134,0.9691779785543294,0.7721611157438264,1.0,0.9052598023192739,0.3923,0.3923,0.0,0.0,0.9649115219993615,0.8647006438590432,1.0,1.0,0.3923,0.3923,0.0,0.0,0.4453,0.4453,0.8554705184070528,0.9445706480647973,1.0,0.881433535071767,0.3923,0.801,0.0,0.0,0.8250852497191473,0.8356747982521326,1.0,0.9675693733901982,0.801,0.3923,0.0,0.0,0.8982280279194269,0.8788766816941562,1.0,0.9610939368912441,0.801,0.3923,0.0,0.0,0.9518998060608864,0.7652169953262604,1.0,1.0,0.801,0.3923,0.0,0.0
,52,1.0,0.8402572429110977,0.8576357579657161,0.8651211950134761,0.9141362734369507,0.8633797188557154,0.8029243512282529,0.0,1.0,0.8774119557045622,0.4113168058243633,0.8448561121962452,0.8643671283396288,0.78805127884902,0.7436056595280742,0.8733792563089393,0.7793,0.7363549324137487,0.0,1.0,0.7660889808869203,0.44941076001065705,0.846907772746982,0.8365081937277312,0.7895717656653695,0.8633899859010735,0.8237220940935732,0.8968505923112725,1.0,0.702,0.7793,0.8200949436048244,0.0,0.7335691590265043,0.4336232975836055,0.8419498093808859,0.8716874369409013,0.8383962980426908,0.7907846573836699,0.0,0.4613590525583054,0.7759086704074173,0.8462651496089608,1.0,0.4072903200531965,0.7793,0.0,0.8344832579171091,0.40995751702611366,0.831178085295218,0.8872167564122416,0.8252015818318361,1.0,0.7940887131074141,0.0,1.0,0.8306598947383392,0.3818171074493331,0.8466240135971907,0.8140074003815227,0.8709736408202138,0.899291548546229,0.9533996545856207,0.8564773085738082,0.8841126180271338,0.384,0.8103085980519102,0.0,1.0,0.7755256373038862,0.4247974854170934,0.7859235758728229,0.8447179848578439,0.9671645521626236,0.9231098818772765,0.8160995699197524,0.8134127268591935,0.9288026016763442,0.7793,0.7207246108945808,0.0,1.0,0.7603010105244534,0.4227235577076905,0.902180163933139,0.9084723267257659,0.9394488291009161,0.8953406384542222,0.9500598136437661,0.384,0.8550438276712147,0.0,1.0,0.8444618307791938,0.3809771756195556,0.7938465665392981,0.9047798397774032,0.9626933444871071,0.8420037244885755,0.8587669568494755,0.9013293056638398,0.384,0.8812073110529736,0.0,1.0,0.802739957682138,0.9617894103437913,0.7736123328668271,0.8134795710955521,0.8049834096470647,0.4714,0.8202979795138488,0.0,1.0,0.8544289925538098,0.8735670876682693,0.9109140314060721,0.9016604493495687,0.8994740339057574,0.9481962836926005,0.384,0.8336586738619374,0.0,1.0,0.8406759628169864,0.4047545333209936,0.867060114731913,0.9357020737606733,0.9458420291916536,0.7777639640673993,0.8579191256886991,0.7793,0.8789968942838431,0.0,0.7841821520148663,0.6939463918956219,0.0,1.0,0.748293684781109,0.3834283221143491,0.8532977292449109,0.8529395486583325,0.8240791218515504,0.0,0.8158251248927815,0.42198244654162975,0.8983668171889283,0.8236125898432712,0.786442872332351,0.9253522923864403,0.8998389494009155,0.384,0.7959872827233341,0.0,0.384,0.0,0.7321743690682934,0.8084793602023206,0.0,1.0,0.719760337136869,0.40979373213609827,0.7357830314154634,0.8444463187042526,0.8054037585265755,0.9093173981627768,0.7604839262814848,0.7445901328636426,1.0,0.7793,0.7145727715116532,0.0,1.0,0.7894189621344462,0.40548410548569247,0.9030128294056621,0.8288481757095879,0.7944564741070254,0.8919880646155935,0.8795412021946172,0.8281718547345929,0.9086140766245114,0.7793,0.8384585477219749,0.0,0.7609726926068778,0.46895039522384885,0.8402871373856449,0.8832474260124725,0.7376330300766633,0.0,1.0,0.8334337953067061,0.37116648350871173,0.7151554299142326,0.8507921881450853,0.8267721920842789,0.7701796040443634,0.7816630176778919,0.7196020430380204,0.9419017937724813,0.702,0.8161240828190907,0.0,0.3763852988705787,0.8000184497429096,0.0,0.8570920315902903,0.0,1.0,0.3909507670106794,0.9121444561612596,0.9298091045691004,0.384,0.8659258801784253,0.0,0.8020858963238702,0.44414551480115777,0.8964182132392009,0.7858284617496438,0.0,0.0,0.0,0.0,0.0,0.0,0.0,0.0,0.0,0.0,0.0,0.0,0.0,0.0,0.0,0.0,0.0,0.0,0.0,0.0,0.0,0.0,0.0,0.0,0.0,0.0,0.0,0.8184028370409274,0.9544791914114714,1.0,0.8776231080027959,0.7793,0.7793,0.0,0.0,0.702,0.4714,0.9294359018761944,0.9392436783980198,1.0,0.9800553828292302,0.7793,0.7793,0.0,0.0,0.4714,0.702,0.8850216232658334,0.813986841799419,1.0,1.0,0.7793,0.7793,0.0,0.0,0.4714,0.4714,0.9333534800618088,0.9520894609412213,1.0,0.9967948005204424,0.384,0.384,0.0,0.0,0.8068186678900165,0.8777755946315059,1.0,0.9716345297385606,0.384,0.7793,0.0,0.0,0.9351966214949191,0.9428570211594516,1.0,0.8846552756746757,0.384,0.384,0.0,0.0,0.8251175443570573,0.928055436163472,1.0,0.8965426064248156,0.384,0.0,0.0,0.4714,0.702,0.9630853245928429,0.9445598647510304,1.0,0.9948218540173183,0.384,0.384,0.0,0.0,0.4714,0.702,0.770431357220515,0.9444931537949905,1.0,0.8990329223394008,0.7793,0.384,0.0,0.0,0.702,0.702,0.8068968232152512,0.8543543578648919,1.0,0.8721393358860199,0.384,0.7793,0.0,0.0,0.4714,0.4714,0.9391386092661688,0.9227978262273387,1.0,1.0,0.7793,0.384,0.0,0.0,0.702,0.702,0.8051018802048399,0.7671989171973833,1.0,0.9496041359786442,0.0,0.4714,0.702,0.8891963648699069,0.8458986344210361,1.0,1.0,0.384,0.7793,0.0,0.0,0.4714,0.702,0.8173410274981482,0.8047933388121136,1.0,1.0,0.7793,0.384,0.0,0.0,0.8606144611048435,0.9202900835577918,1.0,1.0,0.384,0.7793,0.0,0.0,0.8239024217754073,0.8082187607142527,1.0,0.9184575165682791,0.384,0.7793,0.0,0.0,0.9654252315028079,0.8318514563498933,1.0,0.9970096206520315,0.7793,0.384,0.0,0.0,0.8626684178497607,0.9278277589644995,1.0,0.9234633132730959,0.7793,0.384,0.0,0.0,0.791840392803617,0.9255093403579514,1.0,0.9403960572133799,0.384,0.384,0.0,0.0,0.9663221578183272,0.7656614777218613,1.0,0.910365341880136,0.7793,0.384,0.0,0.0,0.9545499030928297,0.8492696972317806,1.0,1.0,0.384,0.7793,0.0,0.0,0.702,0.702,0.9691779785543294,0.7721611157438264,1.0,0.9052598023192739,0.384,0.384,0.0,0.0,0.9649115219993615,0.8647006438590432,1.0,1.0,0.384,0.384,0.0,0.0,0.4714,0.4714,0.8554705184070528,0.9445706480647973,1.0,0.881433535071767,0.384,0.7793,0.0,0.0,0.8250852497191473,0.8356747982521326,1.0,0.9675693733901982,0.7793,0.384,0.0,0.0,0.8982280279194269,0.8788766816941562,1.0,0.9610939368912441,0.7793,0.384,0.0,0.0,0.9518998060608864,0.7652169953262604,1.0,1.0,0.7793,0.384,0.0,0.0
,53,1.0,0.8402572429110977,0.8576357579657161,0.8651211950134761,0.9141362734369507,0.8633797188557154,0.8029243512282529,0.0,1.0,0.8774119557045622,0.4113168058243633,0.8448561121962452,0.8643671283396288,0.78805127884902,0.7436056595280742,0.8733792563089393,0.7573,0.7363549324137487,0.0,1.0,0.7660889808869203,0.44941076001065705,0.846907772746982,0.8365081937277312,0.7895717656653695,0.8633899859010735,0.8237220940935732,0.8968505923112725,1.0,0.699,0.7573,0.8200949436048244,0.0,0.7335691590265043,0.4336232975836055,0.8419498093808859,0.8716874369409013,0.8383962980426908,0.7907846573836699,0.0,0.4613590525583054,0.7759086704074173,0.8462651496089608,1.0,0.4072903200531965,0.7573,0.0,0.8344832579171091,0.40995751702611366,0.831178085295218,0.8872167564122416,0.8252015818318361,1.0,0.7940887131074141,0.0,1.0,0.8306598947383392,0.3818171074493331,0.8466240135971907,0.8140074003815227,0.8709736408202138,0.899291548546229,0.9533996545856207,0.8564773085738082,0.8841126180271338,0.3752,0.8103085980519102,0.0,1.0,0.7755256373038862,0.4247974854170934,0.7859235758728229,0.8447179848578439,0.9671645521626236,0.9231098818772765,0.8160995699197524,0.8134127268591935,0.9288026016763442,0.7573,0.7207246108945808,0.0,1.0,0.7603010105244534,0.4227235577076905,0.902180163933139,0.9084723267257659,0.9394488291009161,0.8953406384542222,0.9500598136437661,0.3752,0.8550438276712147,0.0,1.0,0.8444618307791938,0.3809771756195556,0.7938465665392981,0.9047798397774032,0.9626933444871071,0.8420037244885755,0.8587669568494755,0.9013293056638398,0.3752,0.8812073110529736,0.0,1.0,0.802739957682138,0.9617894103437913,0.7736123328668271,0.8134795710955521,0.8049834096470647,0.4856,0.8202979795138488,0.0,1.0,0.8544289925538098,0.8735670876682693,0.9109140314060721,0.9016604493495687,0.8994740339057574,0.9481962836926005,0.3752,0.8336586738619374,0.0,1.0,0.8406759628169864,0.4047545333209936,0.867060114731913,0.9357020737606733,0.9458420291916536,0.7777639640673993,0.8579191256886991,0.7573,0.8789968942838431,0.0,0.7841821520148663,0.6939463918956219,0.0,1.0,0.748293684781109,0.3834283221143491,0.8532977292449109,0.8529395486583325,0.8240791218515504,0.0,0.8158251248927815,0.42198244654162975,0.8983668171889283,0.8236125898432712,0.786442872332351,0.9253522923864403,0.8998389494009155,0.3752,0.7959872827233341,0.0,0.3752,0.0,0.7321743690682934,0.8084793602023206,0.0,1.0,0.719760337136869,0.40979373213609827,0.7357830314154634,0.8444463187042526,0.8054037585265755,0.9093173981627768,0.7604839262814848,0.7445901328636426,1.0,0.7573,0.7145727715116532,0.0,1.0,0.7894189621344462,0.40548410548569247,0.9030128294056621,0.8288481757095879,0.7944564741070254,0.8919880646155935,0.8795412021946172,0.8281718547345929,0.9086140766245114,0.7573,0.8384585477219749,0.0,0.7609726926068778,0.46895039522384885,0.8402871373856449,0.8832474260124725,0.7376330300766633,0.0,1.0,0.8334337953067061,0.37116648350871173,0.7151554299142326,0.8507921881450853,0.8267721920842789,0.7701796040443634,0.7816630176778919,0.7196020430380204,0.9419017937724813,0.699,0.8161240828190907,0.0,0.3763852988705787,0.8000184497429096,0.0,0.8570920315902903,0.0,1.0,0.3909507670106794,0.9121444561612596,0.9298091045691004,0.3752,0.8659258801784253,0.0,0.8020858963238702,0.44414551480115777,0.8964182132392009,0.7858284617496438,0.0,0.0,0.0,0.0,0.0,0.0,0.0,0.0,0.0,0.0,0.0,0.0,0.0,0.0,0.0,0.0,0.0,0.0,0.0,0.0,0.0,0.0,0.0,0.0,0.0,0.0,0.0,0.8184028370409274,0.9544791914114714,1.0,0.8776231080027959,0.7573,0.7573,0.0,0.0,0.699,0.4856,0.9294359018761944,0.9392436783980198,1.0,0.9800553828292302,0.7573,0.7573,0.0,0.0,0.4856,0.699,0.8850216232658334,0.813986841799419,1.0,1.0,0.7573,0.7573,0.0,0.0,0.4856,0.4856,0.9333534800618088,0.9520894609412213,1.0,0.9967948005204424,0.3752,0.3752,0.0,0.0,0.8068186678900165,0.8777755946315059,1.0,0.9716345297385606,0.3752,0.7573,0.0,0.0,0.9351966214949191,0.9428570211594516,1.0,0.8846552756746757,0.3752,0.3752,0.0,0.0,0.8251175443570573,0.928055436163472,1.0,0.8965426064248156,0.3752,0.0,0.0,0.4856,0.699,0.9630853245928429,0.9445598647510304,1.0,0.9948218540173183,0.3752,0.3752,0.0,0.0,0.4856,0.699,0.770431357220515,0.9444931537949905,1.0,0.8990329223394008,0.7573,0.3752,0.0,0.0,0.699,0.699,0.8068968232152512,0.8543543578648919,1.0,0.8721393358860199,0.3752,0.7573,0.0,0.0,0.4856,0.4856,0.9391386092661688,0.9227978262273387,1.0,1.0,0.7573,0.3752,0.0,0.0,0.699,0.699,0.8051018802048399,0.7671989171973833,1.0,0.9496041359786442,0.0,0.4856,0.699,0.8891963648699069,0.8458986344210361,1.0,1.0,0.3752,0.7573,0.0,0.0,0.4856,0.699,0.8173410274981482,0.8047933388121136,1.0,1.0,0.7573,0.3752,0.0,0.0,0.8606144611048435,0.9202900835577918,1.0,1.0,0.3752,0.7573,0.0,0.0,0.8239024217754073,0.8082187607142527,1.0,0.9184575165682791,0.3752,0.7573,0.0,0.0,0.9654252315028079,0.8318514563498933,1.0,0.9970096206520315,0.7573,0.3752,0.0,0.0,0.8626684178497607,0.9278277589644995,1.0,0.9234633132730959,0.7573,0.3752,0.0,0.0,0.791840392803617,0.9255093403579514,1.0,0.9403960572133799,0.3752,0.3752,0.0,0.0,0.9663221578183272,0.7656614777218613,1.0,0.910365341880136,0.7573,0.3752,0.0,0.0,0.9545499030928297,0.8492696972317806,1.0,1.0,0.3752,0.7573,0.0,0.0,0.699,0.699,0.9691779785543294,0.7721611157438264,1.0,0.9052598023192739,0.3752,0.3752,0.0,0.0,0.9649115219993615,0.8647006438590432,1.0,1.0,0.3752,0.3752,0.0,0.0,0.4856,0.4856,0.8554705184070528,0.9445706480647973,1.0,0.881433535071767,0.3752,0.7573,0.0,0.0,0.8250852497191473,0.8356747982521326,1.0,0.9675693733901982,0.7573,0.3752,0.0,0.0,0.8982280279194269,0.8788766816941562,1.0,0.9610939368912441,0.7573,0.3752,0.0,0.0,0.9518998060608864,0.7652169953262604,1.0,1.0,0.7573,0.3752,0.0,0.0
,54,1.0,0.8402572429110977,0.8576357579657161,0.8651211950134761,0.9141362734369507,0.8633797188557154,0.8029243512282529,0.0,1.0,0.8774119557045622,0.4113168058243633,0.8448561121962452,0.8643671283396288,0.78805127884902,0.7436056595280742,0.8733792563089393,0.734,0.7363549324137487,0.0,1.0,0.7660889808869203,0.44941076001065705,0.846907772746982,0.8365081937277312,0.7895717656653695,0.8633899859010735,0.8237220940935732,0.8968505923112725,1.0,0.695,0.734,0.8200949436048244,0.0,0.7335691590265043,0.4336232975836055,0.8419498093808859,0.8716874369409013,0.8383962980426908,0.7907846573836699,0.0,0.4613590525583054,0.7759086704074173,0.8462651496089608,1.0,0.4072903200531965,0.734,0.0,0.8344832579171091,0.40995751702611366,0.831178085295218,0.8872167564122416,0.8252015818318361,1.0,0.7940887131074141,0.0,1.0,0.8306598947383392,0.3818171074493331,0.8466240135971907,0.8140074003815227,0.8709736408202138,0.899291548546229,0.9533996545856207,0.8564773085738082,0.8841126180271338,0.3691,0.8103085980519102,0.0,1.0,0.7755256373038862,0.4247974854170934,0.7859235758728229,0.8447179848578439,0.9671645521626236,0.9231098818772765,0.8160995699197524,0.8134127268591935,0.9288026016763442,0.734,0.7207246108945808,0.0,1.0,0.7603010105244534,0.4227235577076905,0.902180163933139,0.9084723267257659,0.9394488291009161,0.8953406384542222,0.9500598136437661,0.3691,0.8550438276712147,0.0,1.0,0.8444618307791938,0.3809771756195556,0.7938465665392981,0.9047798397774032,0.9626933444871071,0.8420037244885755,0.8587669568494755,0.9013293056638398,0.3691,0.8812073110529736,0.0,1.0,0.802739957682138,0.9617894103437913,0.7736123328668271,0.8134795710955521,0.8049834096470647,0.487,0.8202979795138488,0.0,1.0,0.8544289925538098,0.8735670876682693,0.9109140314060721,0.9016604493495687,0.8994740339057574,0.9481962836926005,0.3691,0.8336586738619374,0.0,1.0,0.8406759628169864,0.4047545333209936,0.867060114731913,0.9357020737606733,0.9458420291916536,0.7777639640673993,0.8579191256886991,0.734,0.8789968942838431,0.0,0.7841821520148663,0.6939463918956219,0.0,1.0,0.748293684781109,0.3834283221143491,0.8532977292449109,0.8529395486583325,0.8240791218515504,0.0,0.8158251248927815,0.42198244654162975,0.8983668171889283,0.8236125898432712,0.786442872332351,0.9253522923864403,0.8998389494009155,0.3691,0.7959872827233341,0.0,0.3691,0.0,0.7321743690682934,0.8084793602023206,0.0,1.0,0.719760337136869,0.40979373213609827,0.7357830314154634,0.8444463187042526,0.8054037585265755,0.9093173981627768,0.7604839262814848,0.7445901328636426,1.0,0.734,0.7145727715116532,0.0,1.0,0.7894189621344462,0.40548410548569247,0.9030128294056621,0.8288481757095879,0.7944564741070254,0.8919880646155935,0.8795412021946172,0.8281718547345929,0.9086140766245114,0.734,0.8384585477219749,0.0,0.7609726926068778,0.46895039522384885,0.8402871373856449,0.8832474260124725,0.7376330300766633,0.0,1.0,0.8334337953067061,0.37116648350871173,0.7151554299142326,0.8507921881450853,0.8267721920842789,0.7701796040443634,0.7816630176778919,0.7196020430380204,0.9419017937724813,0.695,0.8161240828190907,0.0,0.3763852988705787,0.8000184497429096,0.0,0.8570920315902903,0.0,1.0,0.3909507670106794,0.9121444561612596,0.9298091045691004,0.3691,0.8659258801784253,0.0,0.8020858963238702,0.44414551480115777,0.8964182132392009,0.7858284617496438,0.0,0.0,0.0,0.0,0.0,0.0,0.0,0.0,0.0,0.0,0.0,0.0,0.0,0.0,0.0,0.0,0.0,0.0,0.0,0.0,0.0,0.0,0.0,0.0,0.0,0.0,0.0,0.8184028370409274,0.9544791914114714,1.0,0.8776231080027959,0.734,0.734,0.0,0.0,0.695,0.487,0.9294359018761944,0.9392436783980198,1.0,0.9800553828292302,0.734,0.734,0.0,0.0,0.487,0.695,0.8850216232658334,0.813986841799419,1.0,1.0,0.734,0.734,0.0,0.0,0.487,0.487,0.9333534800618088,0.9520894609412213,1.0,0.9967948005204424,0.3691,0.3691,0.0,0.0,0.8068186678900165,0.8777755946315059,1.0,0.9716345297385606,0.3691,0.734,0.0,0.0,0.9351966214949191,0.9428570211594516,1.0,0.8846552756746757,0.3691,0.3691,0.0,0.0,0.8251175443570573,0.928055436163472,1.0,0.8965426064248156,0.3691,0.0,0.0,0.487,0.695,0.9630853245928429,0.9445598647510304,1.0,0.9948218540173183,0.3691,0.3691,0.0,0.0,0.487,0.695,0.770431357220515,0.9444931537949905,1.0,0.8990329223394008,0.734,0.3691,0.0,0.0,0.695,0.695,0.8068968232152512,0.8543543578648919,1.0,0.8721393358860199,0.3691,0.734,0.0,0.0,0.487,0.487,0.9391386092661688,0.9227978262273387,1.0,1.0,0.734,0.3691,0.0,0.0,0.695,0.695,0.8051018802048399,0.7671989171973833,1.0,0.9496041359786442,0.0,0.487,0.695,0.8891963648699069,0.8458986344210361,1.0,1.0,0.3691,0.734,0.0,0.0,0.487,0.695,0.8173410274981482,0.8047933388121136,1.0,1.0,0.734,0.3691,0.0,0.0,0.8606144611048435,0.9202900835577918,1.0,1.0,0.3691,0.734,0.0,0.0,0.8239024217754073,0.8082187607142527,1.0,0.9184575165682791,0.3691,0.734,0.0,0.0,0.9654252315028079,0.8318514563498933,1.0,0.9970096206520315,0.734,0.3691,0.0,0.0,0.8626684178497607,0.9278277589644995,1.0,0.9234633132730959,0.734,0.3691,0.0,0.0,0.791840392803617,0.9255093403579514,1.0,0.9403960572133799,0.3691,0.3691,0.0,0.0,0.9663221578183272,0.7656614777218613,1.0,0.910365341880136,0.734,0.3691,0.0,0.0,0.9545499030928297,0.8492696972317806,1.0,1.0,0.3691,0.734,0.0,0.0,0.695,0.695,0.9691779785543294,0.7721611157438264,1.0,0.9052598023192739,0.3691,0.3691,0.0,0.0,0.9649115219993615,0.8647006438590432,1.0,1.0,0.3691,0.3691,0.0,0.0,0.487,0.487,0.8554705184070528,0.9445706480647973,1.0,0.881433535071767,0.3691,0.734,0.0,0.0,0.8250852497191473,0.8356747982521326,1.0,0.9675693733901982,0.734,0.3691,0.0,0.0,0.8982280279194269,0.8788766816941562,1.0,0.9610939368912441,0.734,0.3691,0.0,0.0,0.9518998060608864,0.7652169953262604,1.0,1.0,0.734,0.3691,0.0,0.0
,55,1.0,0.8402572429110977,0.8576357579657161,0.8651211950134761,0.9141362734369507,0.8633797188557154,0.8029243512282529,0.000603,1.0,0.8774119557045622,0.4113168058243633,0.8448561121962452,0.8643671283396288,0.78805127884902,0.7436056595280742,0.8733792563089393,0.7134,0.7363549324137487,0.0,1.0,0.7660889808869203,0.44941076001065705,0.846907772746982,0.8365081937277312,0.7895717656653695,0.8633899859010735,0.8237220940935732,0.8968505923112725,1.0,0.698,0.7134,0.8200949436048244,0.0,0.7335691590265043,0.4336232975836055,0.8419498093808859,0.8716874369409013,0.8383962980426908,0.7907846573836699,0.0,0.4613590525583054,0.7759086704074173,0.8462651496089608,1.0,0.4072903200531965,0.7134,0.0,0.8344832579171091,0.40995751702611366,0.831178085295218,0.8872167564122416,0.8252015818318361,1.0,0.7940887131074141,0.000603,1.0,0.8306598947383392,0.3818171074493331,0.8466240135971907,0.8140074003815227,0.8709736408202138,0.899291548546229,0.9533996545856207,0.8564773085738082,0.8841126180271338,0.363,0.8103085980519102,0.000603,1.0,0.7755256373038862,0.4247974854170934,0.7859235758728229,0.8447179848578439,0.9671645521626236,0.9231098818772765,0.8160995699197524,0.8134127268591935,0.9288026016763442,0.7134,0.7207246108945808,0.000603,1.0,0.7603010105244534,0.4227235577076905,0.902180163933139,0.9084723267257659,0.9394488291009161,0.8953406384542222,0.9500598136437661,0.363,0.8550438276712147,0.0,1.0,0.8444618307791938,0.3809771756195556,0.7938465665392981,0.9047798397774032,0.9626933444871071,0.8420037244885755,0.8587669568494755,0.9013293056638398,0.363,0.8812073110529736,0.000603,1.0,0.802739957682138,0.9617894103437913,0.7736123328668271,0.8134795710955521,0.8049834096470647,0.5034,0.8202979795138488,0.0,1.0,0.8544289925538098,0.8735670876682693,0.9109140314060721,0.9016604493495687,0.8994740339057574,0.9481962836926005,0.363,0.8336586738619374,0.0,1.0,0.8406759628169864,0.4047545333209936,0.867060114731913,0.9357020737606733,0.9458420291916536,0.7777639640673993,0.8579191256886991,0.7134,0.8789968942838431,0.000603,0.7841821520148663,0.6939463918956219,0.000603,1.0,0.748293684781109,0.3834283221143491,0.8532977292449109,0.8529395486583325,0.8240791218515504,0.0,0.8158251248927815,0.42198244654162975,0.8983668171889283,0.8236125898432712,0.786442872332351,0.9253522923864403,0.8998389494009155,0.363,0.7959872827233341,0.000603,0.363,0.000603,0.7321743690682934,0.8084793602023206,0.0,1.0,0.719760337136869,0.40979373213609827,0.7357830314154634,0.8444463187042526,0.8054037585265755,0.9093173981627768,0.7604839262814848,0.7445901328636426,1.0,0.7134,0.7145727715116532,0.000603,1.0,0.7894189621344462,0.40548410548569247,0.9030128294056621,0.8288481757095879,0.7944564741070254,0.8919880646155935,0.8795412021946172,0.8281718547345929,0.9086140766245114,0.7134,0.8384585477219749,0.000603,0.7609726926068778,0.46895039522384885,0.8402871373856449,0.8832474260124725,0.7376330300766633,0.0,1.0,0.8334337953067061,0.37116648350871173,0.7151554299142326,0.8507921881450853,0.8267721920842789,0.7701796040443634,0.7816630176778919,0.7196020430380204,0.9419017937724813,0.698,0.8161240828190907,0.0,0.3763852988705787,0.8000184497429096,0.0,0.8570920315902903,0.0,1.0,0.3909507670106794,0.9121444561612596,0.9298091045691004,0.363,0.8659258801784253,0.000603,0.8020858963238702,0.44414551480115777,0.8964182132392009,0.7858284617496438,0.0004921314754511657,0.0,0.0,0.0,0.0004759825008970614,0.0004884444289309219,0.0,0.00048180347327974905,0.00047826149252120753,0.00048382167350646815,0.0,0.0,0.0,0.0,0.0004834758826869914,0.0004727274785492672,0.0004828439585787677,0.0,0.0,0.0,0.00047570513750766193,0.0,0.00046848223947428675,0.00048172610416998153,0.0,0.0,0.0004956482909613886,0.8184028370409274,0.9544791914114714,1.0,0.8776231080027959,0.7134,0.7134,0.000603,0.0,0.698,0.5034,0.9294359018761944,0.9392436783980198,1.0,0.9800553828292302,0.7134,0.7134,0.0,0.000603,0.5034,0.698,0.8850216232658334,0.813986841799419,1.0,1.0,0.7134,0.7134,0.0,0.000603,0.5034,0.5034,0.9333534800618088,0.9520894609412213,1.0,0.9967948005204424,0.363,0.363,0.000603,0.000603,0.8068186678900165,0.8777755946315059,1.0,0.9716345297385606,0.363,0.7134,0.000603,0.000603,0.9351966214949191,0.9428570211594516,1.0,0.8846552756746757,0.363,0.363,0.000603,0.000603,0.8251175443570573,0.928055436163472,1.0,0.8965426064248156,0.363,0.000603,0.0,0.5034,0.698,0.9630853245928429,0.9445598647510304,1.0,0.9948218540173183,0.363,0.363,0.0,0.000603,0.5034,0.698,0.770431357220515,0.9444931537949905,1.0,0.8990329223394008,0.7134,0.363,0.0,0.0,0.698,0.698,0.8068968232152512,0.8543543578648919,1.0,0.8721393358860199,0.363,0.7134,0.0,0.000603,0.5034,0.5034,0.9391386092661688,0.9227978262273387,1.0,1.0,0.7134,0.363,0.000603,0.000603,0.698,0.698,0.8051018802048399,0.7671989171973833,1.0,0.9496041359786442,0.0,0.5034,0.698,0.8891963648699069,0.8458986344210361,1.0,1.0,0.363,0.7134,0.000603,0.000603,0.5034,0.698,0.8173410274981482,0.8047933388121136,1.0,1.0,0.7134,0.363,0.0,0.0,0.8606144611048435,0.9202900835577918,1.0,1.0,0.363,0.7134,0.000603,0.000603,0.8239024217754073,0.8082187607142527,1.0,0.9184575165682791,0.363,0.7134,0.000603,0.000603,0.9654252315028079,0.8318514563498933,1.0,0.9970096206520315,0.7134,0.363,0.0,0.0,0.8626684178497607,0.9278277589644995,1.0,0.9234633132730959,0.7134,0.363,0.000603,0.000603,0.791840392803617,0.9255093403579514,1.0,0.9403960572133799,0.363,0.363,0.0,0.000603,0.9663221578183272,0.7656614777218613,1.0,0.910365341880136,0.7134,0.363,0.000603,0.0,0.9545499030928297,0.8492696972317806,1.0,1.0,0.363,0.7134,0.0,0.000603,0.698,0.698,0.9691779785543294,0.7721611157438264,1.0,0.9052598023192739,0.363,0.363,0.0,0.0,0.9649115219993615,0.8647006438590432,1.0,1.0,0.363,0.363,0.0,0.000603,0.5034,0.5034,0.8554705184070528,0.9445706480647973,1.0,0.881433535071767,0.363,0.7134,0.0,0.000603,0.8250852497191473,0.8356747982521326,1.0,0.9675693733901982,0.7134,0.363,0.0,0.000603,0.8982280279194269,0.8788766816941562,1.0,0.9610939368912441,0.7134,0.363,0.0,0.000603,0.9518998060608864,0.7652169953262604,1.0,1.0,0.7134,0.363,0.0,0.0
,56,1.0,0.8402572429110977,0.8576357579657161,0.8651211950134761,0.9141362734369507,0.8633797188557154,0.8029243512282529,0.1329,1.0,0.8774119557045622,0.4113168058243633,0.8448561121962452,0.8643671283396288,0.78805127884902,0.7436056595280742,0.8733792563089393,0.677,0.7363549324137487,0.02524,1.0,0.7660889808869203,0.44941076001065705,0.846907772746982,0.8365081937277312,0.7895717656653695,0.8633899859010735,0.8237220940935732,0.8968505923112725,1.0,0.6875,0.677,0.8200949436048244,0.02524,0.7335691590265043,0.4336232975836055,0.8419498093808859,0.8716874369409013,0.8383962980426908,0.7907846573836699,0.02524,0.4613590525583054,0.7759086704074173,0.8462651496089608,1.0,0.4072903200531965,0.677,0.02524,0.8344832579171091,0.40995751702611366,0.831178085295218,0.8872167564122416,0.8252015818318361,1.0,0.7940887131074141,0.1329,1.0,0.8306598947383392,0.3818171074493331,0.8466240135971907,0.8140074003815227,0.8709736408202138,0.899291548546229,0.9533996545856207,0.8564773085738082,0.8841126180271338,0.3164,0.8103085980519102,0.1329,1.0,0.7755256373038862,0.4247974854170934,0.7859235758728229,0.8447179848578439,0.9671645521626236,0.9231098818772765,0.8160995699197524,0.8134127268591935,0.9288026016763442,0.677,0.7207246108945808,0.1329,1.0,0.7603010105244534,0.4227235577076905,0.902180163933139,0.9084723267257659,0.9394488291009161,0.8953406384542222,0.9500598136437661,0.3164,0.8550438276712147,0.02524,1.0,0.8444618307791938,0.3809771756195556,0.7938465665392981,0.9047798397774032,0.9626933444871071,0.8420037244885755,0.8587669568494755,0.9013293056638398,0.3164,0.8812073110529736,0.1329,1.0,0.802739957682138,0.9617894103437913,0.7736123328668271,0.8134795710955521,0.8049834096470647,0.51,0.8202979795138488,0.02524,1.0,0.8544289925538098,0.8735670876682693,0.9109140314060721,0.9016604493495687,0.8994740339057574,0.9481962836926005,0.3164,0.8336586738619374,0.02524,1.0,0.8406759628169864,0.4047545333209936,0.867060114731913,0.9357020737606733,0.9458420291916536,0.7777639640673993,0.8579191256886991,0.677,0.8789968942838431,0.1329,0.7841821520148663,0.6939463918956219,0.1329,1.0,0.748293684781109,0.3834283221143491,0.8532977292449109,0.8529395486583325,0.8240791218515504,0.02524,0.8158251248927815,0.42198244654162975,0.8983668171889283,0.8236125898432712,0.786442872332351,0.9253522923864403,0.8998389494009155,0.3164,0.7959872827233341,0.1329,0.3164,0.1329,0.7321743690682934,0.8084793602023206,0.02524,1.0,0.719760337136869,0.40979373213609827,0.7357830314154634,0.8444463187042526,0.8054037585265755,0.9093173981627768,0.7604839262814848,0.7445901328636426,1.0,0.677,0.7145727715116532,0.1329,1.0,0.7894189621344462,0.40548410548569247,0.9030128294056621,0.8288481757095879,0.7944564741070254,0.8919880646155935,0.8795412021946172,0.8281718547345929,0.9086140766245114,0.677,0.8384585477219749,0.1329,0.7609726926068778,0.46895039522384885,0.8402871373856449,0.8832474260124725,0.7376330300766633,0.02524,1.0,0.8334337953067061,0.37116648350871173,0.7151554299142326,0.8507921881450853,0.8267721920842789,0.7701796040443634,0.7816630176778919,0.7196020430380204,0.9419017937724813,0.6875,0.8161240828190907,0.02524,0.3763852988705787,0.8000184497429096,0.02524,0.8570920315902903,0.02524,1.0,0.3909507670106794,0.9121444561612596,0.9298091045691004,0.3164,0.8659258801784253,0.1329,0.8020858963238702,0.44414551480115777,0.8964182132392009,0.7858284617496438,0.10846479782331661,0.019874392206912103,0.019598197604440974,0.02016618116884098,0.10490559596885483,0.10765218010766088,0.020691093954815176,0.10618852669797453,0.10540788118750992,0.10663333401162456,0.01963604422723189,0.019765721695039068,0.020003153863327416,0.0202133583735975,0.10655712240315282,0.1041881955210574,0.10641784758726072,0.019629753088917005,0.020295898388678003,0.020332458277508774,0.10484446562979813,0.02058476727098967,0.10325255327716866,0.10617147470015016,0.02046052587028114,0.02055403189582757,0.10923989696313191,0.8184028370409274,0.9544791914114714,1.0,0.8776231080027959,0.677,0.677,0.1329,0.02524,0.6875,0.51,0.9294359018761944,0.9392436783980198,1.0,0.9800553828292302,0.677,0.677,0.02524,0.1329,0.51,0.6875,0.8850216232658334,0.813986841799419,1.0,1.0,0.677,0.677,0.02524,0.1329,0.51,0.51,0.9333534800618088,0.9520894609412213,1.0,0.9967948005204424,0.3164,0.3164,0.1329,0.1329,0.8068186678900165,0.8777755946315059,1.0,0.9716345297385606,0.3164,0.677,0.1329,0.1329,0.9351966214949191,0.9428570211594516,1.0,0.8846552756746757,0.3164,0.3164,0.1329,0.1329,0.8251175443570573,0.928055436163472,1.0,0.8965426064248156,0.3164,0.1329,0.02524,0.51,0.6875,0.9630853245928429,0.9445598647510304,1.0,0.9948218540173183,0.3164,0.3164,0.02524,0.1329,0.51,0.6875,0.770431357220515,0.9444931537949905,1.0,0.8990329223394008,0.677,0.3164,0.02524,0.02524,0.6875,0.6875,0.8068968232152512,0.8543543578648919,1.0,0.8721393358860199,0.3164,0.677,0.02524,0.1329,0.51,0.51,0.9391386092661688,0.9227978262273387,1.0,1.0,0.677,0.3164,0.1329,0.1329,0.6875,0.6875,0.8051018802048399,0.7671989171973833,1.0,0.9496041359786442,0.02524,0.51,0.6875,0.8891963648699069,0.8458986344210361,1.0,1.0,0.3164,0.677,0.1329,0.1329,0.51,0.6875,0.8173410274981482,0.8047933388121136,1.0,1.0,0.677,0.3164,0.02524,0.02524,0.8606144611048435,0.9202900835577918,1.0,1.0,0.3164,0.677,0.1329,0.1329,0.8239024217754073,0.8082187607142527,1.0,0.9184575165682791,0.3164,0.677,0.1329,0.1329,0.9654252315028079,0.8318514563498933,1.0,0.9970096206520315,0.677,0.3164,0.02524,0.02524,0.8626684178497607,0.9278277589644995,1.0,0.9234633132730959,0.677,0.3164,0.1329,0.1329,0.791840392803617,0.9255093403579514,1.0,0.9403960572133799,0.3164,0.3164,0.02524,0.1329,0.9663221578183272,0.7656614777218613,1.0,0.910365341880136,0.677,0.3164,0.1329,0.02524,0.9545499030928297,0.8492696972317806,1.0,1.0,0.3164,0.677,0.02524,0.1329,0.6875,0.6875,0.9691779785543294,0.7721611157438264,1.0,0.9052598023192739,0.3164,0.3164,0.02524,0.02524,0.9649115219993615,0.8647006438590432,1.0,1.0,0.3164,0.3164,0.02524,0.1329,0.51,0.51,0.8554705184070528,0.9445706480647973,1.0,0.881433535071767,0.3164,0.677,0.02524,0.1329,0.8250852497191473,0.8356747982521326,1.0,0.9675693733901982,0.677,0.3164,0.02524,0.1329,0.8982280279194269,0.8788766816941562,1.0,0.9610939368912441,0.677,0.3164,0.02524,0.1329,0.9518998060608864,0.7652169953262604,1.0,1.0,0.677,0.3164,0.02524,0.02524
,57,1.0,0.8402572429110977,0.8576357579657161,0.8651211950134761,0.9141362734369507,0.8633797188557154,0.8029243512282529,0.3962,1.0,0.8774119557045622,0.4113168058243633,0.8448561121962452,0.8643671283396288,0.78805127884902,0.7436056595280742,0.8733792563089393,0.5215,0.7363549324137487,0.1067,1.0,0.7660889808869203,0.44941076001065705,0.846907772746982,0.8365081937277312,0.7895717656653695,0.8633899859010735,0.8237220940935732,0.8968505923112725,1.0,0.661,0.5215,0.8200949436048244,0.1067,0.7335691590265043,0.4336232975836055,0.8419498093808859,0.8716874369409013,0.8383962980426908,0.7907846573836699,0.1067,0.4613590525583054,0.7759086704074173,0.8462651496089608,1.0,0.4072903200531965,0.5215,0.1067,0.8344832579171091,0.40995751702611366,0.831178085295218,0.8872167564122416,0.8252015818318361,1.0,0.7940887131074141,0.3962,1.0,0.8306598947383392,0.3818171074493331,0.8466240135971907,0.8140074003815227,0.8709736408202138,0.899291548546229,0.9533996545856207,0.8564773085738082,0.8841126180271338,0.2238,0.8103085980519102,0.3962,1.0,0.7755256373038862,0.4247974854170934,0.7859235758728229,0.8447179848578439,0.9671645521626236,0.9231098818772765,0.8160995699197524,0.8134127268591935,0.9288026016763442,0.5215,0.7207246108945808,0.3962,1.0,0.7603010105244534,0.4227235577076905,0.902180163933139,0.9084723267257659,0.9394488291009161,0.8953406384542222,0.9500598136437661,0.2238,0.8550438276712147,0.1067,1.0,0.8444618307791938,0.3809771756195556,0.7938465665392981,0.9047798397774032,0.9626933444871071,0.8420037244885755,0.8587669568494755,0.9013293056638398,0.2238,0.8812073110529736,0.3962,1.0,0.802739957682138,0.9617894103437913,0.7736123328668271,0.8134795710955521,0.8049834096470647,0.4993,0.8202979795138488,0.1067,1.0,0.8544289925538098,0.8735670876682693,0.9109140314060721,0.9016604493495687,0.8994740339057574,0.9481962836926005,0.2238,0.8336586738619374,0.1067,1.0,0.8406759628169864,0.4047545333209936,0.867060114731913,0.9357020737606733,0.9458420291916536,0.7777639640673993,0.8579191256886991,0.5215,0.8789968942838431,0.3962,0.7841821520148663,0.6939463918956219,0.3962,1.0,0.748293684781109,0.3834283221143491,0.8532977292449109,0.8529395486583325,0.8240791218515504,0.1067,0.8158251248927815,0.42198244654162975,0.8983668171889283,0.8236125898432712,0.786442872332351,0.9253522923864403,0.8998389494009155,0.2238,0.7959872827233341,0.3962,0.2238,0.3962,0.7321743690682934,0.8084793602023206,0.1067,1.0,0.719760337136869,0.40979373213609827,0.7357830314154634,0.8444463187042526,0.8054037585265755,0.9093173981627768,0.7604839262814848,0.7445901328636426,1.0,0.5215,0.7145727715116532,0.3962,1.0,0.7894189621344462,0.40548410548569247,0.9030128294056621,0.8288481757095879,0.7944564741070254,0.8919880646155935,0.8795412021946172,0.8281718547345929,0.9086140766245114,0.5215,0.8384585477219749,0.3962,0.7609726926068778,0.46895039522384885,0.8402871373856449,0.8832474260124725,0.7376330300766633,0.1067,1.0,0.8334337953067061,0.37116648350871173,0.7151554299142326,0.8507921881450853,0.8267721920842789,0.7701796040443634,0.7816630176778919,0.7196020430380204,0.9419017937724813,0.661,0.8161240828190907,0.1067,0.3763852988705787,0.8000184497429096,0.1067,0.8570920315902903,0.1067,1.0,0.3909507670106794,0.9121444561612596,0.9298091045691004,0.2238,0.8659258801784253,0.3962,0.8020858963238702,0.44414551480115777,0.8964182132392009,0.7858284617496438,0.32335404738598983,0.08401733948009198,0.08284974977788637,0.08525085303943472,0.3127433944534258,0.32093148050154435,0.08746987816873135,0.3165680532561137,0.3142408015537354,0.3178941078661073,0.08300974322684797,0.08355794393267309,0.08456166866945464,0.08545029074733967,0.31766690666763847,0.31060468822756165,0.31725170213749215,0.08298314796305248,0.08579922179365859,0.08595377568186158,0.31256115336738916,0.08702039095937392,0.3078153619895728,0.316517218030094,0.08649517077492067,0.08689045971809832,0.32566476430995384,0.8184028370409274,0.9544791914114714,1.0,0.8776231080027959,0.5215,0.5215,0.3962,0.1067,0.661,0.4993,0.9294359018761944,0.9392436783980198,1.0,0.9800553828292302,0.5215,0.5215,0.1067,0.3962,0.4993,0.661,0.8850216232658334,0.813986841799419,1.0,1.0,0.5215,0.5215,0.1067,0.3962,0.4993,0.4993,0.9333534800618088,0.9520894609412213,1.0,0.9967948005204424,0.2238,0.2238,0.3962,0.3962,0.8068186678900165,0.8777755946315059,1.0,0.9716345297385606,0.2238,0.5215,0.3962,0.3962,0.9351966214949191,0.9428570211594516,1.0,0.8846552756746757,0.2238,0.2238,0.3962,0.3962,0.8251175443570573,0.928055436163472,1.0,0.8965426064248156,0.2238,0.3962,0.1067,0.4993,0.661,0.9630853245928429,0.9445598647510304,1.0,0.9948218540173183,0.2238,0.2238,0.1067,0.3962,0.4993,0.661,0.770431357220515,0.9444931537949905,1.0,0.8990329223394008,0.5215,0.2238,0.1067,0.1067,0.661,0.661,0.8068968232152512,0.8543543578648919,1.0,0.8721393358860199,0.2238,0.5215,0.1067,0.3962,0.4993,0.4993,0.9391386092661688,0.9227978262273387,1.0,1.0,0.5215,0.2238,0.3962,0.3962,0.661,0.661,0.8051018802048399,0.7671989171973833,1.0,0.9496041359786442,0.1067,0.4993,0.661,0.8891963648699069,0.8458986344210361,1.0,1.0,0.2238,0.5215,0.3962,0.3962,0.4993,0.661,0.8173410274981482,0.8047933388121136,1.0,1.0,0.5215,0.2238,0.1067,0.1067,0.8606144611048435,0.9202900835577918,1.0,1.0,0.2238,0.5215,0.3962,0.3962,0.8239024217754073,0.8082187607142527,1.0,0.9184575165682791,0.2238,0.5215,0.3962,0.3962,0.9654252315028079,0.8318514563498933,1.0,0.9970096206520315,0.5215,0.2238,0.1067,0.1067,0.8626684178497607,0.9278277589644995,1.0,0.9234633132730959,0.5215,0.2238,0.3962,0.3962,0.791840392803617,0.9255093403579514,1.0,0.9403960572133799,0.2238,0.2238,0.1067,0.3962,0.9663221578183272,0.7656614777218613,1.0,0.910365341880136,0.5215,0.2238,0.3962,0.1067,0.9545499030928297,0.8492696972317806,1.0,1.0,0.2238,0.5215,0.1067,0.3962,0.661,0.661,0.9691779785543294,0.7721611157438264,1.0,0.9052598023192739,0.2238,0.2238,0.1067,0.1067,0.9649115219993615,0.8647006438590432,1.0,1.0,0.2238,0.2238,0.1067,0.3962,0.4993,0.4993,0.8554705184070528,0.9445706480647973,1.0,0.881433535071767,0.2238,0.5215,0.1067,0.3962,0.8250852497191473,0.8356747982521326,1.0,0.9675693733901982,0.5215,0.2238,0.1067,0.3962,0.8982280279194269,0.8788766816941562,1.0,0.9610939368912441,0.5215,0.2238,0.1067,0.3962,0.9518998060608864,0.7652169953262604,1.0,1.0,0.5215,0.2238,0.1067,0.1067
,58,1.0,0.8402572429110977,0.8576357579657161,0.8651211950134761,0.9141362734369507,0.8633797188557154,0.8029243512282529,0.4612,1.0,0.8774119557045622,0.4113168058243633,0.8448561121962452,0.8643671283396288,0.78805127884902,0.7436056595280742,0.8733792563089393,0.3572,0.7363549324137487,0.1664,1.0,0.7660889808869203,0.44941076001065705,0.846907772746982,0.8365081937277312,0.7895717656653695,0.8633899859010735,0.8237220940935732,0.8968505923112725,1.0,0.6006,0.3572,0.8200949436048244,0.1664,0.7335691590265043,0.4336232975836055,0.8419498093808859,0.8716874369409013,0.8383962980426908,0.7907846573836699,0.1664,0.4613590525583054,0.7759086704074173,0.8462651496089608,1.0,0.4072903200531965,0.3572,0.1664,0.8344832579171091,0.40995751702611366,0.831178085295218,0.8872167564122416,0.8252015818318361,1.0,0.7940887131074141,0.4612,1.0,0.8306598947383392,0.3818171074493331,0.8466240135971907,0.8140074003815227,0.8709736408202138,0.899291548546229,0.9533996545856207,0.8564773085738082,0.8841126180271338,0.2052,0.8103085980519102,0.4612,1.0,0.7755256373038862,0.4247974854170934,0.7859235758728229,0.8447179848578439,0.9671645521626236,0.9231098818772765,0.8160995699197524,0.8134127268591935,0.9288026016763442,0.3572,0.7207246108945808,0.4612,1.0,0.7603010105244534,0.4227235577076905,0.902180163933139,0.9084723267257659,0.9394488291009161,0.8953406384542222,0.9500598136437661,0.2052,0.8550438276712147,0.1664,1.0,0.8444618307791938,0.3809771756195556,0.7938465665392981,0.9047798397774032,0.9626933444871071,0.8420037244885755,0.8587669568494755,0.9013293056638398,0.2052,0.8812073110529736,0.4612,1.0,0.802739957682138,0.9617894103437913,0.7736123328668271,0.8134795710955521,0.8049834096470647,0.463,0.8202979795138488,0.1664,1.0,0.8544289925538098,0.8735670876682693,0.9109140314060721,0.9016604493495687,0.8994740339057574,0.9481962836926005,0.2052,0.8336586738619374,0.1664,1.0,0.8406759628169864,0.4047545333209936,0.867060114731913,0.9357020737606733,0.9458420291916536,0.7777639640673993,0.8579191256886991,0.3572,0.8789968942838431,0.4612,0.7841821520148663,0.6939463918956219,0.4612,1.0,0.748293684781109,0.3834283221143491,0.8532977292449109,0.8529395486583325,0.8240791218515504,0.1664,0.8158251248927815,0.42198244654162975,0.8983668171889283,0.8236125898432712,0.786442872332351,0.9253522923864403,0.8998389494009155,0.2052,0.7959872827233341,0.4612,0.2052,0.4612,0.7321743690682934,0.8084793602023206,0.1664,1.0,0.719760337136869,0.40979373213609827,0.7357830314154634,0.8444463187042526,0.8054037585265755,0.9093173981627768,0.7604839262814848,0.7445901328636426,1.0,0.3572,0.7145727715116532,0.4612,1.0,0.7894189621344462,0.40548410548569247,0.9030128294056621,0.8288481757095879,0.7944564741070254,0.8919880646155935,0.8795412021946172,0.8281718547345929,0.9086140766245114,0.3572,0.8384585477219749,0.4612,0.7609726926068778,0.46895039522384885,0.8402871373856449,0.8832474260124725,0.7376330300766633,0.1664,1.0,0.8334337953067061,0.37116648350871173,0.7151554299142326,0.8507921881450853,0.8267721920842789,0.7701796040443634,0.7816630176778919,0.7196020430380204,0.9419017937724813,0.6006,0.8161240828190907,0.1664,0.3763852988705787,0.8000184497429096,0.1664,0.8570920315902903,0.1664,1.0,0.3909507670106794,0.9121444561612596,0.9298091045691004,0.2052,0.8659258801784253,0.4612,0.8020858963238702,0.44414551480115777,0.8964182132392009,0.7858284617496438,0.37640304556895127,0.13102610393146488,0.12920523301818454,0.13294978393403878,0.36405162423503273,0.3735830358589406,0.13641038169893996,0.3685037510391712,0.3657946937823896,0.370047356254035,0.12945474482612465,0.1303096707628566,0.13187499218929005,0.13326080956286146,0.36978288075495924,0.36156204495343625,0.3692995583690342,0.12941326917574442,0.13380497194437477,0.13404600068848888,0.36383948493952517,0.13570940070890175,0.3583151058798359,0.36844457585936236,0.13489031318600558,0.13550677129420394,0.3790928553754435,0.8184028370409274,0.9544791914114714,1.0,0.8776231080027959,0.3572,0.3572,0.4612,0.1664,0.6006,0.463,0.9294359018761944,0.9392436783980198,1.0,0.9800553828292302,0.3572,0.3572,0.1664,0.4612,0.463,0.6006,0.8850216232658334,0.813986841799419,1.0,1.0,0.3572,0.3572,0.1664,0.4612,0.463,0.463,0.9333534800618088,0.9520894609412213,1.0,0.9967948005204424,0.2052,0.2052,0.4612,0.4612,0.8068186678900165,0.8777755946315059,1.0,0.9716345297385606,0.2052,0.3572,0.4612,0.4612,0.9351966214949191,0.9428570211594516,1.0,0.8846552756746757,0.2052,0.2052,0.4612,0.4612,0.8251175443570573,0.928055436163472,1.0,0.8965426064248156,0.2052,0.4612,0.1664,0.463,0.6006,0.9630853245928429,0.9445598647510304,1.0,0.9948218540173183,0.2052,0.2052,0.1664,0.4612,0.463,0.6006,0.770431357220515,0.9444931537949905,1.0,0.8990329223394008,0.3572,0.2052,0.1664,0.1664,0.6006,0.6006,0.8068968232152512,0.8543543578648919,1.0,0.8721393358860199,0.2052,0.3572,0.1664,0.4612,0.463,0.463,0.9391386092661688,0.9227978262273387,1.0,1.0,0.3572,0.2052,0.4612,0.4612,0.6006,0.6006,0.8051018802048399,0.7671989171973833,1.0,0.9496041359786442,0.1664,0.463,0.6006,0.8891963648699069,0.8458986344210361,1.0,1.0,0.2052,0.3572,0.4612,0.4612,0.463,0.6006,0.8173410274981482,0.8047933388121136,1.0,1.0,0.3572,0.2052,0.1664,0.1664,0.8606144611048435,0.9202900835577918,1.0,1.0,0.2052,0.3572,0.4612,0.4612,0.8239024217754073,0.8082187607142527,1.0,0.9184575165682791,0.2052,0.3572,0.4612,0.4612,0.9654252315028079,0.8318514563498933,1.0,0.9970096206520315,0.3572,0.2052,0.1664,0.1664,0.8626684178497607,0.9278277589644995,1.0,0.9234633132730959,0.3572,0.2052,0.4612,0.4612,0.791840392803617,0.9255093403579514,1.0,0.9403960572133799,0.2052,0.2052,0.1664,0.4612,0.9663221578183272,0.7656614777218613,1.0,0.910365341880136,0.3572,0.2052,0.4612,0.1664,0.9545499030928297,0.8492696972317806,1.0,1.0,0.2052,0.3572,0.1664,0.4612,0.6006,0.6006,0.9691779785543294,0.7721611157438264,1.0,0.9052598023192739,0.2052,0.2052,0.1664,0.1664,0.9649115219993615,0.8647006438590432,1.0,1.0,0.2052,0.2052,0.1664,0.4612,0.463,0.463,0.8554705184070528,0.9445706480647973,1.0,0.881433535071767,0.2052,0.3572,0.1664,0.4612,0.8250852497191473,0.8356747982521326,1.0,0.9675693733901982,0.3572,0.2052,0.1664,0.4612,0.8982280279194269,0.8788766816941562,1.0,0.9610939368912441,0.3572,0.2052,0.1664,0.4612,0.9518998060608864,0.7652169953262604,1.0,1.0,0.3572,0.2052,0.1664,0.1664
,59,1.0,0.8402572429110977,0.8576357579657161,0.8651211950134761,0.9141362734369507,0.8633797188557154,0.8029243512282529,0.4365,1.0,0.8774119557045622,0.4113168058243633,0.8448561121962452,0.8643671283396288,0.78805127884902,0.7436056595280742,0.8733792563089393,0.3132,0.7363549324137487,0.1913,1.0,0.7660889808869203,0.44941076001065705,0.846907772746982,0.8365081937277312,0.7895717656653695,0.8633899859010735,0.8237220940935732,0.8968505923112725,1.0,0.5557,0.3132,0.8200949436048244,0.1913,0.7335691590265043,0.4336232975836055,0.8419498093808859,0.8716874369409013,0.8383962980426908,0.7907846573836699,0.1913,0.4613590525583054,0.7759086704074173,0.8462651496089608,1.0,0.4072903200531965,0.3132,0.1913,0.8344832579171091,0.40995751702611366,0.831178085295218,0.8872167564122416,0.8252015818318361,1.0,0.7940887131074141,0.4365,1.0,0.8306598947383392,0.3818171074493331,0.8466240135971907,0.8140074003815227,0.8709736408202138,0.899291548546229,0.9533996545856207,0.8564773085738082,0.8841126180271338,0.2147,0.8103085980519102,0.4365,1.0,0.7755256373038862,0.4247974854170934,0.7859235758728229,0.8447179848578439,0.9671645521626236,0.9231098818772765,0.8160995699197524,0.8134127268591935,0.9288026016763442,0.3132,0.7207246108945808,0.4365,1.0,0.7603010105244534,0.4227235577076905,0.902180163933139,0.9084723267257659,0.9394488291009161,0.8953406384542222,0.9500598136437661,0.2147,0.8550438276712147,0.1913,1.0,0.8444618307791938,0.3809771756195556,0.7938465665392981,0.9047798397774032,0.9626933444871071,0.8420037244885755,0.8587669568494755,0.9013293056638398,0.2147,0.8812073110529736,0.4365,1.0,0.802739957682138,0.9617894103437913,0.7736123328668271,0.8134795710955521,0.8049834096470647,0.4292,0.8202979795138488,0.1913,1.0,0.8544289925538098,0.8735670876682693,0.9109140314060721,0.9016604493495687,0.8994740339057574,0.9481962836926005,0.2147,0.8336586738619374,0.1913,1.0,0.8406759628169864,0.4047545333209936,0.867060114731913,0.9357020737606733,0.9458420291916536,0.7777639640673993,0.8579191256886991,0.3132,0.8789968942838431,0.4365,0.7841821520148663,0.6939463918956219,0.4365,1.0,0.748293684781109,0.3834283221143491,0.8532977292449109,0.8529395486583325,0.8240791218515504,0.1913,0.8158251248927815,0.42198244654162975,0.8983668171889283,0.8236125898432712,0.786442872332351,0.9253522923864403,0.8998389494009155,0.2147,0.7959872827233341,0.4365,0.2147,0.4365,0.7321743690682934,0.8084793602023206,0.1913,1.0,0.719760337136869,0.40979373213609827,0.7357830314154634,0.8444463187042526,0.8054037585265755,0.9093173981627768,0.7604839262814848,0.7445901328636426,1.0,0.3132,0.7145727715116532,0.4365,1.0,0.7894189621344462,0.40548410548569247,0.9030128294056621,0.8288481757095879,0.7944564741070254,0.8919880646155935,0.8795412021946172,0.8281718547345929,0.9086140766245114,0.3132,0.8384585477219749,0.4365,0.7609726926068778,0.46895039522384885,0.8402871373856449,0.8832474260124725,0.7376330300766633,0.1913,1.0,0.8334337953067061,0.37116648350871173,0.7151554299142326,0.8507921881450853,0.8267721920842789,0.7701796040443634,0.7816630176778919,0.7196020430380204,0.9419017937724813,0.5557,0.8161240828190907,0.1913,0.3763852988705787,0.8000184497429096,0.1913,0.8570920315902903,0.1913,1.0,0.3909507670106794,0.9121444561612596,0.9298091045691004,0.2147,0.8659258801784253,0.4365,0.8020858963238702,0.44414551480115777,0.8964182132392009,0.7858284617496438,0.35624442625942593,0.15063277453178628,0.14853942954554508,0.15284431290012992,0.3445544969180221,0.35357544482313,0.15682275251807223,0.34876818588160935,0.346204214735501,0.3502291218666225,0.14882627815647625,0.14980913471715426,0.1516086899387692,0.15320188022461179,0.3499788106017773,0.3421982493976039,0.34952137300104824,0.1487785961137014,0.1538274707509549,0.15410456689728322,0.3443537189421135,0.15601687713709683,0.33912520320153594,0.34871217988424036,0.15507522182982494,0.15578392637368518,0.3587901807705574,0.8184028370409274,0.9544791914114714,1.0,0.8776231080027959,0.3132,0.3132,0.4365,0.1913,0.5557,0.4292,0.9294359018761944,0.9392436783980198,1.0,0.9800553828292302,0.3132,0.3132,0.1913,0.4365,0.4292,0.5557,0.8850216232658334,0.813986841799419,1.0,1.0,0.3132,0.3132,0.1913,0.4365,0.4292,0.4292,0.9333534800618088,0.9520894609412213,1.0,0.9967948005204424,0.2147,0.2147,0.4365,0.4365,0.8068186678900165,0.8777755946315059,1.0,0.9716345297385606,0.2147,0.3132,0.4365,0.4365,0.9351966214949191,0.9428570211594516,1.0,0.8846552756746757,0.2147,0.2147,0.4365,0.4365,0.8251175443570573,0.928055436163472,1.0,0.8965426064248156,0.2147,0.4365,0.1913,0.4292,0.5557,0.9630853245928429,0.9445598647510304,1.0,0.9948218540173183,0.2147,0.2147,0.1913,0.4365,0.4292,0.5557,0.770431357220515,0.9444931537949905,1.0,0.8990329223394008,0.3132,0.2147,0.1913,0.1913,0.5557,0.5557,0.8068968232152512,0.8543543578648919,1.0,0.8721393358860199,0.2147,0.3132,0.1913,0.4365,0.4292,0.4292,0.9391386092661688,0.9227978262273387,1.0,1.0,0.3132,0.2147,0.4365,0.4365,0.5557,0.5557,0.8051018802048399,0.7671989171973833,1.0,0.9496041359786442,0.1913,0.4292,0.5557,0.8891963648699069,0.8458986344210361,1.0,1.0,0.2147,0.3132,0.4365,0.4365,0.4292,0.5557,0.8173410274981482,0.8047933388121136,1.0,1.0,0.3132,0.2147,0.1913,0.1913,0.8606144611048435,0.9202900835577918,1.0,1.0,0.2147,0.3132,0.4365,0.4365,0.8239024217754073,0.8082187607142527,1.0,0.9184575165682791,0.2147,0.3132,0.4365,0.4365,0.9654252315028079,0.8318514563498933,1.0,0.9970096206520315,0.3132,0.2147,0.1913,0.1913,0.8626684178497607,0.9278277589644995,1.0,0.9234633132730959,0.3132,0.2147,0.4365,0.4365,0.791840392803617,0.9255093403579514,1.0,0.9403960572133799,0.2147,0.2147,0.1913,0.4365,0.9663221578183272,0.7656614777218613,1.0,0.910365341880136,0.3132,0.2147,0.4365,0.1913,0.9545499030928297,0.8492696972317806,1.0,1.0,0.2147,0.3132,0.1913,0.4365,0.5557,0.5557,0.9691779785543294,0.7721611157438264,1.0,0.9052598023192739,0.2147,0.2147,0.1913,0.1913,0.9649115219993615,0.8647006438590432,1.0,1.0,0.2147,0.2147,0.1913,0.4365,0.4292,0.4292,0.8554705184070528,0.9445706480647973,1.0,0.881433535071767,0.2147,0.3132,0.1913,0.4365,0.8250852497191473,0.8356747982521326,1.0,0.9675693733901982,0.3132,0.2147,0.1913,0.4365,0.8982280279194269,0.8788766816941562,1.0,0.9610939368912441,0.3132,0.2147,0.1913,0.4365,0.9518998060608864,0.7652169953262604,1.0,1.0,0.3132,0.2147,0.1913,0.1913
,60,1.0,0.8402572429110977,0.8576357579657161,0.8651211950134761,0.9141362734369507,0.8633797188557154,0.8029243512282529,0.391,1.0,0.8774119557045622,0.4113168058243633,0.8448561121962452,0.8643671283396288,0.78805127884902,0.7436056595280742,0.8733792563089393,0.3164,0.7363549324137487,0.2047,1.0,0.7660889808869203,0.44941076001065705,0.846907772746982,0.8365081937277312,0.7895717656653695,0.8633899859010735,0.8237220940935732,0.8968505923112725,1.0,0.5034,0.3164,0.8200949436048244,0.2047,0.7335691590265043,0.4336232975836055,0.8419498093808859,0.8716874369409013,0.8383962980426908,0.7907846573836699,0.2047,0.4613590525583054,0.7759086704074173,0.8462651496089608,1.0,0.4072903200531965,0.3164,0.2047,0.8344832579171091,0.40995751702611366,0.831178085295218,0.8872167564122416,0.8252015818318361,1.0,0.7940887131074141,0.391,1.0,0.8306598947383392,0.3818171074493331,0.8466240135971907,0.8140074003815227,0.8709736408202138,0.899291548546229,0.9533996545856207,0.8564773085738082,0.8841126180271338,0.2278,0.8103085980519102,0.391,1.0,0.7755256373038862,0.4247974854170934,0.7859235758728229,0.8447179848578439,0.9671645521626236,0.9231098818772765,0.8160995699197524,0.8134127268591935,0.9288026016763442,0.3164,0.7207246108945808,0.391,1.0,0.7603010105244534,0.4227235577076905,0.902180163933139,0.9084723267257659,0.9394488291009161,0.8953406384542222,0.9500598136437661,0.2278,0.8550438276712147,0.2047,1.0,0.8444618307791938,0.3809771756195556,0.7938465665392981,0.9047798397774032,0.9626933444871071,0.8420037244885755,0.8587669568494755,0.9013293056638398,0.2278,0.8812073110529736,0.391,1.0,0.802739957682138,0.9617894103437913,0.7736123328668271,0.8134795710955521,0.8049834096470647,0.4172,0.8202979795138488,0.2047,1.0,0.8544289925538098,0.8735670876682693,0.9109140314060721,0.9016604493495687,0.8994740339057574,0.9481962836926005,0.2278,0.8336586738619374,0.2047,1.0,0.8406759628169864,0.4047545333209936,0.867060114731913,0.9357020737606733,0.9458420291916536,0.7777639640673993,0.8579191256886991,0.3164,0.8789968942838431,0.391,0.7841821520148663,0.6939463918956219,0.391,1.0,0.748293684781109,0.3834283221143491,0.8532977292449109,0.8529395486583325,0.8240791218515504,0.2047,0.8158251248927815,0.42198244654162975,0.8983668171889283,0.8236125898432712,0.786442872332351,0.9253522923864403,0.8998389494009155,0.2278,0.7959872827233341,0.391,0.2278,0.391,0.7321743690682934,0.8084793602023206,0.2047,1.0,0.719760337136869,0.40979373213609827,0.7357830314154634,0.8444463187042526,0.8054037585265755,0.9093173981627768,0.7604839262814848,0.7445901328636426,1.0,0.3164,0.7145727715116532,0.391,1.0,0.7894189621344462,0.40548410548569247,0.9030128294056621,0.8288481757095879,0.7944564741070254,0.8919880646155935,0.8795412021946172,0.8281718547345929,0.9086140766245114,0.3164,0.8384585477219749,0.391,0.7609726926068778,0.46895039522384885,0.8402871373856449,0.8832474260124725,0.7376330300766633,0.2047,1.0,0.8334337953067061,0.37116648350871173,0.7151554299142326,0.8507921881450853,0.8267721920842789,0.7701796040443634,0.7816630176778919,0.7196020430380204,0.9419017937724813,0.5034,0.8161240828190907,0.2047,0.3763852988705787,0.8000184497429096,0.2047,0.8570920315902903,0.2047,1.0,0.3909507670106794,0.9121444561612596,0.9298091045691004,0.2278,0.8659258801784253,0.391,0.8020858963238702,0.44414551480115777,0.8964182132392009,0.7858284617496438,0.31911012753135287,0.16118415549742107,0.15894417787753834,0.16355060559674123,0.3086387360708972,0.31671935607295265,0.1678077231596936,0.3124131974334691,0.31011649017544307,0.313721847995073,0.15925111938646466,0.1603028221463747,0.1622284308963202,0.16393321945623646,0.3134976287406528,0.3065280996894917,0.3130878736389688,0.1592000973574212,0.16460263075128317,0.1648991366642649,0.3084588868416183,0.16694539858841465,0.3037753824783518,0.31236302940375255,0.16593778310802493,0.16669613031204056,0.32139051702471466,0.8184028370409274,0.9544791914114714,1.0,0.8776231080027959,0.3164,0.3164,0.391,0.2047,0.5034,0.4172,0.9294359018761944,0.9392436783980198,1.0,0.9800553828292302,0.3164,0.3164,0.2047,0.391,0.4172,0.5034,0.8850216232658334,0.813986841799419,1.0,1.0,0.3164,0.3164,0.2047,0.391,0.4172,0.4172,0.9333534800618088,0.9520894609412213,1.0,0.9967948005204424,0.2278,0.2278,0.391,0.391,0.8068186678900165,0.8777755946315059,1.0,0.9716345297385606,0.2278,0.3164,0.391,0.391,0.9351966214949191,0.9428570211594516,1.0,0.8846552756746757,0.2278,0.2278,0.391,0.391,0.8251175443570573,0.928055436163472,1.0,0.8965426064248156,0.2278,0.391,0.2047,0.4172,0.5034,0.9630853245928429,0.9445598647510304,1.0,0.9948218540173183,0.2278,0.2278,0.2047,0.391,0.4172,0.5034,0.770431357220515,0.9444931537949905,1.0,0.8990329223394008,0.3164,0.2278,0.2047,0.2047,0.5034,0.5034,0.8068968232152512,0.8543543578648919,1.0,0.8721393358860199,0.2278,0.3164,0.2047,0.391,0.4172,0.4172,0.9391386092661688,0.9227978262273387,1.0,1.0,0.3164,0.2278,0.391,0.391,0.5034,0.5034,0.8051018802048399,0.7671989171973833,1.0,0.9496041359786442,0.2047,0.4172,0.5034,0.8891963648699069,0.8458986344210361,1.0,1.0,0.2278,0.3164,0.391,0.391,0.4172,0.5034,0.8173410274981482,0.8047933388121136,1.0,1.0,0.3164,0.2278,0.2047,0.2047,0.8606144611048435,0.9202900835577918,1.0,1.0,0.2278,0.3164,0.391,0.391,0.8239024217754073,0.8082187607142527,1.0,0.9184575165682791,0.2278,0.3164,0.391,0.391,0.9654252315028079,0.8318514563498933,1.0,0.9970096206520315,0.3164,0.2278,0.2047,0.2047,0.8626684178497607,0.9278277589644995,1.0,0.9234633132730959,0.3164,0.2278,0.391,0.391,0.791840392803617,0.9255093403579514,1.0,0.9403960572133799,0.2278,0.2278,0.2047,0.391,0.9663221578183272,0.7656614777218613,1.0,0.910365341880136,0.3164,0.2278,0.391,0.2047,0.9545499030928297,0.8492696972317806,1.0,1.0,0.2278,0.3164,0.2047,0.391,0.5034,0.5034,0.9691779785543294,0.7721611157438264,1.0,0.9052598023192739,0.2278,0.2278,0.2047,0.2047,0.9649115219993615,0.8647006438590432,1.0,1.0,0.2278,0.2278,0.2047,0.391,0.4172,0.4172,0.8554705184070528,0.9445706480647973,1.0,0.881433535071767,0.2278,0.3164,0.2047,0.391,0.8250852497191473,0.8356747982521326,1.0,0.9675693733901982,0.3164,0.2278,0.2047,0.391,0.8982280279194269,0.8788766816941562,1.0,0.9610939368912441,0.3164,0.2278,0.2047,0.391,0.9518998060608864,0.7652169953262604,1.0,1.0,0.3164,0.2278,0.2047,0.2047
,61,1.0,0.8402572429110977,0.8576357579657161,0.8651211950134761,0.9141362734369507,0.8633797188557154,0.8029243512282529,0.3682,1.0,0.8774119557045622,0.4113168058243633,0.8448561121962452,0.8643671283396288,0.78805127884902,0.7436056595280742,0.8733792563089393,0.3372,0.7363549324137487,0.2039,1.0,0.7660889808869203,0.44941076001065705,0.846907772746982,0.8365081937277312,0.7895717656653695,0.8633899859010735,0.8237220940935732,0.8968505923112725,1.0,0.4722,0.3372,0.8200949436048244,0.2039,0.7335691590265043,0.4336232975836055,0.8419498093808859,0.8716874369409013,0.8383962980426908,0.7907846573836699,0.2039,0.4613590525583054,0.7759086704074173,0.8462651496089608,1.0,0.4072903200531965,0.3372,0.2039,0.8344832579171091,0.40995751702611366,0.831178085295218,0.8872167564122416,0.8252015818318361,1.0,0.7940887131074141,0.3682,1.0,0.8306598947383392,0.3818171074493331,0.8466240135971907,0.8140074003815227,0.8709736408202138,0.899291548546229,0.9533996545856207,0.8564773085738082,0.8841126180271338,0.2462,0.8103085980519102,0.3682,1.0,0.7755256373038862,0.4247974854170934,0.7859235758728229,0.8447179848578439,0.9671645521626236,0.9231098818772765,0.8160995699197524,0.8134127268591935,0.9288026016763442,0.3372,0.7207246108945808,0.3682,1.0,0.7603010105244534,0.4227235577076905,0.902180163933139,0.9084723267257659,0.9394488291009161,0.8953406384542222,0.9500598136437661,0.2462,0.8550438276712147,0.2039,1.0,0.8444618307791938,0.3809771756195556,0.7938465665392981,0.9047798397774032,0.9626933444871071,0.8420037244885755,0.8587669568494755,0.9013293056638398,0.2462,0.8812073110529736,0.3682,1.0,0.802739957682138,0.9617894103437913,0.7736123328668271,0.8134795710955521,0.8049834096470647,0.4224,0.8202979795138488,0.2039,1.0,0.8544289925538098,0.8735670876682693,0.9109140314060721,0.9016604493495687,0.8994740339057574,0.9481962836926005,0.2462,0.8336586738619374,0.2039,1.0,0.8406759628169864,0.4047545333209936,0.867060114731913,0.9357020737606733,0.9458420291916536,0.7777639640673993,0.8579191256886991,0.3372,0.8789968942838431,0.3682,0.7841821520148663,0.6939463918956219,0.3682,1.0,0.748293684781109,0.3834283221143491,0.8532977292449109,0.8529395486583325,0.8240791218515504,0.2039,0.8158251248927815,0.42198244654162975,0.8983668171889283,0.8236125898432712,0.786442872332351,0.9253522923864403,0.8998389494009155,0.2462,0.7959872827233341,0.3682,0.2462,0.3682,0.7321743690682934,0.8084793602023206,0.2039,1.0,0.719760337136869,0.40979373213609827,0.7357830314154634,0.8444463187042526,0.8054037585265755,0.9093173981627768,0.7604839262814848,0.7445901328636426,1.0,0.3372,0.7145727715116532,0.3682,1.0,0.7894189621344462,0.40548410548569247,0.9030128294056621,0.8288481757095879,0.7944564741070254,0.8919880646155935,0.8795412021946172,0.8281718547345929,0.9086140766245114,0.3372,0.8384585477219749,0.3682,0.7609726926068778,0.46895039522384885,0.8402871373856449,0.8832474260124725,0.7376330300766633,0.2039,1.0,0.8334337953067061,0.37116648350871173,0.7151554299142326,0.8507921881450853,0.8267721920842789,0.7701796040443634,0.7816630176778919,0.7196020430380204,0.9419017937724813,0.4722,0.8161240828190907,0.2039,0.3763852988705787,0.8000184497429096,0.2039,0.8570920315902903,0.2039,1.0,0.3909507670106794,0.9121444561612596,0.9298091045691004,0.2462,0.8659258801784253,0.3682,0.8020858963238702,0.44414551480115777,0.8964182132392009,0.7858284617496438,0.3005021712456372,0.16055422230544286,0.1583229988726432,0.1629114239432122,0.29064138777827203,0.29825081050143526,0.16715190401691024,0.2941957526726428,0.29203297105523823,0.295428093175923,0.15862874080556985,0.1596763333446302,0.16159441651079476,0.16329254248718425,0.2952169485992541,0.28865382686872343,0.29483108714544326,0.15857791817869166,0.1639593376169352,0.16425468473787794,0.2904720259209306,0.16629294954654492,0.28606162615992103,0.2941485100421015,0.16528927198693835,0.1660446554500492,0.30264958662020447,0.8184028370409274,0.9544791914114714,1.0,0.8776231080027959,0.3372,0.3372,0.3682,0.2039,0.4722,0.4224,0.9294359018761944,0.9392436783980198,1.0,0.9800553828292302,0.3372,0.3372,0.2039,0.3682,0.4224,0.4722,0.8850216232658334,0.813986841799419,1.0,1.0,0.3372,0.3372,0.2039,0.3682,0.4224,0.4224,0.9333534800618088,0.9520894609412213,1.0,0.9967948005204424,0.2462,0.2462,0.3682,0.3682,0.8068186678900165,0.8777755946315059,1.0,0.9716345297385606,0.2462,0.3372,0.3682,0.3682,0.9351966214949191,0.9428570211594516,1.0,0.8846552756746757,0.2462,0.2462,0.3682,0.3682,0.8251175443570573,0.928055436163472,1.0,0.8965426064248156,0.2462,0.3682,0.2039,0.4224,0.4722,0.9630853245928429,0.9445598647510304,1.0,0.9948218540173183,0.2462,0.2462,0.2039,0.3682,0.4224,0.4722,0.770431357220515,0.9444931537949905,1.0,0.8990329223394008,0.3372,0.2462,0.2039,0.2039,0.4722,0.4722,0.8068968232152512,0.8543543578648919,1.0,0.8721393358860199,0.2462,0.3372,0.2039,0.3682,0.4224,0.4224,0.9391386092661688,0.9227978262273387,1.0,1.0,0.3372,0.2462,0.3682,0.3682,0.4722,0.4722,0.8051018802048399,0.7671989171973833,1.0,0.9496041359786442,0.2039,0.4224,0.4722,0.8891963648699069,0.8458986344210361,1.0,1.0,0.2462,0.3372,0.3682,0.3682,0.4224,0.4722,0.8173410274981482,0.8047933388121136,1.0,1.0,0.3372,0.2462,0.2039,0.2039,0.8606144611048435,0.9202900835577918,1.0,1.0,0.2462,0.3372,0.3682,0.3682,0.8239024217754073,0.8082187607142527,1.0,0.9184575165682791,0.2462,0.3372,0.3682,0.3682,0.9654252315028079,0.8318514563498933,1.0,0.9970096206520315,0.3372,0.2462,0.2039,0.2039,0.8626684178497607,0.9278277589644995,1.0,0.9234633132730959,0.3372,0.2462,0.3682,0.3682,0.791840392803617,0.9255093403579514,1.0,0.9403960572133799,0.2462,0.2462,0.2039,0.3682,0.9663221578183272,0.7656614777218613,1.0,0.910365341880136,0.3372,0.2462,0.3682,0.2039,0.9545499030928297,0.8492696972317806,1.0,1.0,0.2462,0.3372,0.2039,0.3682,0.4722,0.4722,0.9691779785543294,0.7721611157438264,1.0,0.9052598023192739,0.2462,0.2462,0.2039,0.2039,0.9649115219993615,0.8647006438590432,1.0,1.0,0.2462,0.2462,0.2039,0.3682,0.4224,0.4224,0.8554705184070528,0.9445706480647973,1.0,0.881433535071767,0.2462,0.3372,0.2039,0.3682,0.8250852497191473,0.8356747982521326,1.0,0.9675693733901982,0.3372,0.2462,0.2039,0.3682,0.8982280279194269,0.8788766816941562,1.0,0.9610939368912441,0.3372,0.2462,0.2039,0.3682,0.9518998060608864,0.7652169953262604,1.0,1.0,0.3372,0.2462,0.2039,0.2039
,62,1.0,0.8402572429110977,0.8576357579657161,0.8651211950134761,0.9141362734369507,0.8633797188557154,0.8029243512282529,0.3408,1.0,0.8774119557045622,0.4113168058243633,0.8448561121962452,0.8643671283396288,0.78805127884902,0.7436056595280742,0.8733792563089393,0.355,0.7363549324137487,0.1757,1.0,0.7660889808869203,0.44941076001065705,0.846907772746982,0.8365081937277312,0.7895717656653695,0.8633899859010735,0.8237220940935732,0.8968505923112725,1.0,0.4578,0.355,0.8200949436048244,0.1757,0.7335691590265043,0.4336232975836055,0.8419498093808859,0.8716874369409013,0.8383962980426908,0.7907846573836699,0.1757,0.4613590525583054,0.7759086704074173,0.8462651496089608,1.0,0.4072903200531965,0.355,0.1757,0.8344832579171091,0.40995751702611366,0.831178085295218,0.8872167564122416,0.8252015818318361,1.0,0.7940887131074141,0.3408,1.0,0.8306598947383392,0.3818171074493331,0.8466240135971907,0.8140074003815227,0.8709736408202138,0.899291548546229,0.9533996545856207,0.8564773085738082,0.8841126180271338,0.255,0.8103085980519102,0.3408,1.0,0.7755256373038862,0.4247974854170934,0.7859235758728229,0.8447179848578439,0.9671645521626236,0.9231098818772765,0.8160995699197524,0.8134127268591935,0.9288026016763442,0.355,0.7207246108945808,0.3408,1.0,0.7603010105244534,0.4227235577076905,0.902180163933139,0.9084723267257659,0.9394488291009161,0.8953406384542222,0.9500598136437661,0.255,0.8550438276712147,0.1757,1.0,0.8444618307791938,0.3809771756195556,0.7938465665392981,0.9047798397774032,0.9626933444871071,0.8420037244885755,0.8587669568494755,0.9013293056638398,0.255,0.8812073110529736,0.3408,1.0,0.802739957682138,0.9617894103437913,0.7736123328668271,0.8134795710955521,0.8049834096470647,0.4421,0.8202979795138488,0.1757,1.0,0.8544289925538098,0.8735670876682693,0.9109140314060721,0.9016604493495687,0.8994740339057574,0.9481962836926005,0.255,0.8336586738619374,0.1757,1.0,0.8406759628169864,0.4047545333209936,0.867060114731913,0.9357020737606733,0.9458420291916536,0.7777639640673993,0.8579191256886991,0.355,0.8789968942838431,0.3408,0.7841821520148663,0.6939463918956219,0.3408,1.0,0.748293684781109,0.3834283221143491,0.8532977292449109,0.8529395486583325,0.8240791218515504,0.1757,0.8158251248927815,0.42198244654162975,0.8983668171889283,0.8236125898432712,0.786442872332351,0.9253522923864403,0.8998389494009155,0.255,0.7959872827233341,0.3408,0.255,0.3408,0.7321743690682934,0.8084793602023206,0.1757,1.0,0.719760337136869,0.40979373213609827,0.7357830314154634,0.8444463187042526,0.8054037585265755,0.9093173981627768,0.7604839262814848,0.7445901328636426,1.0,0.355,0.7145727715116532,0.3408,1.0,0.7894189621344462,0.40548410548569247,0.9030128294056621,0.8288481757095879,0.7944564741070254,0.8919880646155935,0.8795412021946172,0.8281718547345929,0.9086140766245114,0.355,0.8384585477219749,0.3408,0.7609726926068778,0.46895039522384885,0.8402871373856449,0.8832474260124725,0.7376330300766633,0.1757,1.0,0.8334337953067061,0.37116648350871173,0.7151554299142326,0.8507921881450853,0.8267721920842789,0.7701796040443634,0.7816630176778919,0.7196020430380204,0.9419017937724813,0.4578,0.8161240828190907,0.1757,0.3763852988705787,0.8000184497429096,0.1757,0.8570920315902903,0.1757,1.0,0.3909507670106794,0.9121444561612596,0.9298091045691004,0.255,0.8659258801784253,0.3408,0.8020858963238702,0.44414551480115777,0.8964182132392009,0.7858284617496438,0.2781399781654349,0.13834907728821141,0.13642643895009027,0.14038027065631378,0.2690129955318715,0.27605615485847124,0.14403427923379658,0.2723028585302462,0.27030102263885164,0.27344349308624266,0.13668989582902705,0.13759260308313645,0.13924540942102323,0.1407086793280935,0.27324806106090654,0.2671733411104316,0.2728909139032239,0.13664610212847533,0.14128325463116975,0.14153775433273735,0.2688562369197532,0.14329412082063725,0.26477404181233316,0.2722591315109945,0.1424292549686369,0.14308016656485356,0.2801275913095211,0.8184028370409274,0.9544791914114714,1.0,0.8776231080027959,0.355,0.355,0.3408,0.1757,0.4578,0.4421,0.9294359018761944,0.9392436783980198,1.0,0.9800553828292302,0.355,0.355,0.1757,0.3408,0.4421,0.4578,0.8850216232658334,0.813986841799419,1.0,1.0,0.355,0.355,0.1757,0.3408,0.4421,0.4421,0.9333534800618088,0.9520894609412213,1.0,0.9967948005204424,0.255,0.255,0.3408,0.3408,0.8068186678900165,0.8777755946315059,1.0,0.9716345297385606,0.255,0.355,0.3408,0.3408,0.9351966214949191,0.9428570211594516,1.0,0.8846552756746757,0.255,0.255,0.3408,0.3408,0.8251175443570573,0.928055436163472,1.0,0.8965426064248156,0.255,0.3408,0.1757,0.4421,0.4578,0.9630853245928429,0.9445598647510304,1.0,0.9948218540173183,0.255,0.255,0.1757,0.3408,0.4421,0.4578,0.770431357220515,0.9444931537949905,1.0,0.8990329223394008,0.355,0.255,0.1757,0.1757,0.4578,0.4578,0.8068968232152512,0.8543543578648919,1.0,0.8721393358860199,0.255,0.355,0.1757,0.3408,0.4421,0.4421,0.9391386092661688,0.9227978262273387,1.0,1.0,0.355,0.255,0.3408,0.3408,0.4578,0.4578,0.8051018802048399,0.7671989171973833,1.0,0.9496041359786442,0.1757,0.4421,0.4578,0.8891963648699069,0.8458986344210361,1.0,1.0,0.255,0.355,0.3408,0.3408,0.4421,0.4578,0.8173410274981482,0.8047933388121136,1.0,1.0,0.355,0.255,0.1757,0.1757,0.8606144611048435,0.9202900835577918,1.0,1.0,0.255,0.355,0.3408,0.3408,0.8239024217754073,0.8082187607142527,1.0,0.9184575165682791,0.255,0.355,0.3408,0.3408,0.9654252315028079,0.8318514563498933,1.0,0.9970096206520315,0.355,0.255,0.1757,0.1757,0.8626684178497607,0.9278277589644995,1.0,0.9234633132730959,0.355,0.255,0.3408,0.3408,0.791840392803617,0.9255093403579514,1.0,0.9403960572133799,0.255,0.255,0.1757,0.3408,0.9663221578183272,0.7656614777218613,1.0,0.910365341880136,0.355,0.255,0.3408,0.1757,0.9545499030928297,0.8492696972317806,1.0,1.0,0.255,0.355,0.1757,0.3408,0.4578,0.4578,0.9691779785543294,0.7721611157438264,1.0,0.9052598023192739,0.255,0.255,0.1757,0.1757,0.9649115219993615,0.8647006438590432,1.0,1.0,0.255,0.255,0.1757,0.3408,0.4421,0.4421,0.8554705184070528,0.9445706480647973,1.0,0.881433535071767,0.255,0.355,0.1757,0.3408,0.8250852497191473,0.8356747982521326,1.0,0.9675693733901982,0.355,0.255,0.1757,0.3408,0.8982280279194269,0.8788766816941562,1.0,0.9610939368912441,0.355,0.255,0.1757,0.3408,0.9518998060608864,0.7652169953262604,1.0,1.0,0.355,0.255,0.1757,0.1757
,63,1.0,0.8402572429110977,0.8576357579657161,0.8651211950134761,0.9141362734369507,0.8633797188557154,0.8029243512282529,0.2942,1.0,0.8774119557045622,0.4113168058243633,0.8448561121962452,0.8643671283396288,0.78805127884902,0.7436056595280742,0.8733792563089393,0.3582,0.7363549324137487,0.1478,1.0,0.7660889808869203,0.44941076001065705,0.846907772746982,0.8365081937277312,0.7895717656653695,0.8633899859010735,0.8237220940935732,0.8968505923112725,1.0,0.4558,0.3582,0.8200949436048244,0.1478,0.7335691590265043,0.4336232975836055,0.8419498093808859,0.8716874369409013,0.8383962980426908,0.7907846573836699,0.1478,0.4613590525583054,0.7759086704074173,0.8462651496089608,1.0,0.4072903200531965,0.3582,0.1478,0.8344832579171091,0.40995751702611366,0.831178085295218,0.8872167564122416,0.8252015818318361,1.0,0.7940887131074141,0.2942,1.0,0.8306598947383392,0.3818171074493331,0.8466240135971907,0.8140074003815227,0.8709736408202138,0.899291548546229,0.9533996545856207,0.8564773085738082,0.8841126180271338,0.2603,0.8103085980519102,0.2942,1.0,0.7755256373038862,0.4247974854170934,0.7859235758728229,0.8447179848578439,0.9671645521626236,0.9231098818772765,0.8160995699197524,0.8134127268591935,0.9288026016763442,0.3582,0.7207246108945808,0.2942,1.0,0.7603010105244534,0.4227235577076905,0.902180163933139,0.9084723267257659,0.9394488291009161,0.8953406384542222,0.9500598136437661,0.2603,0.8550438276712147,0.1478,1.0,0.8444618307791938,0.3809771756195556,0.7938465665392981,0.9047798397774032,0.9626933444871071,0.8420037244885755,0.8587669568494755,0.9013293056638398,0.2603,0.8812073110529736,0.2942,1.0,0.802739957682138,0.9617894103437913,0.7736123328668271,0.8134795710955521,0.8049834096470647,0.4634,0.8202979795138488,0.1478,1.0,0.8544289925538098,0.8735670876682693,0.9109140314060721,0.9016604493495687,0.8994740339057574,0.9481962836926005,0.2603,0.8336586738619374,0.1478,1.0,0.8406759628169864,0.4047545333209936,0.867060114731913,0.9357020737606733,0.9458420291916536,0.7777639640673993,0.8579191256886991,0.3582,0.8789968942838431,0.2942,0.7841821520148663,0.6939463918956219,0.2942,1.0,0.748293684781109,0.3834283221143491,0.8532977292449109,0.8529395486583325,0.8240791218515504,0.1478,0.8158251248927815,0.42198244654162975,0.8983668171889283,0.8236125898432712,0.786442872332351,0.9253522923864403,0.8998389494009155,0.2603,0.7959872827233341,0.2942,0.2603,0.2942,0.7321743690682934,0.8084793602023206,0.1478,1.0,0.719760337136869,0.40979373213609827,0.7357830314154634,0.8444463187042526,0.8054037585265755,0.9093173981627768,0.7604839262814848,0.7445901328636426,1.0,0.3582,0.7145727715116532,0.2942,1.0,0.7894189621344462,0.40548410548569247,0.9030128294056621,0.8288481757095879,0.7944564741070254,0.8919880646155935,0.8795412021946172,0.8281718547345929,0.9086140766245114,0.3582,0.8384585477219749,0.2942,0.7609726926068778,0.46895039522384885,0.8402871373856449,0.8832474260124725,0.7376330300766633,0.1478,1.0,0.8334337953067061,0.37116648350871173,0.7151554299142326,0.8507921881450853,0.8267721920842789,0.7701796040443634,0.7816630176778919,0.7196020430380204,0.9419017937724813,0.4558,0.8161240828190907,0.1478,0.3763852988705787,0.8000184497429096,0.1478,0.8570920315902903,0.1478,1.0,0.3909507670106794,0.9121444561612596,0.9298091045691004,0.2603,0.8659258801784253,0.2942,0.8020858963238702,0.44414551480115777,0.8964182132392009,0.7858284617496438,0.24010792716041948,0.11638015721797182,0.11476282115437304,0.11808881048948877,0.23222894156536564,0.23830903978686108,0.12116258662922673,0.2350689582734696,0.23334084759492416,0.23605362578043604,0.11498444282031986,0.11574380612229691,0.11713415772582375,0.1183650700323974,0.23588491656138122,0.23064083613465078,0.2355766046664568,0.11494760327028261,0.11884840657078481,0.11906249339999193,0.2320936176695757,0.12053996048543078,0.22856961003869844,0.23503121035954988,0.11981242962074296,0.1203599807529047,0.24182375986872393,0.8184028370409274,0.9544791914114714,1.0,0.8776231080027959,0.3582,0.3582,0.2942,0.1478,0.4558,0.4634,0.9294359018761944,0.9392436783980198,1.0,0.9800553828292302,0.3582,0.3582,0.1478,0.2942,0.4634,0.4558,0.8850216232658334,0.813986841799419,1.0,1.0,0.3582,0.3582,0.1478,0.2942,0.4634,0.4634,0.9333534800618088,0.9520894609412213,1.0,0.9967948005204424,0.2603,0.2603,0.2942,0.2942,0.8068186678900165,0.8777755946315059,1.0,0.9716345297385606,0.2603,0.3582,0.2942,0.2942,0.9351966214949191,0.9428570211594516,1.0,0.8846552756746757,0.2603,0.2603,0.2942,0.2942,0.8251175443570573,0.928055436163472,1.0,0.8965426064248156,0.2603,0.2942,0.1478,0.4634,0.4558,0.9630853245928429,0.9445598647510304,1.0,0.9948218540173183,0.2603,0.2603,0.1478,0.2942,0.4634,0.4558,0.770431357220515,0.9444931537949905,1.0,0.8990329223394008,0.3582,0.2603,0.1478,0.1478,0.4558,0.4558,0.8068968232152512,0.8543543578648919,1.0,0.8721393358860199,0.2603,0.3582,0.1478,0.2942,0.4634,0.4634,0.9391386092661688,0.9227978262273387,1.0,1.0,0.3582,0.2603,0.2942,0.2942,0.4558,0.4558,0.8051018802048399,0.7671989171973833,1.0,0.9496041359786442,0.1478,0.4634,0.4558,0.8891963648699069,0.8458986344210361,1.0,1.0,0.2603,0.3582,0.2942,0.2942,0.4634,0.4558,0.8173410274981482,0.8047933388121136,1.0,1.0,0.3582,0.2603,0.1478,0.1478,0.8606144611048435,0.9202900835577918,1.0,1.0,0.2603,0.3582,0.2942,0.2942,0.8239024217754073,0.8082187607142527,1.0,0.9184575165682791,0.2603,0.3582,0.2942,0.2942,0.9654252315028079,0.8318514563498933,1.0,0.9970096206520315,0.3582,0.2603,0.1478,0.1478,0.8626684178497607,0.9278277589644995,1.0,0.9234633132730959,0.3582,0.2603,0.2942,0.2942,0.791840392803617,0.9255093403579514,1.0,0.9403960572133799,0.2603,0.2603,0.1478,0.2942,0.9663221578183272,0.7656614777218613,1.0,0.910365341880136,0.3582,0.2603,0.2942,0.1478,0.9545499030928297,0.8492696972317806,1.0,1.0,0.2603,0.3582,0.1478,0.2942,0.4558,0.4558,0.9691779785543294,0.7721611157438264,1.0,0.9052598023192739,0.2603,0.2603,0.1478,0.1478,0.9649115219993615,0.8647006438590432,1.0,1.0,0.2603,0.2603,0.1478,0.2942,0.4634,0.4634,0.8554705184070528,0.9445706480647973,1.0,0.881433535071767,0.2603,0.3582,0.1478,0.2942,0.8250852497191473,0.8356747982521326,1.0,0.9675693733901982,0.3582,0.2603,0.1478,0.2942,0.8982280279194269,0.8788766816941562,1.0,0.9610939368912441,0.3582,0.2603,0.1478,0.2942,0.9518998060608864,0.7652169953262604,1.0,1.0,0.3582,0.2603,0.1478,0.1478
,64,1.0,0.8402572429110977,0.8576357579657161,0.8651211950134761,0.9141362734369507,0.8633797188557154,0.8029243512282529,0.215,1.0,0.8774119557045622,0.4113168058243633,0.8448561121962452,0.8643671283396288,0.78805127884902,0.7436056595280742,0.8733792563089393,0.3506,0.7363549324137487,0.1197,1.0,0.7660889808869203,0.44941076001065705,0.846907772746982,0.8365081937277312,0.7895717656653695,0.8633899859010735,0.8237220940935732,0.8968505923112725,1.0,0.4622,0.3506,0.8200949436048244,0.1197,0.7335691590265043,0.4336232975836055,0.8419498093808859,0.8716874369409013,0.8383962980426908,0.7907846573836699,0.1197,0.4613590525583054,0.7759086704074173,0.8462651496089608,1.0,0.4072903200531965,0.3506,0.1197,0.8344832579171091,0.40995751702611366,0.831178085295218,0.8872167564122416,0.8252015818318361,1.0,0.7940887131074141,0.215,1.0,0.8306598947383392,0.3818171074493331,0.8466240135971907,0.8140074003815227,0.8709736408202138,0.899291548546229,0.9533996545856207,0.8564773085738082,0.8841126180271338,0.2551,0.8103085980519102,0.215,1.0,0.7755256373038862,0.4247974854170934,0.7859235758728229,0.8447179848578439,0.9671645521626236,0.9231098818772765,0.8160995699197524,0.8134127268591935,0.9288026016763442,0.3506,0.7207246108945808,0.215,1.0,0.7603010105244534,0.4227235577076905,0.902180163933139,0.9084723267257659,0.9394488291009161,0.8953406384542222,0.9500598136437661,0.2551,0.8550438276712147,0.1197,1.0,0.8444618307791938,0.3809771756195556,0.7938465665392981,0.9047798397774032,0.9626933444871071,0.8420037244885755,0.8587669568494755,0.9013293056638398,0.2551,0.8812073110529736,0.215,1.0,0.802739957682138,0.9617894103437913,0.7736123328668271,0.8134795710955521,0.8049834096470647,0.4946,0.8202979795138488,0.1197,1.0,0.8544289925538098,0.8735670876682693,0.9109140314060721,0.9016604493495687,0.8994740339057574,0.9481962836926005,0.2551,0.8336586738619374,0.1197,1.0,0.8406759628169864,0.4047545333209936,0.867060114731913,0.9357020737606733,0.9458420291916536,0.7777639640673993,0.8579191256886991,0.3506,0.8789968942838431,0.215,0.7841821520148663,0.6939463918956219,0.215,1.0,0.748293684781109,0.3834283221143491,0.8532977292449109,0.8529395486583325,0.8240791218515504,0.1197,0.8158251248927815,0.42198244654162975,0.8983668171889283,0.8236125898432712,0.786442872332351,0.9253522923864403,0.8998389494009155,0.2551,0.7959872827233341,0.215,0.2551,0.215,0.7321743690682934,0.8084793602023206,0.1197,1.0,0.719760337136869,0.40979373213609827,0.7357830314154634,0.8444463187042526,0.8054037585265755,0.9093173981627768,0.7604839262814848,0.7445901328636426,1.0,0.3506,0.7145727715116532,0.215,1.0,0.7894189621344462,0.40548410548569247,0.9030128294056621,0.8288481757095879,0.7944564741070254,0.8919880646155935,0.8795412021946172,0.8281718547345929,0.9086140766245114,0.3506,0.8384585477219749,0.215,0.7609726926068778,0.46895039522384885,0.8402871373856449,0.8832474260124725,0.7376330300766633,0.1197,1.0,0.8334337953067061,0.37116648350871173,0.7151554299142326,0.8507921881450853,0.8267721920842789,0.7701796040443634,0.7816630176778919,0.7196020430380204,0.9419017937724813,0.4622,0.8161240828190907,0.1197,0.3763852988705787,0.8000184497429096,0.1197,0.8570920315902903,0.1197,1.0,0.3909507670106794,0.9121444561612596,0.9298091045691004,0.2551,0.8659258801784253,0.215,0.8020858963238702,0.44414551480115777,0.8964182132392009,0.7858284617496438,0.1754697632205649,0.09425375384973768,0.09294390860743204,0.09563755490928151,0.1697118369699307,0.17415514464369522,0.09812693923896104,0.17178730805165182,0.1705244127563178,0.17250689851391485,0.09312339516638897,0.09373838696102126,0.09486440243424293,0.09586129149443823,0.17238360659652263,0.16855125686250821,0.17215829368894703,0.09309355961740752,0.09625273522681288,0.09642611948564977,0.16961294289244996,0.09762268788975688,0.1670376144062548,0.1717597220506568,0.09703347649257736,0.09747692622545802,0.17672368583200423,0.8184028370409274,0.9544791914114714,1.0,0.8776231080027959,0.3506,0.3506,0.215,0.1197,0.4622,0.4946,0.9294359018761944,0.9392436783980198,1.0,0.9800553828292302,0.3506,0.3506,0.1197,0.215,0.4946,0.4622,0.8850216232658334,0.813986841799419,1.0,1.0,0.3506,0.3506,0.1197,0.215,0.4946,0.4946,0.9333534800618088,0.9520894609412213,1.0,0.9967948005204424,0.2551,0.2551,0.215,0.215,0.8068186678900165,0.8777755946315059,1.0,0.9716345297385606,0.2551,0.3506,0.215,0.215,0.9351966214949191,0.9428570211594516,1.0,0.8846552756746757,0.2551,0.2551,0.215,0.215,0.8251175443570573,0.928055436163472,1.0,0.8965426064248156,0.2551,0.215,0.1197,0.4946,0.4622,0.9630853245928429,0.9445598647510304,1.0,0.9948218540173183,0.2551,0.2551,0.1197,0.215,0.4946,0.4622,0.770431357220515,0.9444931537949905,1.0,0.8990329223394008,0.3506,0.2551,0.1197,0.1197,0.4622,0.4622,0.8068968232152512,0.8543543578648919,1.0,0.8721393358860199,0.2551,0.3506,0.1197,0.215,0.4946,0.4946,0.9391386092661688,0.9227978262273387,1.0,1.0,0.3506,0.2551,0.215,0.215,0.4622,0.4622,0.8051018802048399,0.7671989171973833,1.0,0.9496041359786442,0.1197,0.4946,0.4622,0.8891963648699069,0.8458986344210361,1.0,1.0,0.2551,0.3506,0.215,0.215,0.4946,0.4622,0.8173410274981482,0.8047933388121136,1.0,1.0,0.3506,0.2551,0.1197,0.1197,0.8606144611048435,0.9202900835577918,1.0,1.0,0.2551,0.3506,0.215,0.215,0.8239024217754073,0.8082187607142527,1.0,0.9184575165682791,0.2551,0.3506,0.215,0.215,0.9654252315028079,0.8318514563498933,1.0,0.9970096206520315,0.3506,0.2551,0.1197,0.1197,0.8626684178497607,0.9278277589644995,1.0,0.9234633132730959,0.3506,0.2551,0.215,0.215,0.791840392803617,0.9255093403579514,1.0,0.9403960572133799,0.2551,0.2551,0.1197,0.215,0.9663221578183272,0.7656614777218613,1.0,0.910365341880136,0.3506,0.2551,0.215,0.1197,0.9545499030928297,0.8492696972317806,1.0,1.0,0.2551,0.3506,0.1197,0.215,0.4622,0.4622,0.9691779785543294,0.7721611157438264,1.0,0.9052598023192739,0.2551,0.2551,0.1197,0.1197,0.9649115219993615,0.8647006438590432,1.0,1.0,0.2551,0.2551,0.1197,0.215,0.4946,0.4946,0.8554705184070528,0.9445706480647973,1.0,0.881433535071767,0.2551,0.3506,0.1197,0.215,0.8250852497191473,0.8356747982521326,1.0,0.9675693733901982,0.3506,0.2551,0.1197,0.215,0.8982280279194269,0.8788766816941562,1.0,0.9610939368912441,0.3506,0.2551,0.1197,0.215,0.9518998060608864,0.7652169953262604,1.0,1.0,0.3506,0.2551,0.1197,0.1197
,65,1.0,0.8402572429110977,0.8576357579657161,0.8651211950134761,0.9141362734369507,0.8633797188557154,0.8029243512282529,0.0674,1.0,0.8774119557045622,0.4113168058243633,0.8448561121962452,0.8643671283396288,0.78805127884902,0.7436056595280742,0.8733792563089393,0.4268,0.7363549324137487,0.03604,1.0,0.7660889808869203,0.44941076001065705,0.846907772746982,0.8365081937277312,0.7895717656653695,0.8633899859010735,0.8237220940935732,0.8968505923112725,1.0,0.489,0.4268,0.8200949436048244,0.03604,0.7335691590265043,0.4336232975836055,0.8419498093808859,0.8716874369409013,0.8383962980426908,0.7907846573836699,0.03604,0.4613590525583054,0.7759086704074173,0.8462651496089608,1.0,0.4072903200531965,0.4268,0.03604,0.8344832579171091,0.40995751702611366,0.831178085295218,0.8872167564122416,0.8252015818318361,1.0,0.7940887131074141,0.0674,1.0,0.8306598947383392,0.3818171074493331,0.8466240135971907,0.8140074003815227,0.8709736408202138,0.899291548546229,0.9533996545856207,0.8564773085738082,0.8841126180271338,0.2512,0.8103085980519102,0.0674,1.0,0.7755256373038862,0.4247974854170934,0.7859235758728229,0.8447179848578439,0.9671645521626236,0.9231098818772765,0.8160995699197524,0.8134127268591935,0.9288026016763442,0.4268,0.7207246108945808,0.0674,1.0,0.7603010105244534,0.4227235577076905,0.902180163933139,0.9084723267257659,0.9394488291009161,0.8953406384542222,0.9500598136437661,0.2512,0.8550438276712147,0.03604,1.0,0.8444618307791938,0.3809771756195556,0.7938465665392981,0.9047798397774032,0.9626933444871071,0.8420037244885755,0.8587669568494755,0.9013293056638398,0.2512,0.8812073110529736,0.0674,1.0,0.802739957682138,0.9617894103437913,0.7736123328668271,0.8134795710955521,0.8049834096470647,0.5273,0.8202979795138488,0.03604,1.0,0.8544289925538098,0.8735670876682693,0.9109140314060721,0.9016604493495687,0.8994740339057574,0.9481962836926005,0.2512,0.8336586738619374,0.03604,1.0,0.8406759628169864,0.4047545333209936,0.867060114731913,0.9357020737606733,0.9458420291916536,0.7777639640673993,0.8579191256886991,0.4268,0.8789968942838431,0.0674,0.7841821520148663,0.6939463918956219,0.0674,1.0,0.748293684781109,0.3834283221143491,0.8532977292449109,0.8529395486583325,0.8240791218515504,0.03604,0.8158251248927815,0.42198244654162975,0.8983668171889283,0.8236125898432712,0.786442872332351,0.9253522923864403,0.8998389494009155,0.2512,0.7959872827233341,0.0674,0.2512,0.0674,0.7321743690682934,0.8084793602023206,0.03604,1.0,0.719760337136869,0.40979373213609827,0.7357830314154634,0.8444463187042526,0.8054037585265755,0.9093173981627768,0.7604839262814848,0.7445901328636426,1.0,0.4268,0.7145727715116532,0.0674,1.0,0.7894189621344462,0.40548410548569247,0.9030128294056621,0.8288481757095879,0.7944564741070254,0.8919880646155935,0.8795412021946172,0.8281718547345929,0.9086140766245114,0.4268,0.8384585477219749,0.0674,0.7609726926068778,0.46895039522384885,0.8402871373856449,0.8832474260124725,0.7376330300766633,0.03604,1.0,0.8334337953067061,0.37116648350871173,0.7151554299142326,0.8507921881450853,0.8267721920842789,0.7701796040443634,0.7816630176778919,0.7196020430380204,0.9419017937724813,0.489,0.8161240828190907,0.03604,0.3763852988705787,0.8000184497429096,0.03604,0.8570920315902903,0.03604,1.0,0.3909507670106794,0.9121444561612596,0.9298091045691004,0.2512,0.8659258801784253,0.0674,0.8020858963238702,0.44414551480115777,0.8964182132392009,0.7858284617496438,0.055007730423563134,0.028378490298617758,0.027984114170525067,0.02879513349148292,0.05320268749662013,0.05459561278597701,0.02954465238239061,0.05385332354735503,0.05345742055709683,0.05407890678994354,0.0280381550693121,0.028223320518589858,0.02856234806792076,0.028862497455802452,0.054040256207468024,0.05283885912806072,0.053969623230860596,0.028029172001765804,0.028980355702375407,0.029032559283732814,0.053171685353261056,0.029392829336230893,0.05236434981851895,0.053844675656810545,0.029215426004949772,0.029348942532711,0.055400820581753885,0.8184028370409274,0.9544791914114714,1.0,0.8776231080027959,0.4268,0.4268,0.0674,0.03604,0.489,0.5273,0.9294359018761944,0.9392436783980198,1.0,0.9800553828292302,0.4268,0.4268,0.03604,0.0674,0.5273,0.489,0.8850216232658334,0.813986841799419,1.0,1.0,0.4268,0.4268,0.03604,0.0674,0.5273,0.5273,0.9333534800618088,0.9520894609412213,1.0,0.9967948005204424,0.2512,0.2512,0.0674,0.0674,0.8068186678900165,0.8777755946315059,1.0,0.9716345297385606,0.2512,0.4268,0.0674,0.0674,0.9351966214949191,0.9428570211594516,1.0,0.8846552756746757,0.2512,0.2512,0.0674,0.0674,0.8251175443570573,0.928055436163472,1.0,0.8965426064248156,0.2512,0.0674,0.03604,0.5273,0.489,0.9630853245928429,0.9445598647510304,1.0,0.9948218540173183,0.2512,0.2512,0.03604,0.0674,0.5273,0.489,0.770431357220515,0.9444931537949905,1.0,0.8990329223394008,0.4268,0.2512,0.03604,0.03604,0.489,0.489,0.8068968232152512,0.8543543578648919,1.0,0.8721393358860199,0.2512,0.4268,0.03604,0.0674,0.5273,0.5273,0.9391386092661688,0.9227978262273387,1.0,1.0,0.4268,0.2512,0.0674,0.0674,0.489,0.489,0.8051018802048399,0.7671989171973833,1.0,0.9496041359786442,0.03604,0.5273,0.489,0.8891963648699069,0.8458986344210361,1.0,1.0,0.2512,0.4268,0.0674,0.0674,0.5273,0.489,0.8173410274981482,0.8047933388121136,1.0,1.0,0.4268,0.2512,0.03604,0.03604,0.8606144611048435,0.9202900835577918,1.0,1.0,0.2512,0.4268,0.0674,0.0674,0.8239024217754073,0.8082187607142527,1.0,0.9184575165682791,0.2512,0.4268,0.0674,0.0674,0.9654252315028079,0.8318514563498933,1.0,0.9970096206520315,0.4268,0.2512,0.03604,0.03604,0.8626684178497607,0.9278277589644995,1.0,0.9234633132730959,0.4268,0.2512,0.0674,0.0674,0.791840392803617,0.9255093403579514,1.0,0.9403960572133799,0.2512,0.2512,0.03604,0.0674,0.9663221578183272,0.7656614777218613,1.0,0.910365341880136,0.4268,0.2512,0.0674,0.03604,0.9545499030928297,0.8492696972317806,1.0,1.0,0.2512,0.4268,0.03604,0.0674,0.489,0.489,0.9691779785543294,0.7721611157438264,1.0,0.9052598023192739,0.2512,0.2512,0.03604,0.03604,0.9649115219993615,0.8647006438590432,1.0,1.0,0.2512,0.2512,0.03604,0.0674,0.5273,0.5273,0.8554705184070528,0.9445706480647973,1.0,0.881433535071767,0.2512,0.4268,0.03604,0.0674,0.8250852497191473,0.8356747982521326,1.0,0.9675693733901982,0.4268,0.2512,0.03604,0.0674,0.8982280279194269,0.8788766816941562,1.0,0.9610939368912441,0.4268,0.2512,0.03604,0.0674,0.9518998060608864,0.7652169953262604,1.0,1.0,0.4268,0.2512,0.03604,0.03604
,66,1.0,0.8402572429110977,0.8576357579657161,0.8651211950134761,0.9141362734369507,0.8633797188557154,0.8029243512282529,7.546e-05,1.0,0.8774119557045622,0.4113168058243633,0.8448561121962452,0.8643671283396288,0.78805127884902,0.7436056595280742,0.8733792563089393,0.5044,0.7363549324137487,0.0,1.0,0.7660889808869203,0.44941076001065705,0.846907772746982,0.8365081937277312,0.7895717656653695,0.8633899859010735,0.8237220940935732,0.8968505923112725,1.0,0.5005,0.5044,0.8200949436048244,0.0,0.7335691590265043,0.4336232975836055,0.8419498093808859,0.8716874369409013,0.8383962980426908,0.7907846573836699,0.0,0.4613590525583054,0.7759086704074173,0.8462651496089608,1.0,0.4072903200531965,0.5044,0.0,0.8344832579171091,0.40995751702611366,0.831178085295218,0.8872167564122416,0.8252015818318361,1.0,0.7940887131074141,7.546e-05,1.0,0.8306598947383392,0.3818171074493331,0.8466240135971907,0.8140074003815227,0.8709736408202138,0.899291548546229,0.9533996545856207,0.8564773085738082,0.8841126180271338,0.304,0.8103085980519102,7.546e-05,1.0,0.7755256373038862,0.4247974854170934,0.7859235758728229,0.8447179848578439,0.9671645521626236,0.9231098818772765,0.8160995699197524,0.8134127268591935,0.9288026016763442,0.5044,0.7207246108945808,7.546e-05,1.0,0.7603010105244534,0.4227235577076905,0.902180163933139,0.9084723267257659,0.9394488291009161,0.8953406384542222,0.9500598136437661,0.304,0.8550438276712147,0.0,1.0,0.8444618307791938,0.3809771756195556,0.7938465665392981,0.9047798397774032,0.9626933444871071,0.8420037244885755,0.8587669568494755,0.9013293056638398,0.304,0.8812073110529736,7.546e-05,1.0,0.802739957682138,0.9617894103437913,0.7736123328668271,0.8134795710955521,0.8049834096470647,0.556,0.8202979795138488,0.0,1.0,0.8544289925538098,0.8735670876682693,0.9109140314060721,0.9016604493495687,0.8994740339057574,0.9481962836926005,0.304,0.8336586738619374,0.0,1.0,0.8406759628169864,0.4047545333209936,0.867060114731913,0.9357020737606733,0.9458420291916536,0.7777639640673993,0.8579191256886991,0.5044,0.8789968942838431,7.546e-05,0.7841821520148663,0.6939463918956219,7.546e-05,1.0,0.748293684781109,0.3834283221143491,0.8532977292449109,0.8529395486583325,0.8240791218515504,0.0,0.8158251248927815,0.42198244654162975,0.8983668171889283,0.8236125898432712,0.786442872332351,0.9253522923864403,0.8998389494009155,0.304,0.7959872827233341,7.546e-05,0.304,7.546e-05,0.7321743690682934,0.8084793602023206,0.0,1.0,0.719760337136869,0.40979373213609827,0.7357830314154634,0.8444463187042526,0.8054037585265755,0.9093173981627768,0.7604839262814848,0.7445901328636426,1.0,0.5044,0.7145727715116532,7.546e-05,1.0,0.7894189621344462,0.40548410548569247,0.9030128294056621,0.8288481757095879,0.7944564741070254,0.8919880646155935,0.8795412021946172,0.8281718547345929,0.9086140766245114,0.5044,0.8384585477219749,7.546e-05,0.7609726926068778,0.46895039522384885,0.8402871373856449,0.8832474260124725,0.7376330300766633,0.0,1.0,0.8334337953067061,0.37116648350871173,0.7151554299142326,0.8507921881450853,0.8267721920842789,0.7701796040443634,0.7816630176778919,0.7196020430380204,0.9419017937724813,0.5005,0.8161240828190907,0.0,0.3763852988705787,0.8000184497429096,0.0,0.8570920315902903,0.0,1.0,0.3909507670106794,0.9121444561612596,0.9298091045691004,0.304,0.8659258801784253,7.546e-05,0.8020858963238702,0.44414551480115777,0.8964182132392009,0.7858284617496438,6.158580619825036e-05,0.0,0.0,0.0,5.95649079895394e-05,6.112440565029414e-05,0.0,6.0293350072454166e-05,5.985010319344995e-05,6.054590959004658e-05,0.0,0.0,0.0,0.0,6.05026369942958e-05,5.9157571362069165e-05,6.042355740357182e-05,0.0,0.0,0.0,5.953019846820592e-05,0.0,5.862631806091157e-05,6.0283668027639816e-05,0.0,0.0,6.20259038738746e-05,0.8184028370409274,0.9544791914114714,1.0,0.8776231080027959,0.5044,0.5044,7.546e-05,0.0,0.5005,0.556,0.9294359018761944,0.9392436783980198,1.0,0.9800553828292302,0.5044,0.5044,0.0,7.546e-05,0.556,0.5005,0.8850216232658334,0.813986841799419,1.0,1.0,0.5044,0.5044,0.0,7.546e-05,0.556,0.556,0.9333534800618088,0.9520894609412213,1.0,0.9967948005204424,0.304,0.304,7.546e-05,7.546e-05,0.8068186678900165,0.8777755946315059,1.0,0.9716345297385606,0.304,0.5044,7.546e-05,7.546e-05,0.9351966214949191,0.9428570211594516,1.0,0.8846552756746757,0.304,0.304,7.546e-05,7.546e-05,0.8251175443570573,0.928055436163472,1.0,0.8965426064248156,0.304,7.546e-05,0.0,0.556,0.5005,0.9630853245928429,0.9445598647510304,1.0,0.9948218540173183,0.304,0.304,0.0,7.546e-05,0.556,0.5005,0.770431357220515,0.9444931537949905,1.0,0.8990329223394008,0.5044,0.304,0.0,0.0,0.5005,0.5005,0.8068968232152512,0.8543543578648919,1.0,0.8721393358860199,0.304,0.5044,0.0,7.546e-05,0.556,0.556,0.9391386092661688,0.9227978262273387,1.0,1.0,0.5044,0.304,7.546e-05,7.546e-05,0.5005,0.5005,0.8051018802048399,0.7671989171973833,1.0,0.9496041359786442,0.0,0.556,0.5005,0.8891963648699069,0.8458986344210361,1.0,1.0,0.304,0.5044,7.546e-05,7.546e-05,0.556,0.5005,0.8173410274981482,0.8047933388121136,1.0,1.0,0.5044,0.304,0.0,0.0,0.8606144611048435,0.9202900835577918,1.0,1.0,0.304,0.5044,7.546e-05,7.546e-05,0.8239024217754073,0.8082187607142527,1.0,0.9184575165682791,0.304,0.5044,7.546e-05,7.546e-05,0.9654252315028079,0.8318514563498933,1.0,0.9970096206520315,0.5044,0.304,0.0,0.0,0.8626684178497607,0.9278277589644995,1.0,0.9234633132730959,0.5044,0.304,7.546e-05,7.546e-05,0.791840392803617,0.9255093403579514,1.0,0.9403960572133799,0.304,0.304,0.0,7.546e-05,0.9663221578183272,0.7656614777218613,1.0,0.910365341880136,0.5044,0.304,7.546e-05,0.0,0.9545499030928297,0.8492696972317806,1.0,1.0,0.304,0.5044,0.0,7.546e-05,0.5005,0.5005,0.9691779785543294,0.7721611157438264,1.0,0.9052598023192739,0.304,0.304,0.0,0.0,0.9649115219993615,0.8647006438590432,1.0,1.0,0.304,0.304,0.0,7.546e-05,0.556,0.556,0.8554705184070528,0.9445706480647973,1.0,0.881433535071767,0.304,0.5044,0.0,7.546e-05,0.8250852497191473,0.8356747982521326,1.0,0.9675693733901982,0.5044,0.304,0.0,7.546e-05,0.8982280279194269,0.8788766816941562,1.0,0.9610939368912441,0.5044,0.304,0.0,7.546e-05,0.9518998060608864,0.7652169953262604,1.0,1.0,0.5044,0.304,0.0,0.0
,67,1.0,0.8402572429110977,0.8576357579657161,0.8651211950134761,0.9141362734369507,0.8633797188557154,0.8029243512282529,0.0,1.0,0.8774119557045622,0.4113168058243633,0.8448561121962452,0.8643671283396288,0.78805127884902,0.7436056595280742,0.8733792563089393,0.515,0.7363549324137487,0.0,1.0,0.7660889808869203,0.44941076001065705,0.846907772746982,0.8365081937277312,0.7895717656653695,0.8633899859010735,0.8237220940935732,0.8968505923112725,1.0,0.5166,0.515,0.8200949436048244,0.0,0.7335691590265043,0.4336232975836055,0.8419498093808859,0.8716874369409013,0.8383962980426908,0.7907846573836699,0.0,0.4613590525583054,0.7759086704074173,0.8462651496089608,1.0,0.4072903200531965,0.515,0.0,0.8344832579171091,0.40995751702611366,0.831178085295218,0.8872167564122416,0.8252015818318361,1.0,0.7940887131074141,0.0,1.0,0.8306598947383392,0.3818171074493331,0.8466240135971907,0.8140074003815227,0.8709736408202138,0.899291548546229,0.9533996545856207,0.8564773085738082,0.8841126180271338,0.3418,0.8103085980519102,0.0,1.0,0.7755256373038862,0.4247974854170934,0.7859235758728229,0.8447179848578439,0.9671645521626236,0.9231098818772765,0.8160995699197524,0.8134127268591935,0.9288026016763442,0.515,0.7207246108945808,0.0,1.0,0.7603010105244534,0.4227235577076905,0.902180163933139,0.9084723267257659,0.9394488291009161,0.8953406384542222,0.9500598136437661,0.3418,0.8550438276712147,0.0,1.0,0.8444618307791938,0.3809771756195556,0.7938465665392981,0.9047798397774032,0.9626933444871071,0.8420037244885755,0.8587669568494755,0.9013293056638398,0.3418,0.8812073110529736,0.0,1.0,0.802739957682138,0.9617894103437913,0.7736123328668271,0.8134795710955521,0.8049834096470647,0.59,0.8202979795138488,0.0,1.0,0.8544289925538098,0.8735670876682693,0.9109140314060721,0.9016604493495687,0.8994740339057574,0.9481962836926005,0.3418,0.8336586738619374,0.0,1.0,0.8406759628169864,0.4047545333209936,0.867060114731913,0.9357020737606733,0.9458420291916536,0.7777639640673993,0.8579191256886991,0.515,0.8789968942838431,0.0,0.7841821520148663,0.6939463918956219,0.0,1.0,0.748293684781109,0.3834283221143491,0.8532977292449109,0.8529395486583325,0.8240791218515504,0.0,0.8158251248927815,0.42198244654162975,0.8983668171889283,0.8236125898432712,0.786442872332351,0.9253522923864403,0.8998389494009155,0.3418,0.7959872827233341,0.0,0.3418,0.0,0.7321743690682934,0.8084793602023206,0.0,1.0,0.719760337136869,0.40979373213609827,0.7357830314154634,0.8444463187042526,0.8054037585265755,0.9093173981627768,0.7604839262814848,0.7445901328636426,1.0,0.515,0.7145727715116532,0.0,1.0,0.7894189621344462,0.40548410548569247,0.9030128294056621,0.8288481757095879,0.7944564741070254,0.8919880646155935,0.8795412021946172,0.8281718547345929,0.9086140766245114,0.515,0.8384585477219749,0.0,0.7609726926068778,0.46895039522384885,0.8402871373856449,0.8832474260124725,0.7376330300766633,0.0,1.0,0.8334337953067061,0.37116648350871173,0.7151554299142326,0.8507921881450853,0.8267721920842789,0.7701796040443634,0.7816630176778919,0.7196020430380204,0.9419017937724813,0.5166,0.8161240828190907,0.0,0.3763852988705787,0.8000184497429096,0.0,0.8570920315902903,0.0,1.0,0.3909507670106794,0.9121444561612596,0.9298091045691004,0.3418,0.8659258801784253,0.0,0.8020858963238702,0.44414551480115777,0.8964182132392009,0.7858284617496438,0.0,0.0,0.0,0.0,0.0,0.0,0.0,0.0,0.0,0.0,0.0,0.0,0.0,0.0,0.0,0.0,0.0,0.0,0.0,0.0,0.0,0.0,0.0,0.0,0.0,0.0,0.0,0.8184028370409274,0.9544791914114714,1.0,0.8776231080027959,0.515,0.515,0.0,0.0,0.5166,0.59,0.9294359018761944,0.9392436783980198,1.0,0.9800553828292302,0.515,0.515,0.0,0.0,0.59,0.5166,0.8850216232658334,0.813986841799419,1.0,1.0,0.515,0.515,0.0,0.0,0.59,0.59,0.9333534800618088,0.9520894609412213,1.0,0.9967948005204424,0.3418,0.3418,0.0,0.0,0.8068186678900165,0.8777755946315059,1.0,0.9716345297385606,0.3418,0.515,0.0,0.0,0.9351966214949191,0.9428570211594516,1.0,0.8846552756746757,0.3418,0.3418,0.0,0.0,0.8251175443570573,0.928055436163472,1.0,0.8965426064248156,0.3418,0.0,0.0,0.59,0.5166,0.9630853245928429,0.9445598647510304,1.0,0.9948218540173183,0.3418,0.3418,0.0,0.0,0.59,0.5166,0.770431357220515,0.9444931537949905,1.0,0.8990329223394008,0.515,0.3418,0.0,0.0,0.5166,0.5166,0.8068968232152512,0.8543543578648919,1.0,0.8721393358860199,0.3418,0.515,0.0,0.0,0.59,0.59,0.9391386092661688,0.9227978262273387,1.0,1.0,0.515,0.3418,0.0,0.0,0.5166,0.5166,0.8051018802048399,0.7671989171973833,1.0,0.9496041359786442,0.0,0.59,0.5166,0.8891963648699069,0.8458986344210361,1.0,1.0,0.3418,0.515,0.0,0.0,0.59,0.5166,0.8173410274981482,0.8047933388121136,1.0,1.0,0.515,0.3418,0.0,0.0,0.8606144611048435,0.9202900835577918,1.0,1.0,0.3418,0.515,0.0,0.0,0.8239024217754073,0.8082187607142527,1.0,0.9184575165682791,0.3418,0.515,0.0,0.0,0.9654252315028079,0.8318514563498933,1.0,0.9970096206520315,0.515,0.3418,0.0,0.0,0.8626684178497607,0.9278277589644995,1.0,0.9234633132730959,0.515,0.3418,0.0,0.0,0.791840392803617,0.9255093403579514,1.0,0.9403960572133799,0.3418,0.3418,0.0,0.0,0.9663221578183272,0.7656614777218613,1.0,0.910365341880136,0.515,0.3418,0.0,0.0,0.9545499030928297,0.8492696972317806,1.0,1.0,0.3418,0.515,0.0,0.0,0.5166,0.5166,0.9691779785543294,0.7721611157438264,1.0,0.9052598023192739,0.3418,0.3418,0.0,0.0,0.9649115219993615,0.8647006438590432,1.0,1.0,0.3418,0.3418,0.0,0.0,0.59,0.59,0.8554705184070528,0.9445706480647973,1.0,0.881433535071767,0.3418,0.515,0.0,0.0,0.8250852497191473,0.8356747982521326,1.0,0.9675693733901982,0.515,0.3418,0.0,0.0,0.8982280279194269,0.8788766816941562,1.0,0.9610939368912441,0.515,0.3418,0.0,0.0,0.9518998060608864,0.7652169953262604,1.0,1.0,0.515,0.3418,0.0,0.0
,68,1.0,0.8402572429110977,0.8576357579657161,0.8651211950134761,0.9141362734369507,0.8633797188557154,0.8029243512282529,0.0,1.0,0.8774119557045622,0.4113168058243633,0.8448561121962452,0.8643671283396288,0.78805127884902,0.7436056595280742,0.8733792563089393,0.488,0.7363549324137487,0.0,1.0,0.7660889808869203,0.44941076001065705,0.846907772746982,0.8365081937277312,0.7895717656653695,0.8633899859010735,0.8237220940935732,0.8968505923112725,1.0,0.538,0.488,0.8200949436048244,0.0,0.7335691590265043,0.4336232975836055,0.8419498093808859,0.8716874369409013,0.8383962980426908,0.7907846573836699,0.0,0.4613590525583054,0.7759086704074173,0.8462651496089608,1.0,0.4072903200531965,0.488,0.0,0.8344832579171091,0.40995751702611366,0.831178085295218,0.8872167564122416,0.8252015818318361,1.0,0.7940887131074141,0.0,1.0,0.8306598947383392,0.3818171074493331,0.8466240135971907,0.8140074003815227,0.8709736408202138,0.899291548546229,0.9533996545856207,0.8564773085738082,0.8841126180271338,0.3596,0.8103085980519102,0.0,1.0,0.7755256373038862,0.4247974854170934,0.7859235758728229,0.8447179848578439,0.9671645521626236,0.9231098818772765,0.8160995699197524,0.8134127268591935,0.9288026016763442,0.488,0.7207246108945808,0.0,1.0,0.7603010105244534,0.4227235577076905,0.902180163933139,0.9084723267257659,0.9394488291009161,0.8953406384542222,0.9500598136437661,0.3596,0.8550438276712147,0.0,1.0,0.8444618307791938,0.3809771756195556,0.7938465665392981,0.9047798397774032,0.9626933444871071,0.8420037244885755,0.8587669568494755,0.9013293056638398,0.3596,0.8812073110529736,0.0,1.0,0.802739957682138,0.9617894103437913,0.7736123328668271,0.8134795710955521,0.8049834096470647,0.5913,0.8202979795138488,0.0,1.0,0.8544289925538098,0.8735670876682693,0.9109140314060721,0.9016604493495687,0.8994740339057574,0.9481962836926005,0.3596,0.8336586738619374,0.0,1.0,0.8406759628169864,0.4047545333209936,0.867060114731913,0.9357020737606733,0.9458420291916536,0.7777639640673993,0.8579191256886991,0.488,0.8789968942838431,0.0,0.7841821520148663,0.6939463918956219,0.0,1.0,0.748293684781109,0.3834283221143491,0.8532977292449109,0.8529395486583325,0.8240791218515504,0.0,0.8158251248927815,0.42198244654162975,0.8983668171889283,0.8236125898432712,0.786442872332351,0.9253522923864403,0.8998389494009155,0.3596,0.7959872827233341,0.0,0.3596,0.0,0.7321743690682934,0.8084793602023206,0.0,1.0,0.719760337136869,0.40979373213609827,0.7357830314154634,0.8444463187042526,0.8054037585265755,0.9093173981627768,0.7604839262814848,0.7445901328636426,1.0,0.488,0.7145727715116532,0.0,1.0,0.7894189621344462,0.40548410548569247,0.9030128294056621,0.8288481757095879,0.7944564741070254,0.8919880646155935,0.8795412021946172,0.8281718547345929,0.9086140766245114,0.488,0.8384585477219749,0.0,0.7609726926068778,0.46895039522384885,0.8402871373856449,0.8832474260124725,0.7376330300766633,0.0,1.0,0.8334337953067061,0.37116648350871173,0.7151554299142326,0.8507921881450853,0.8267721920842789,0.7701796040443634,0.7816630176778919,0.7196020430380204,0.9419017937724813,0.538,0.8161240828190907,0.0,0.3763852988705787,0.8000184497429096,0.0,0.8570920315902903,0.0,1.0,0.3909507670106794,0.9121444561612596,0.9298091045691004,0.3596,0.8659258801784253,0.0,0.8020858963238702,0.44414551480115777,0.8964182132392009,0.7858284617496438,0.0,0.0,0.0,0.0,0.0,0.0,0.0,0.0,0.0,0.0,0.0,0.0,0.0,0.0,0.0,0.0,0.0,0.0,0.0,0.0,0.0,0.0,0.0,0.0,0.0,0.0,0.0,0.8184028370409274,0.9544791914114714,1.0,0.8776231080027959,0.488,0.488,0.0,0.0,0.538,0.5913,0.9294359018761944,0.9392436783980198,1.0,0.9800553828292302,0.488,0.488,0.0,0.0,0.5913,0.538,0.8850216232658334,0.813986841799419,1.0,1.0,0.488,0.488,0.0,0.0,0.5913,0.5913,0.9333534800618088,0.9520894609412213,1.0,0.9967948005204424,0.3596,0.3596,0.0,0.0,0.8068186678900165,0.8777755946315059,1.0,0.9716345297385606,0.3596,0.488,0.0,0.0,0.9351966214949191,0.9428570211594516,1.0,0.8846552756746757,0.3596,0.3596,0.0,0.0,0.8251175443570573,0.928055436163472,1.0,0.8965426064248156,0.3596,0.0,0.0,0.5913,0.538,0.9630853245928429,0.9445598647510304,1.0,0.9948218540173183,0.3596,0.3596,0.0,0.0,0.5913,0.538,0.770431357220515,0.9444931537949905,1.0,0.8990329223394008,0.488,0.3596,0.0,0.0,0.538,0.538,0.8068968232152512,0.8543543578648919,1.0,0.8721393358860199,0.3596,0.488,0.0,0.0,0.5913,0.5913,0.9391386092661688,0.9227978262273387,1.0,1.0,0.488,0.3596,0.0,0.0,0.538,0.538,0.8051018802048399,0.7671989171973833,1.0,0.9496041359786442,0.0,0.5913,0.538,0.8891963648699069,0.8458986344210361,1.0,1.0,0.3596,0.488,0.0,0.0,0.5913,0.538,0.8173410274981482,0.8047933388121136,1.0,1.0,0.488,0.3596,0.0,0.0,0.8606144611048435,0.9202900835577918,1.0,1.0,0.3596,0.488,0.0,0.0,0.8239024217754073,0.8082187607142527,1.0,0.9184575165682791,0.3596,0.488,0.0,0.0,0.9654252315028079,0.8318514563498933,1.0,0.9970096206520315,0.488,0.3596,0.0,0.0,0.8626684178497607,0.9278277589644995,1.0,0.9234633132730959,0.488,0.3596,0.0,0.0,0.791840392803617,0.9255093403579514,1.0,0.9403960572133799,0.3596,0.3596,0.0,0.0,0.9663221578183272,0.7656614777218613,1.0,0.910365341880136,0.488,0.3596,0.0,0.0,0.9545499030928297,0.8492696972317806,1.0,1.0,0.3596,0.488,0.0,0.0,0.538,0.538,0.9691779785543294,0.7721611157438264,1.0,0.9052598023192739,0.3596,0.3596,0.0,0.0,0.9649115219993615,0.8647006438590432,1.0,1.0,0.3596,0.3596,0.0,0.0,0.5913,0.5913,0.8554705184070528,0.9445706480647973,1.0,0.881433535071767,0.3596,0.488,0.0,0.0,0.8250852497191473,0.8356747982521326,1.0,0.9675693733901982,0.488,0.3596,0.0,0.0,0.8982280279194269,0.8788766816941562,1.0,0.9610939368912441,0.488,0.3596,0.0,0.0,0.9518998060608864,0.7652169953262604,1.0,1.0,0.488,0.3596,0.0,0.0
,69,1.0,0.8402572429110977,0.8576357579657161,0.8651211950134761,0.9141362734369507,0.8633797188557154,0.8029243512282529,0.0,1.0,0.8774119557045622,0.4113168058243633,0.8448561121962452,0.8643671283396288,0.78805127884902,0.7436056595280742,0.8733792563089393,0.448,0.7363549324137487,0.0,1.0,0.7660889808869203,0.44941076001065705,0.846907772746982,0.8365081937277312,0.7895717656653695,0.8633899859010735,0.8237220940935732,0.8968505923112725,1.0,0.546,0.448,0.8200949436048244,0.0,0.7335691590265043,0.4336232975836055,0.8419498093808859,0.8716874369409013,0.8383962980426908,0.7907846573836699,0.0,0.4613590525583054,0.7759086704074173,0.8462651496089608,1.0,0.4072903200531965,0.448,0.0,0.8344832579171091,0.40995751702611366,0.831178085295218,0.8872167564122416,0.8252015818318361,1.0,0.7940887131074141,0.0,1.0,0.8306598947383392,0.3818171074493331,0.8466240135971907,0.8140074003815227,0.8709736408202138,0.899291548546229,0.9533996545856207,0.8564773085738082,0.8841126180271338,0.3684,0.8103085980519102,0.0,1.0,0.7755256373038862,0.4247974854170934,0.7859235758728229,0.8447179848578439,0.9671645521626236,0.9231098818772765,0.8160995699197524,0.8134127268591935,0.9288026016763442,0.448,0.7207246108945808,0.0,1.0,0.7603010105244534,0.4227235577076905,0.902180163933139,0.9084723267257659,0.9394488291009161,0.8953406384542222,0.9500598136437661,0.3684,0.8550438276712147,0.0,1.0,0.8444618307791938,0.3809771756195556,0.7938465665392981,0.9047798397774032,0.9626933444871071,0.8420037244885755,0.8587669568494755,0.9013293056638398,0.3684,0.8812073110529736,0.0,1.0,0.802739957682138,0.9617894103437913,0.7736123328668271,0.8134795710955521,0.8049834096470647,0.572,0.8202979795138488,0.0,1.0,0.8544289925538098,0.8735670876682693,0.9109140314060721,0.9016604493495687,0.8994740339057574,0.9481962836926005,0.3684,0.8336586738619374,0.0,1.0,0.8406759628169864,0.4047545333209936,0.867060114731913,0.9357020737606733,0.9458420291916536,0.7777639640673993,0.8579191256886991,0.448,0.8789968942838431,0.0,0.7841821520148663,0.6939463918956219,0.0,1.0,0.748293684781109,0.3834283221143491,0.8532977292449109,0.8529395486583325,0.8240791218515504,0.0,0.8158251248927815,0.42198244654162975,0.8983668171889283,0.8236125898432712,0.786442872332351,0.9253522923864403,0.8998389494009155,0.3684,0.7959872827233341,0.0,0.3684,0.0,0.7321743690682934,0.8084793602023206,0.0,1.0,0.719760337136869,0.40979373213609827,0.7357830314154634,0.8444463187042526,0.8054037585265755,0.9093173981627768,0.7604839262814848,0.7445901328636426,1.0,0.448,0.7145727715116532,0.0,1.0,0.7894189621344462,0.40548410548569247,0.9030128294056621,0.8288481757095879,0.7944564741070254,0.8919880646155935,0.8795412021946172,0.8281718547345929,0.9086140766245114,0.448,0.8384585477219749,0.0,0.7609726926068778,0.46895039522384885,0.8402871373856449,0.8832474260124725,0.7376330300766633,0.0,1.0,0.8334337953067061,0.37116648350871173,0.7151554299142326,0.8507921881450853,0.8267721920842789,0.7701796040443634,0.7816630176778919,0.7196020430380204,0.9419017937724813,0.546,0.8161240828190907,0.0,0.3763852988705787,0.8000184497429096,0.0,0.8570920315902903,0.0,1.0,0.3909507670106794,0.9121444561612596,0.9298091045691004,0.3684,0.8659258801784253,0.0,0.8020858963238702,0.44414551480115777,0.8964182132392009,0.7858284617496438,0.0,0.0,0.0,0.0,0.0,0.0,0.0,0.0,0.0,0.0,0.0,0.0,0.0,0.0,0.0,0.0,0.0,0.0,0.0,0.0,0.0,0.0,0.0,0.0,0.0,0.0,0.0,0.8184028370409274,0.9544791914114714,1.0,0.8776231080027959,0.448,0.448,0.0,0.0,0.546,0.572,0.9294359018761944,0.9392436783980198,1.0,0.9800553828292302,0.448,0.448,0.0,0.0,0.572,0.546,0.8850216232658334,0.813986841799419,1.0,1.0,0.448,0.448,0.0,0.0,0.572,0.572,0.9333534800618088,0.9520894609412213,1.0,0.9967948005204424,0.3684,0.3684,0.0,0.0,0.8068186678900165,0.8777755946315059,1.0,0.9716345297385606,0.3684,0.448,0.0,0.0,0.9351966214949191,0.9428570211594516,1.0,0.8846552756746757,0.3684,0.3684,0.0,0.0,0.8251175443570573,0.928055436163472,1.0,0.8965426064248156,0.3684,0.0,0.0,0.572,0.546,0.9630853245928429,0.9445598647510304,1.0,0.9948218540173183,0.3684,0.3684,0.0,0.0,0.572,0.546,0.770431357220515,0.9444931537949905,1.0,0.8990329223394008,0.448,0.3684,0.0,0.0,0.546,0.546,0.8068968232152512,0.8543543578648919,1.0,0.8721393358860199,0.3684,0.448,0.0,0.0,0.572,0.572,0.9391386092661688,0.9227978262273387,1.0,1.0,0.448,0.3684,0.0,0.0,0.546,0.546,0.8051018802048399,0.7671989171973833,1.0,0.9496041359786442,0.0,0.572,0.546,0.8891963648699069,0.8458986344210361,1.0,1.0,0.3684,0.448,0.0,0.0,0.572,0.546,0.8173410274981482,0.8047933388121136,1.0,1.0,0.448,0.3684,0.0,0.0,0.8606144611048435,0.9202900835577918,1.0,1.0,0.3684,0.448,0.0,0.0,0.8239024217754073,0.8082187607142527,1.0,0.9184575165682791,0.3684,0.448,0.0,0.0,0.9654252315028079,0.8318514563498933,1.0,0.9970096206520315,0.448,0.3684,0.0,0.0,0.8626684178497607,0.9278277589644995,1.0,0.9234633132730959,0.448,0.3684,0.0,0.0,0.791840392803617,0.9255093403579514,1.0,0.9403960572133799,0.3684,0.3684,0.0,0.0,0.9663221578183272,0.7656614777218613,1.0,0.910365341880136,0.448,0.3684,0.0,0.0,0.9545499030928297,0.8492696972317806,1.0,1.0,0.3684,0.448,0.0,0.0,0.546,0.546,0.9691779785543294,0.7721611157438264,1.0,0.9052598023192739,0.3684,0.3684,0.0,0.0,0.9649115219993615,0.8647006438590432,1.0,1.0,0.3684,0.3684,0.0,0.0,0.572,0.572,0.8554705184070528,0.9445706480647973,1.0,0.881433535071767,0.3684,0.448,0.0,0.0,0.8250852497191473,0.8356747982521326,1.0,0.9675693733901982,0.448,0.3684,0.0,0.0,0.8982280279194269,0.8788766816941562,1.0,0.9610939368912441,0.448,0.3684,0.0,0.0,0.9518998060608864,0.7652169953262604,1.0,1.0,0.448,0.3684,0.0,0.0
,70,1.0,0.8402572429110977,0.8576357579657161,0.8651211950134761,0.9141362734369507,0.8633797188557154,0.8029243512282529,0.0,1.0,0.8774119557045622,0.4113168058243633,0.8448561121962452,0.8643671283396288,0.78805127884902,0.7436056595280742,0.8733792563089393,0.4033,0.7363549324137487,0.0,1.0,0.7660889808869203,0.44941076001065705,0.846907772746982,0.8365081937277312,0.7895717656653695,0.8633899859010735,0.8237220940935732,0.8968505923112725,1.0,0.554,0.4033,0.8200949436048244,0.0,0.7335691590265043,0.4336232975836055,0.8419498093808859,0.8716874369409013,0.8383962980426908,0.7907846573836699,0.0,0.4613590525583054,0.7759086704074173,0.8462651496089608,1.0,0.4072903200531965,0.4033,0.0,0.8344832579171091,0.40995751702611366,0.831178085295218,0.8872167564122416,0.8252015818318361,1.0,0.7940887131074141,0.0,1.0,0.8306598947383392,0.3818171074493331,0.8466240135971907,0.8140074003815227,0.8709736408202138,0.899291548546229,0.9533996545856207,0.8564773085738082,0.8841126180271338,0.3762,0.8103085980519102,0.0,1.0,0.7755256373038862,0.4247974854170934,0.7859235758728229,0.8447179848578439,0.9671645521626236,0.9231098818772765,0.8160995699197524,0.8134127268591935,0.9288026016763442,0.4033,0.7207246108945808,0.0,1.0,0.7603010105244534,0.4227235577076905,0.902180163933139,0.9084723267257659,0.9394488291009161,0.8953406384542222,0.9500598136437661,0.3762,0.8550438276712147,0.0,1.0,0.8444618307791938,0.3809771756195556,0.7938465665392981,0.9047798397774032,0.9626933444871071,0.8420037244885755,0.8587669568494755,0.9013293056638398,0.3762,0.8812073110529736,0.0,1.0,0.802739957682138,0.9617894103437913,0.7736123328668271,0.8134795710955521,0.8049834096470647,0.5474,0.8202979795138488,0.0,1.0,0.8544289925538098,0.8735670876682693,0.9109140314060721,0.9016604493495687,0.8994740339057574,0.9481962836926005,0.3762,0.8336586738619374,0.0,1.0,0.8406759628169864,0.4047545333209936,0.867060114731913,0.9357020737606733,0.9458420291916536,0.7777639640673993,0.8579191256886991,0.4033,0.8789968942838431,0.0,0.7841821520148663,0.6939463918956219,0.0,1.0,0.748293684781109,0.3834283221143491,0.8532977292449109,0.8529395486583325,0.8240791218515504,0.0,0.8158251248927815,0.42198244654162975,0.8983668171889283,0.8236125898432712,0.786442872332351,0.9253522923864403,0.8998389494009155,0.3762,0.7959872827233341,0.0,0.3762,0.0,0.7321743690682934,0.8084793602023206,0.0,1.0,0.719760337136869,0.40979373213609827,0.7357830314154634,0.8444463187042526,0.8054037585265755,0.9093173981627768,0.7604839262814848,0.7445901328636426,1.0,0.4033,0.7145727715116532,0.0,1.0,0.7894189621344462,0.40548410548569247,0.9030128294056621,0.8288481757095879,0.7944564741070254,0.8919880646155935,0.8795412021946172,0.8281718547345929,0.9086140766245114,0.4033,0.8384585477219749,0.0,0.7609726926068778,0.46895039522384885,0.8402871373856449,0.8832474260124725,0.7376330300766633,0.0,1.0,0.8334337953067061,0.37116648350871173,0.7151554299142326,0.8507921881450853,0.8267721920842789,0.7701796040443634,0.7816630176778919,0.7196020430380204,0.9419017937724813,0.554,0.8161240828190907,0.0,0.3763852988705787,0.8000184497429096,0.0,0.8570920315902903,0.0,1.0,0.3909507670106794,0.9121444561612596,0.9298091045691004,0.3762,0.8659258801784253,0.0,0.8020858963238702,0.44414551480115777,0.8964182132392009,0.7858284617496438,0.0,0.0,0.0,0.0,0.0,0.0,0.0,0.0,0.0,0.0,0.0,0.0,0.0,0.0,0.0,0.0,0.0,0.0,0.0,0.0,0.0,0.0,0.0,0.0,0.0,0.0,0.0,0.8184028370409274,0.9544791914114714,1.0,0.8776231080027959,0.4033,0.4033,0.0,0.0,0.554,0.5474,0.9294359018761944,0.9392436783980198,1.0,0.9800553828292302,0.4033,0.4033,0.0,0.0,0.5474,0.554,0.8850216232658334,0.813986841799419,1.0,1.0,0.4033,0.4033,0.0,0.0,0.5474,0.5474,0.9333534800618088,0.9520894609412213,1.0,0.9967948005204424,0.3762,0.3762,0.0,0.0,0.8068186678900165,0.8777755946315059,1.0,0.9716345297385606,0.3762,0.4033,0.0,0.0,0.9351966214949191,0.9428570211594516,1.0,0.8846552756746757,0.3762,0.3762,0.0,0.0,0.8251175443570573,0.928055436163472,1.0,0.8965426064248156,0.3762,0.0,0.0,0.5474,0.554,0.9630853245928429,0.9445598647510304,1.0,0.9948218540173183,0.3762,0.3762,0.0,0.0,0.5474,0.554,0.770431357220515,0.9444931537949905,1.0,0.8990329223394008,0.4033,0.3762,0.0,0.0,0.554,0.554,0.8068968232152512,0.8543543578648919,1.0,0.8721393358860199,0.3762,0.4033,0.0,0.0,0.5474,0.5474,0.9391386092661688,0.9227978262273387,1.0,1.0,0.4033,0.3762,0.0,0.0,0.554,0.554,0.8051018802048399,0.7671989171973833,1.0,0.9496041359786442,0.0,0.5474,0.554,0.8891963648699069,0.8458986344210361,1.0,1.0,0.3762,0.4033,0.0,0.0,0.5474,0.554,0.8173410274981482,0.8047933388121136,1.0,1.0,0.4033,0.3762,0.0,0.0,0.8606144611048435,0.9202900835577918,1.0,1.0,0.3762,0.4033,0.0,0.0,0.8239024217754073,0.8082187607142527,1.0,0.9184575165682791,0.3762,0.4033,0.0,0.0,0.9654252315028079,0.8318514563498933,1.0,0.9970096206520315,0.4033,0.3762,0.0,0.0,0.8626684178497607,0.9278277589644995,1.0,0.9234633132730959,0.4033,0.3762,0.0,0.0,0.791840392803617,0.9255093403579514,1.0,0.9403960572133799,0.3762,0.3762,0.0,0.0,0.9663221578183272,0.7656614777218613,1.0,0.910365341880136,0.4033,0.3762,0.0,0.0,0.9545499030928297,0.8492696972317806,1.0,1.0,0.3762,0.4033,0.0,0.0,0.554,0.554,0.9691779785543294,0.7721611157438264,1.0,0.9052598023192739,0.3762,0.3762,0.0,0.0,0.9649115219993615,0.8647006438590432,1.0,1.0,0.3762,0.3762,0.0,0.0,0.5474,0.5474,0.8554705184070528,0.9445706480647973,1.0,0.881433535071767,0.3762,0.4033,0.0,0.0,0.8250852497191473,0.8356747982521326,1.0,0.9675693733901982,0.4033,0.3762,0.0,0.0,0.8982280279194269,0.8788766816941562,1.0,0.9610939368912441,0.4033,0.3762,0.0,0.0,0.9518998060608864,0.7652169953262604,1.0,1.0,0.4033,0.3762,0.0,0.0
,71,1.0,0.8402572429110977,0.8576357579657161,0.8651211950134761,0.9141362734369507,0.8633797188557154,0.8029243512282529,0.0,1.0,0.8774119557045622,0.4113168058243633,0.8448561121962452,0.8643671283396288,0.78805127884902,0.7436056595280742,0.8733792563089393,0.3633,0.7363549324137487,0.0,1.0,0.7660889808869203,0.44941076001065705,0.846907772746982,0.8365081937277312,0.7895717656653695,0.8633899859010735,0.8237220940935732,0.8968505923112725,1.0,0.575,0.3633,0.8200949436048244,0.0,0.7335691590265043,0.4336232975836055,0.8419498093808859,0.8716874369409013,0.8383962980426908,0.7907846573836699,0.0,0.4613590525583054,0.7759086704074173,0.8462651496089608,1.0,0.4072903200531965,0.3633,0.0,0.8344832579171091,0.40995751702611366,0.831178085295218,0.8872167564122416,0.8252015818318361,1.0,0.7940887131074141,0.0,1.0,0.8306598947383392,0.3818171074493331,0.8466240135971907,0.8140074003815227,0.8709736408202138,0.899291548546229,0.9533996545856207,0.8564773085738082,0.8841126180271338,0.39,0.8103085980519102,0.0,1.0,0.7755256373038862,0.4247974854170934,0.7859235758728229,0.8447179848578439,0.9671645521626236,0.9231098818772765,0.8160995699197524,0.8134127268591935,0.9288026016763442,0.3633,0.7207246108945808,0.0,1.0,0.7603010105244534,0.4227235577076905,0.902180163933139,0.9084723267257659,0.9394488291009161,0.8953406384542222,0.9500598136437661,0.39,0.8550438276712147,0.0,1.0,0.8444618307791938,0.3809771756195556,0.7938465665392981,0.9047798397774032,0.9626933444871071,0.8420037244885755,0.8587669568494755,0.9013293056638398,0.39,0.8812073110529736,0.0,1.0,0.802739957682138,0.9617894103437913,0.7736123328668271,0.8134795710955521,0.8049834096470647,0.4858,0.8202979795138488,0.0,1.0,0.8544289925538098,0.8735670876682693,0.9109140314060721,0.9016604493495687,0.8994740339057574,0.9481962836926005,0.39,0.8336586738619374,0.0,1.0,0.8406759628169864,0.4047545333209936,0.867060114731913,0.9357020737606733,0.9458420291916536,0.7777639640673993,0.8579191256886991,0.3633,0.8789968942838431,0.0,0.7841821520148663,0.6939463918956219,0.0,1.0,0.748293684781109,0.3834283221143491,0.8532977292449109,0.8529395486583325,0.8240791218515504,0.0,0.8158251248927815,0.42198244654162975,0.8983668171889283,0.8236125898432712,0.786442872332351,0.9253522923864403,0.8998389494009155,0.39,0.7959872827233341,0.0,0.39,0.0,0.7321743690682934,0.8084793602023206,0.0,1.0,0.719760337136869,0.40979373213609827,0.7357830314154634,0.8444463187042526,0.8054037585265755,0.9093173981627768,0.7604839262814848,0.7445901328636426,1.0,0.3633,0.7145727715116532,0.0,1.0,0.7894189621344462,0.40548410548569247,0.9030128294056621,0.8288481757095879,0.7944564741070254,0.8919880646155935,0.8795412021946172,0.8281718547345929,0.9086140766245114,0.3633,0.8384585477219749,0.0,0.7609726926068778,0.46895039522384885,0.8402871373856449,0.8832474260124725,0.7376330300766633,0.0,1.0,0.8334337953067061,0.37116648350871173,0.7151554299142326,0.8507921881450853,0.8267721920842789,0.7701796040443634,0.7816630176778919,0.7196020430380204,0.9419017937724813,0.575,0.8161240828190907,0.0,0.3763852988705787,0.8000184497429096,0.0,0.8570920315902903,0.0,1.0,0.3909507670106794,0.9121444561612596,0.9298091045691004,0.39,0.8659258801784253,0.0,0.8020858963238702,0.44414551480115777,0.8964182132392009,0.7858284617496438,0.0,0.0,0.0,0.0,0.0,0.0,0.0,0.0,0.0,0.0,0.0,0.0,0.0,0.0,0.0,0.0,0.0,0.0,0.0,0.0,0.0,0.0,0.0,0.0,0.0,0.0,0.0,0.8184028370409274,0.9544791914114714,1.0,0.8776231080027959,0.3633,0.3633,0.0,0.0,0.575,0.4858,0.9294359018761944,0.9392436783980198,1.0,0.9800553828292302,0.3633,0.3633,0.0,0.0,0.4858,0.575,0.8850216232658334,0.813986841799419,1.0,1.0,0.3633,0.3633,0.0,0.0,0.4858,0.4858,0.9333534800618088,0.9520894609412213,1.0,0.9967948005204424,0.39,0.39,0.0,0.0,0.8068186678900165,0.8777755946315059,1.0,0.9716345297385606,0.39,0.3633,0.0,0.0,0.9351966214949191,0.9428570211594516,1.0,0.8846552756746757,0.39,0.39,0.0,0.0,0.8251175443570573,0.928055436163472,1.0,0.8965426064248156,0.39,0.0,0.0,0.4858,0.575,0.9630853245928429,0.9445598647510304,1.0,0.9948218540173183,0.39,0.39,0.0,0.0,0.4858,0.575,0.770431357220515,0.9444931537949905,1.0,0.8990329223394008,0.3633,0.39,0.0,0.0,0.575,0.575,0.8068968232152512,0.8543543578648919,1.0,0.8721393358860199,0.39,0.3633,0.0,0.0,0.4858,0.4858,0.9391386092661688,0.9227978262273387,1.0,1.0,0.3633,0.39,0.0,0.0,0.575,0.575,0.8051018802048399,0.7671989171973833,1.0,0.9496041359786442,0.0,0.4858,0.575,0.8891963648699069,0.8458986344210361,1.0,1.0,0.39,0.3633,0.0,0.0,0.4858,0.575,0.8173410274981482,0.8047933388121136,1.0,1.0,0.3633,0.39,0.0,0.0,0.8606144611048435,0.9202900835577918,1.0,1.0,0.39,0.3633,0.0,0.0,0.8239024217754073,0.8082187607142527,1.0,0.9184575165682791,0.39,0.3633,0.0,0.0,0.9654252315028079,0.8318514563498933,1.0,0.9970096206520315,0.3633,0.39,0.0,0.0,0.8626684178497607,0.9278277589644995,1.0,0.9234633132730959,0.3633,0.39,0.0,0.0,0.791840392803617,0.9255093403579514,1.0,0.9403960572133799,0.39,0.39,0.0,0.0,0.9663221578183272,0.7656614777218613,1.0,0.910365341880136,0.3633,0.39,0.0,0.0,0.9545499030928297,0.8492696972317806,1.0,1.0,0.39,0.3633,0.0,0.0,0.575,0.575,0.9691779785543294,0.7721611157438264,1.0,0.9052598023192739,0.39,0.39,0.0,0.0,0.9649115219993615,0.8647006438590432,1.0,1.0,0.39,0.39,0.0,0.0,0.4858,0.4858,0.8554705184070528,0.9445706480647973,1.0,0.881433535071767,0.39,0.3633,0.0,0.0,0.8250852497191473,0.8356747982521326,1.0,0.9675693733901982,0.3633,0.39,0.0,0.0,0.8982280279194269,0.8788766816941562,1.0,0.9610939368912441,0.3633,0.39,0.0,0.0,0.9518998060608864,0.7652169953262604,1.0,1.0,0.3633,0.39,0.0,0.0
,72,1.0,0.7672992908683746,0.607724438590239,0.7003461558400657,0.5801396147150473,0.7847048447109188,1.0,0.0,1.0,0.7059186061186509,0.36521038083053703,0.6193509939088867,0.7504539143326499,0.6657686422082381,0.8135353634412452,0.9229134784042423,0.4446,1.0,0.0,1.0,0.7956590978137797,0.3855592554525324,0.8066048875211815,0.8050400809195234,0.6014372904661405,0.6249105426913955,0.6607551080852307,0.6903486671965549,0.9341004357241487,0.7417,0.4446,0.9079745031484208,0.0,0.6980985276212373,0.4225423120767979,0.8165454402983403,0.7220694113720469,0.6534266604291311,0.8757135875659886,0.0,0.38770448548303593,0.7110344753238096,0.6747627280294313,1.0,0.36597626777411196,0.4446,0.0,0.6467905202104947,0.35047850602506625,0.7107855750153116,0.6104472184217219,0.8174592308205662,0.9329801798109256,0.9549352164554886,0.0,1.0,0.6758274964514832,0.3653450792315108,0.7796789067160443,0.6984326508787788,0.7225542057866297,0.6887361879454726,0.7751443701659296,0.7126776676717431,1.0,0.4446,1.0,0.0,1.0,0.8092010320816093,0.34218634626662414,0.6518551586757158,0.8015620008170148,0.7520400736513125,0.7025976211007812,0.5855087067941592,0.6366992791825292,1.0,0.4446,1.0,0.0,1.0,0.6869494596053927,0.4373419902563679,0.7469086316422167,0.6089903777452087,0.7805499912777778,0.7701681742084228,0.8901433280017234,0.8096,0.9197314469859337,0.0,1.0,0.6872593973992598,0.43222634414771677,0.6894196231775648,0.6315612116608079,0.6365152562447899,0.6156024468383898,0.7991717826257861,0.9610741546265391,0.8096,0.913617502480158,0.0,1.0,0.6646960101411303,0.6678965073136749,0.7254787724006668,0.7751179600607568,0.6518328590854627,0.7417,0.9490792287775549,0.0,1.0,0.7236797715272303,0.770577347276147,0.6837990391940268,0.753828301869073,0.6177734209147742,1.0,0.8096,0.9190053972783088,0.0,1.0,0.7293941531978927,0.426491821414309,0.7316057903722224,0.6866198364452528,0.7685973511175211,0.7499860934178831,0.6484273896501764,0.4446,0.9201564734945976,0.0,0.6137327344177814,0.8809927087466419,0.0,1.0,0.7200551538036133,0.40109520606419724,0.7297991591100954,0.7560948869191668,0.9792403160885339,0.0,0.7216827402390291,0.38838486779992004,0.7839939905964157,0.7397967455640458,0.6575535703556179,0.6406684921688333,0.8721221521010423,0.4446,0.882002685225313,0.0,0.8096,0.0,0.7056064482603843,0.7144786315487254,0.0,1.0,0.8242427209134155,0.36902876317922617,0.7896283636586936,0.8320014262505266,0.7507906936810493,0.7009991873027288,0.5854740714342417,0.7437260610300264,0.9568336368092356,0.8096,1.0,0.0,1.0,0.7460227523822613,0.41316961560043947,0.752131695016041,0.8095053237170342,0.7815984427146112,0.7866402078144323,0.655670274679663,0.8052731309976979,1.0,0.4446,0.977082818872034,0.0,0.6478591773407205,0.40700709148220476,0.8237193514618436,0.6244061013025117,0.8618144838778168,0.0,1.0,0.7970733059230428,0.42214845695369246,0.7068217341463319,0.6904512976959618,0.6912765613803646,0.7574089901007057,0.6285270745786009,0.66041827953755,0.8961174833580948,0.7417,0.9483431934466198,0.0,0.43790139846808523,0.71788288063537,0.0,0.8991157247496573,0.0,1.0,0.3886532012162168,0.7364542470164533,0.5765890184691438,0.4446,0.9774001922178314,0.0,0.7162134288635135,0.4324865519410417,0.7409848389403215,0.6812081819090801,0.0,0.0,0.0,0.0,0.0,0.0,0.0,0.0,0.0,0.0,0.0,0.0,0.0,0.0,0.0,0.0,0.0,0.0,0.0,0.0,0.0,0.0,0.0,0.0,0.0,0.0,0.0,0.675570151469884,0.592742687724308,1.0,1.0,0.8096,0.8096,0.0,0.0,0.412,0.412,0.7801744105205681,0.6442806795160181,1.0,1.0,0.4446,0.4446,0.0,0.0,0.412,0.412,0.6456346145588248,0.7524503614354684,1.0,1.0,0.8096,0.8096,0.0,0.0,0.7417,0.7417,0.725719440626305,0.730093959938201,1.0,0.890941720195148,0.4446,0.4446,0.0,0.0,0.6281743216949345,0.7366530999153529,1.0,0.8922325327422257,0.8096,0.4446,0.0,0.0,0.6462722570136701,0.7249932681918232,1.0,0.8953917764859095,0.4446,0.8096,0.0,0.0,0.6363625841363307,0.7149097796624355,1.0,1.0,0.8096,0.0,0.0,0.412,0.7417,0.7244168708293282,0.7586607141357217,1.0,0.9757895943807517,0.8096,0.4446,0.0,0.0,0.7417,0.7417,0.6394789581178794,0.6888613428723578,1.0,0.8973768206026066,0.4446,0.8096,0.0,0.0,0.7417,0.7417,0.7308518633400705,0.7427250776809106,1.0,0.9288912851806133,0.8096,0.4446,0.0,0.0,0.7417,0.412,0.7890724563505565,0.724725044270703,1.0,0.8981479797044117,0.4446,0.4446,0.0,0.0,0.412,0.412,0.7292130278731088,0.6041154697026001,1.0,0.9850878598023368,0.0,0.7417,0.412,0.7158032159199132,0.6797093186485069,1.0,0.8673429636304648,0.4446,0.4446,0.0,0.0,0.412,0.412,0.7556111311848281,0.6514599341298719,1.0,0.9097296962597448,0.4446,0.4446,0.0,0.0,0.6219675925080299,0.6356812633964259,1.0,1.0,0.4446,0.8096,0.0,0.0,0.6899216042149325,0.6329259018756581,1.0,1.0,0.4446,0.8096,0.0,0.0,0.6696588548226028,0.7572497263855087,1.0,1.0,0.8096,0.8096,0.0,0.0,0.699263875144887,0.7440877934163526,1.0,1.0,0.8096,0.4446,0.0,0.0,0.7793838386311043,0.6085647075493138,1.0,1.0,0.4446,0.8096,0.0,0.0,0.765003202134577,0.6738569948874721,1.0,1.0,0.8096,0.4446,0.0,0.0,0.6085761839185135,0.7446229735018269,1.0,1.0,0.8096,0.8096,0.0,0.0,0.7417,0.7417,0.6674496081608159,0.6220762674711012,1.0,1.0,0.8096,0.8096,0.0,0.0,0.7151973245255586,0.6780895917187584,1.0,0.9049466964693865,0.4446,0.4446,0.0,0.0,0.412,0.412,0.7124265626312192,0.6632369561614073,1.0,1.0,0.4446,0.8096,0.0,0.0,0.7322016700957441,0.7590770260102748,1.0,0.9077151769435385,0.4446,0.8096,0.0,0.0,0.698131744070073,0.5879486102319802,1.0,0.9363240902382741,0.8096,0.8096,0.0,0.0,0.6609340579123925,0.6643916448186256,1.0,0.9809474254799303,0.8096,0.8096,0.0,0.0
,73,1.0,0.7672992908683746,0.607724438590239,0.7003461558400657,0.5801396147150473,0.7847048447109188,1.0,0.0,1.0,0.7059186061186509,0.36521038083053703,0.6193509939088867,0.7504539143326499,0.6657686422082381,0.8135353634412452,0.9229134784042423,0.42,1.0,0.0,1.0,0.7956590978137797,0.3855592554525324,0.8066048875211815,0.8050400809195234,0.6014372904661405,0.6249105426913955,0.6607551080852307,0.6903486671965549,0.9341004357241487,0.723,0.42,0.9079745031484208,0.0,0.6980985276212373,0.4225423120767979,0.8165454402983403,0.7220694113720469,0.6534266604291311,0.8757135875659886,0.0,0.38770448548303593,0.7110344753238096,0.6747627280294313,1.0,0.36597626777411196,0.42,0.0,0.6467905202104947,0.35047850602506625,0.7107855750153116,0.6104472184217219,0.8174592308205662,0.9329801798109256,0.9549352164554886,0.0,1.0,0.6758274964514832,0.3653450792315108,0.7796789067160443,0.6984326508787788,0.7225542057866297,0.6887361879454726,0.7751443701659296,0.7126776676717431,1.0,0.42,1.0,0.0,1.0,0.8092010320816093,0.34218634626662414,0.6518551586757158,0.8015620008170148,0.7520400736513125,0.7025976211007812,0.5855087067941592,0.6366992791825292,1.0,0.42,1.0,0.0,1.0,0.6869494596053927,0.4373419902563679,0.7469086316422167,0.6089903777452087,0.7805499912777778,0.7701681742084228,0.8901433280017234,0.8135,0.9197314469859337,0.0,1.0,0.6872593973992598,0.43222634414771677,0.6894196231775648,0.6315612116608079,0.6365152562447899,0.6156024468383898,0.7991717826257861,0.9610741546265391,0.8135,0.913617502480158,0.0,1.0,0.6646960101411303,0.6678965073136749,0.7254787724006668,0.7751179600607568,0.6518328590854627,0.723,0.9490792287775549,0.0,1.0,0.7236797715272303,0.770577347276147,0.6837990391940268,0.753828301869073,0.6177734209147742,1.0,0.8135,0.9190053972783088,0.0,1.0,0.7293941531978927,0.426491821414309,0.7316057903722224,0.6866198364452528,0.7685973511175211,0.7499860934178831,0.6484273896501764,0.42,0.9201564734945976,0.0,0.6137327344177814,0.8809927087466419,0.0,1.0,0.7200551538036133,0.40109520606419724,0.7297991591100954,0.7560948869191668,0.9792403160885339,0.0,0.7216827402390291,0.38838486779992004,0.7839939905964157,0.7397967455640458,0.6575535703556179,0.6406684921688333,0.8721221521010423,0.42,0.882002685225313,0.0,0.8135,0.0,0.7056064482603843,0.7144786315487254,0.0,1.0,0.8242427209134155,0.36902876317922617,0.7896283636586936,0.8320014262505266,0.7507906936810493,0.7009991873027288,0.5854740714342417,0.7437260610300264,0.9568336368092356,0.8135,1.0,0.0,1.0,0.7460227523822613,0.41316961560043947,0.752131695016041,0.8095053237170342,0.7815984427146112,0.7866402078144323,0.655670274679663,0.8052731309976979,1.0,0.42,0.977082818872034,0.0,0.6478591773407205,0.40700709148220476,0.8237193514618436,0.6244061013025117,0.8618144838778168,0.0,1.0,0.7970733059230428,0.42214845695369246,0.7068217341463319,0.6904512976959618,0.6912765613803646,0.7574089901007057,0.6285270745786009,0.66041827953755,0.8961174833580948,0.723,0.9483431934466198,0.0,0.43790139846808523,0.71788288063537,0.0,0.8991157247496573,0.0,1.0,0.3886532012162168,0.7364542470164533,0.5765890184691438,0.42,0.9774001922178314,0.0,0.7162134288635135,0.4324865519410417,0.7409848389403215,0.6812081819090801,0.0,0.0,0.0,0.0,0.0,0.0,0.0,0.0,0.0,0.0,0.0,0.0,0.0,0.0,0.0,0.0,0.0,0.0,0.0,0.0,0.0,0.0,0.0,0.0,0.0,0.0,0.0,0.675570151469884,0.592742687724308,1.0,1.0,0.8135,0.8135,0.0,0.0,0.407,0.407,0.7801744105205681,0.6442806795160181,1.0,1.0,0.42,0.42,0.0,0.0,0.407,0.407,0.6456346145588248,0.7524503614354684,1.0,1.0,0.8135,0.8135,0.0,0.0,0.723,0.723,0.725719440626305,0.730093959938201,1.0,0.890941720195148,0.42,0.42,0.0,0.0,0.6281743216949345,0.7366530999153529,1.0,0.8922325327422257,0.8135,0.42,0.0,0.0,0.6462722570136701,0.7249932681918232,1.0,0.8953917764859095,0.42,0.8135,0.0,0.0,0.6363625841363307,0.7149097796624355,1.0,1.0,0.8135,0.0,0.0,0.407,0.723,0.7244168708293282,0.7586607141357217,1.0,0.9757895943807517,0.8135,0.42,0.0,0.0,0.723,0.723,0.6394789581178794,0.6888613428723578,1.0,0.8973768206026066,0.42,0.8135,0.0,0.0,0.723,0.723,0.7308518633400705,0.7427250776809106,1.0,0.9288912851806133,0.8135,0.42,0.0,0.0,0.723,0.407,0.7890724563505565,0.724725044270703,1.0,0.8981479797044117,0.42,0.42,0.0,0.0,0.407,0.407,0.7292130278731088,0.6041154697026001,1.0,0.9850878598023368,0.0,0.723,0.407,0.7158032159199132,0.6797093186485069,1.0,0.8673429636304648,0.42,0.42,0.0,0.0,0.407,0.407,0.7556111311848281,0.6514599341298719,1.0,0.9097296962597448,0.42,0.42,0.0,0.0,0.6219675925080299,0.6356812633964259,1.0,1.0,0.42,0.8135,0.0,0.0,0.6899216042149325,0.6329259018756581,1.0,1.0,0.42,0.8135,0.0,0.0,0.6696588548226028,0.7572497263855087,1.0,1.0,0.8135,0.8135,0.0,0.0,0.699263875144887,0.7440877934163526,1.0,1.0,0.8135,0.42,0.0,0.0,0.7793838386311043,0.6085647075493138,1.0,1.0,0.42,0.8135,0.0,0.0,0.765003202134577,0.6738569948874721,1.0,1.0,0.8135,0.42,0.0,0.0,0.6085761839185135,0.7446229735018269,1.0,1.0,0.8135,0.8135,0.0,0.0,0.723,0.723,0.6674496081608159,0.6220762674711012,1.0,1.0,0.8135,0.8135,0.0,0.0,0.7151973245255586,0.6780895917187584,1.0,0.9049466964693865,0.42,0.42,0.0,0.0,0.407,0.407,0.7124265626312192,0.6632369561614073,1.0,1.0,0.42,0.8135,0.0,0.0,0.7322016700957441,0.7590770260102748,1.0,0.9077151769435385,0.42,0.8135,0.0,0.0,0.698131744070073,0.5879486102319802,1.0,0.9363240902382741,0.8135,0.8135,0.0,0.0,0.6609340579123925,0.6643916448186256,1.0,0.9809474254799303,0.8135,0.8135,0.0,0.0
,74,1.0,0.7672992908683746,0.607724438590239,0.7003461558400657,0.5801396147150473,0.7847048447109188,1.0,0.0,1.0,0.7059186061186509,0.36521038083053703,0.6193509939088867,0.7504539143326499,0.6657686422082381,0.8135353634412452,0.9229134784042423,0.4016,1.0,0.0,1.0,0.7956590978137797,0.3855592554525324,0.8066048875211815,0.8050400809195234,0.6014372904661405,0.6249105426913955,0.6607551080852307,0.6903486671965549,0.9341004357241487,0.7256,0.4016,0.9079745031484208,0.0,0.6980985276212373,0.4225423120767979,0.8165454402983403,0.7220694113720469,0.6534266604291311,0.8757135875659886,0.0,0.38770448548303593,0.7110344753238096,0.6747627280294313,1.0,0.36597626777411196,0.4016,0.0,0.6467905202104947,0.35047850602506625,0.7107855750153116,0.6104472184217219,0.8174592308205662,0.9329801798109256,0.9549352164554886,0.0,1.0,0.6758274964514832,0.3653450792315108,0.7796789067160443,0.6984326508787788,0.7225542057866297,0.6887361879454726,0.7751443701659296,0.7126776676717431,1.0,0.4016,1.0,0.0,1.0,0.8092010320816093,0.34218634626662414,0.6518551586757158,0.8015620008170148,0.7520400736513125,0.7025976211007812,0.5855087067941592,0.6366992791825292,1.0,0.4016,1.0,0.0,1.0,0.6869494596053927,0.4373419902563679,0.7469086316422167,0.6089903777452087,0.7805499912777778,0.7701681742084228,0.8901433280017234,0.812,0.9197314469859337,0.0,1.0,0.6872593973992598,0.43222634414771677,0.6894196231775648,0.6315612116608079,0.6365152562447899,0.6156024468383898,0.7991717826257861,0.9610741546265391,0.812,0.913617502480158,0.0,1.0,0.6646960101411303,0.6678965073136749,0.7254787724006668,0.7751179600607568,0.6518328590854627,0.7256,0.9490792287775549,0.0,1.0,0.7236797715272303,0.770577347276147,0.6837990391940268,0.753828301869073,0.6177734209147742,1.0,0.812,0.9190053972783088,0.0,1.0,0.7293941531978927,0.426491821414309,0.7316057903722224,0.6866198364452528,0.7685973511175211,0.7499860934178831,0.6484273896501764,0.4016,0.9201564734945976,0.0,0.6137327344177814,0.8809927087466419,0.0,1.0,0.7200551538036133,0.40109520606419724,0.7297991591100954,0.7560948869191668,0.9792403160885339,0.0,0.7216827402390291,0.38838486779992004,0.7839939905964157,0.7397967455640458,0.6575535703556179,0.6406684921688333,0.8721221521010423,0.4016,0.882002685225313,0.0,0.812,0.0,0.7056064482603843,0.7144786315487254,0.0,1.0,0.8242427209134155,0.36902876317922617,0.7896283636586936,0.8320014262505266,0.7507906936810493,0.7009991873027288,0.5854740714342417,0.7437260610300264,0.9568336368092356,0.812,1.0,0.0,1.0,0.7460227523822613,0.41316961560043947,0.752131695016041,0.8095053237170342,0.7815984427146112,0.7866402078144323,0.655670274679663,0.8052731309976979,1.0,0.4016,0.977082818872034,0.0,0.6478591773407205,0.40700709148220476,0.8237193514618436,0.6244061013025117,0.8618144838778168,0.0,1.0,0.7970733059230428,0.42214845695369246,0.7068217341463319,0.6904512976959618,0.6912765613803646,0.7574089901007057,0.6285270745786009,0.66041827953755,0.8961174833580948,0.7256,0.9483431934466198,0.0,0.43790139846808523,0.71788288063537,0.0,0.8991157247496573,0.0,1.0,0.3886532012162168,0.7364542470164533,0.5765890184691438,0.4016,0.9774001922178314,0.0,0.7162134288635135,0.4324865519410417,0.7409848389403215,0.6812081819090801,0.0,0.0,0.0,0.0,0.0,0.0,0.0,0.0,0.0,0.0,0.0,0.0,0.0,0.0,0.0,0.0,0.0,0.0,0.0,0.0,0.0,0.0,0.0,0.0,0.0,0.0,0.0,0.675570151469884,0.592742687724308,1.0,1.0,0.812,0.812,0.0,0.0,0.4133,0.4133,0.7801744105205681,0.6442806795160181,1.0,1.0,0.4016,0.4016,0.0,0.0,0.4133,0.4133,0.6456346145588248,0.7524503614354684,1.0,1.0,0.812,0.812,0.0,0.0,0.7256,0.7256,0.725719440626305,0.730093959938201,1.0,0.890941720195148,0.4016,0.4016,0.0,0.0,0.6281743216949345,0.7366530999153529,1.0,0.8922325327422257,0.812,0.4016,0.0,0.0,0.6462722570136701,0.7249932681918232,1.0,0.8953917764859095,0.4016,0.812,0.0,0.0,0.6363625841363307,0.7149097796624355,1.0,1.0,0.812,0.0,0.0,0.4133,0.7256,0.7244168708293282,0.7586607141357217,1.0,0.9757895943807517,0.812,0.4016,0.0,0.0,0.7256,0.7256,0.6394789581178794,0.6888613428723578,1.0,0.8973768206026066,0.4016,0.812,0.0,0.0,0.7256,0.7256,0.7308518633400705,0.7427250776809106,1.0,0.9288912851806133,0.812,0.4016,0.0,0.0,0.7256,0.4133,0.7890724563505565,0.724725044270703,1.0,0.8981479797044117,0.4016,0.4016,0.0,0.0,0.4133,0.4133,0.7292130278731088,0.6041154697026001,1.0,0.9850878598023368,0.0,0.7256,0.4133,0.7158032159199132,0.6797093186485069,1.0,0.8673429636304648,0.4016,0.4016,0.0,0.0,0.4133,0.4133,0.7556111311848281,0.6514599341298719,1.0,0.9097296962597448,0.4016,0.4016,0.0,0.0,0.6219675925080299,0.6356812633964259,1.0,1.0,0.4016,0.812,0.0,0.0,0.6899216042149325,0.6329259018756581,1.0,1.0,0.4016,0.812,0.0,0.0,0.6696588548226028,0.7572497263855087,1.0,1.0,0.812,0.812,0.0,0.0,0.699263875144887,0.7440877934163526,1.0,1.0,0.812,0.4016,0.0,0.0,0.7793838386311043,0.6085647075493138,1.0,1.0,0.4016,0.812,0.0,0.0,0.765003202134577,0.6738569948874721,1.0,1.0,0.812,0.4016,0.0,0.0,0.6085761839185135,0.7446229735018269,1.0,1.0,0.812,0.812,0.0,0.0,0.7256,0.7256,0.6674496081608159,0.6220762674711012,1.0,1.0,0.812,0.812,0.0,0.0,0.7151973245255586,0.6780895917187584,1.0,0.9049466964693865,0.4016,0.4016,0.0,0.0,0.4133,0.4133,0.7124265626312192,0.6632369561614073,1.0,1.0,0.4016,0.812,0.0,0.0,0.7322016700957441,0.7590770260102748,1.0,0.9077151769435385,0.4016,0.812,0.0,0.0,0.698131744070073,0.5879486102319802,1.0,0.9363240902382741,0.812,0.812,0.0,0.0,0.6609340579123925,0.6643916448186256,1.0,0.9809474254799303,0.812,0.812,0.0,0.0
,75,1.0,0.7672992908683746,0.607724438590239,0.7003461558400657,0.5801396147150473,0.7847048447109188,1.0,0.0,1.0,0.7059186061186509,0.36521038083053703,0.6193509939088867,0.7504539143326499,0.6657686422082381,0.8135353634412452,0.9229134784042423,0.3923,1.0,0.0,1.0,0.7956590978137797,0.3855592554525324,0.8066048875211815,0.8050400809195234,0.6014372904661405,0.6249105426913955,0.6607551080852307,0.6903486671965549,0.9341004357241487,0.7134,0.3923,0.9079745031484208,0.0,0.6980985276212373,0.4225423120767979,0.8165454402983403,0.7220694113720469,0.6534266604291311,0.8757135875659886,0.0,0.38770448548303593,0.7110344753238096,0.6747627280294313,1.0,0.36597626777411196,0.3923,0.0,0.6467905202104947,0.35047850602506625,0.7107855750153116,0.6104472184217219,0.8174592308205662,0.9329801798109256,0.9549352164554886,0.0,1.0,0.6758274964514832,0.3653450792315108,0.7796789067160443,0.6984326508787788,0.7225542057866297,0.6887361879454726,0.7751443701659296,0.7126776676717431,1.0,0.3923,1.0,0.0,1.0,0.8092010320816093,0.34218634626662414,0.6518551586757158,0.8015620008170148,0.7520400736513125,0.7025976211007812,0.5855087067941592,0.6366992791825292,1.0,0.3923,1.0,0.0,1.0,0.6869494596053927,0.4373419902563679,0.7469086316422167,0.6089903777452087,0.7805499912777778,0.7701681742084228,0.8901433280017234,0.801,0.9197314469859337,0.0,1.0,0.6872593973992598,0.43222634414771677,0.6894196231775648,0.6315612116608079,0.6365152562447899,0.6156024468383898,0.7991717826257861,0.9610741546265391,0.801,0.913617502480158,0.0,1.0,0.6646960101411303,0.6678965073136749,0.7254787724006668,0.7751179600607568,0.6518328590854627,0.7134,0.9490792287775549,0.0,1.0,0.7236797715272303,0.770577347276147,0.6837990391940268,0.753828301869073,0.6177734209147742,1.0,0.801,0.9190053972783088,0.0,1.0,0.7293941531978927,0.426491821414309,0.7316057903722224,0.6866198364452528,0.7685973511175211,0.7499860934178831,0.6484273896501764,0.3923,0.9201564734945976,0.0,0.6137327344177814,0.8809927087466419,0.0,1.0,0.7200551538036133,0.40109520606419724,0.7297991591100954,0.7560948869191668,0.9792403160885339,0.0,0.7216827402390291,0.38838486779992004,0.7839939905964157,0.7397967455640458,0.6575535703556179,0.6406684921688333,0.8721221521010423,0.3923,0.882002685225313,0.0,0.801,0.0,0.7056064482603843,0.7144786315487254,0.0,1.0,0.8242427209134155,0.36902876317922617,0.7896283636586936,0.8320014262505266,0.7507906936810493,0.7009991873027288,0.5854740714342417,0.7437260610300264,0.9568336368092356,0.801,1.0,0.0,1.0,0.7460227523822613,0.41316961560043947,0.752131695016041,0.8095053237170342,0.7815984427146112,0.7866402078144323,0.655670274679663,0.8052731309976979,1.0,0.3923,0.977082818872034,0.0,0.6478591773407205,0.40700709148220476,0.8237193514618436,0.6244061013025117,0.8618144838778168,0.0,1.0,0.7970733059230428,0.42214845695369246,0.7068217341463319,0.6904512976959618,0.6912765613803646,0.7574089901007057,0.6285270745786009,0.66041827953755,0.8961174833580948,0.7134,0.9483431934466198,0.0,0.43790139846808523,0.71788288063537,0.0,0.8991157247496573,0.0,1.0,0.3886532012162168,0.7364542470164533,0.5765890184691438,0.3923,0.9774001922178314,0.0,0.7162134288635135,0.4324865519410417,0.7409848389403215,0.6812081819090801,0.0,0.0,0.0,0.0,0.0,0.0,0.0,0.0,0.0,0.0,0.0,0.0,0.0,0.0,0.0,0.0,0.0,0.0,0.0,0.0,0.0,0.0,0.0,0.0,0.0,0.0,0.0,0.675570151469884,0.592742687724308,1.0,1.0,0.801,0.801,0.0,0.0,0.4453,0.4453,0.7801744105205681,0.6442806795160181,1.0,1.0,0.3923,0.3923,0.0,0.0,0.4453,0.4453,0.6456346145588248,0.7524503614354684,1.0,1.0,0.801,0.801,0.0,0.0,0.7134,0.7134,0.725719440626305,0.730093959938201,1.0,0.890941720195148,0.3923,0.3923,0.0,0.0,0.6281743216949345,0.7366530999153529,1.0,0.8922325327422257,0.801,0.3923,0.0,0.0,0.6462722570136701,0.7249932681918232,1.0,0.8953917764859095,0.3923,0.801,0.0,0.0,0.6363625841363307,0.7149097796624355,1.0,1.0,0.801,0.0,0.0,0.4453,0.7134,0.7244168708293282,0.7586607141357217,1.0,0.9757895943807517,0.801,0.3923,0.0,0.0,0.7134,0.7134,0.6394789581178794,0.6888613428723578,1.0,0.8973768206026066,0.3923,0.801,0.0,0.0,0.7134,0.7134,0.7308518633400705,0.7427250776809106,1.0,0.9288912851806133,0.801,0.3923,0.0,0.0,0.7134,0.4453,0.7890724563505565,0.724725044270703,1.0,0.8981479797044117,0.3923,0.3923,0.0,0.0,0.4453,0.4453,0.7292130278731088,0.6041154697026001,1.0,0.9850878598023368,0.0,0.7134,0.4453,0.7158032159199132,0.6797093186485069,1.0,0.8673429636304648,0.3923,0.3923,0.0,0.0,0.4453,0.4453,0.7556111311848281,0.6514599341298719,1.0,0.9097296962597448,0.3923,0.3923,0.0,0.0,0.6219675925080299,0.6356812633964259,1.0,1.0,0.3923,0.801,0.0,0.0,0.6899216042149325,0.6329259018756581,1.0,1.0,0.3923,0.801,0.0,0.0,0.6696588548226028,0.7572497263855087,1.0,1.0,0.801,0.801,0.0,0.0,0.699263875144887,0.7440877934163526,1.0,1.0,0.801,0.3923,0.0,0.0,0.7793838386311043,0.6085647075493138,1.0,1.0,0.3923,0.801,0.0,0.0,0.765003202134577,0.6738569948874721,1.0,1.0,0.801,0.3923,0.0,0.0,0.6085761839185135,0.7446229735018269,1.0,1.0,0.801,0.801,0.0,0.0,0.7134,0.7134,0.6674496081608159,0.6220762674711012,1.0,1.0,0.801,0.801,0.0,0.0,0.7151973245255586,0.6780895917187584,1.0,0.9049466964693865,0.3923,0.3923,0.0,0.0,0.4453,0.4453,0.7124265626312192,0.6632369561614073,1.0,1.0,0.3923,0.801,0.0,0.0,0.7322016700957441,0.7590770260102748,1.0,0.9077151769435385,0.3923,0.801,0.0,0.0,0.698131744070073,0.5879486102319802,1.0,0.9363240902382741,0.801,0.801,0.0,0.0,0.6609340579123925,0.6643916448186256,1.0,0.9809474254799303,0.801,0.801,0.0,0.0
,76,1.0,0.7672992908683746,0.607724438590239,0.7003461558400657,0.5801396147150473,0.7847048447109188,1.0,0.0,1.0,0.7059186061186509,0.36521038083053703,0.6193509939088867,0.7504539143326499,0.6657686422082381,0.8135353634412452,0.9229134784042423,0.384,1.0,0.0,1.0,0.7956590978137797,0.3855592554525324,0.8066048875211815,0.8050400809195234,0.6014372904661405,0.6249105426913955,0.6607551080852307,0.6903486671965549,0.9341004357241487,0.702,0.384,0.9079745031484208,0.0,0.6980985276212373,0.4225423120767979,0.8165454402983403,0.7220694113720469,0.6534266604291311,0.8757135875659886,0.0,0.38770448548303593,0.7110344753238096,0.6747627280294313,1.0,0.36597626777411196,0.384,0.0,0.6467905202104947,0.35047850602506625,0.7107855750153116,0.6104472184217219,0.8174592308205662,0.9329801798109256,0.9549352164554886,0.0,1.0,0.6758274964514832,0.3653450792315108,0.7796789067160443,0.6984326508787788,0.7225542057866297,0.6887361879454726,0.7751443701659296,0.7126776676717431,1.0,0.384,1.0,0.0,1.0,0.8092010320816093,0.34218634626662414,0.6518551586757158,0.8015620008170148,0.7520400736513125,0.7025976211007812,0.5855087067941592,0.6366992791825292,1.0,0.384,1.0,0.0,1.0,0.6869494596053927,0.4373419902563679,0.7469086316422167,0.6089903777452087,0.7805499912777778,0.7701681742084228,0.8901433280017234,0.7793,0.9197314469859337,0.0,1.0,0.6872593973992598,0.43222634414771677,0.6894196231775648,0.6315612116608079,0.6365152562447899,0.6156024468383898,0.7991717826257861,0.9610741546265391,0.7793,0.913617502480158,0.0,1.0,0.6646960101411303,0.6678965073136749,0.7254787724006668,0.7751179600607568,0.6518328590854627,0.702,0.9490792287775549,0.0,1.0,0.7236797715272303,0.770577347276147,0.6837990391940268,0.753828301869073,0.6177734209147742,1.0,0.7793,0.9190053972783088,0.0,1.0,0.7293941531978927,0.426491821414309,0.7316057903722224,0.6866198364452528,0.7685973511175211,0.7499860934178831,0.6484273896501764,0.384,0.9201564734945976,0.0,0.6137327344177814,0.8809927087466419,0.0,1.0,0.7200551538036133,0.40109520606419724,0.7297991591100954,0.7560948869191668,0.9792403160885339,0.0,0.7216827402390291,0.38838486779992004,0.7839939905964157,0.7397967455640458,0.6575535703556179,0.6406684921688333,0.8721221521010423,0.384,0.882002685225313,0.0,0.7793,0.0,0.7056064482603843,0.7144786315487254,0.0,1.0,0.8242427209134155,0.36902876317922617,0.7896283636586936,0.8320014262505266,0.7507906936810493,0.7009991873027288,0.5854740714342417,0.7437260610300264,0.9568336368092356,0.7793,1.0,0.0,1.0,0.7460227523822613,0.41316961560043947,0.752131695016041,0.8095053237170342,0.7815984427146112,0.7866402078144323,0.655670274679663,0.8052731309976979,1.0,0.384,0.977082818872034,0.0,0.6478591773407205,0.40700709148220476,0.8237193514618436,0.6244061013025117,0.8618144838778168,0.0,1.0,0.7970733059230428,0.42214845695369246,0.7068217341463319,0.6904512976959618,0.6912765613803646,0.7574089901007057,0.6285270745786009,0.66041827953755,0.8961174833580948,0.702,0.9483431934466198,0.0,0.43790139846808523,0.71788288063537,0.0,0.8991157247496573,0.0,1.0,0.3886532012162168,0.7364542470164533,0.5765890184691438,0.384,0.9774001922178314,0.0,0.7162134288635135,0.4324865519410417,0.7409848389403215,0.6812081819090801,0.0,0.0,0.0,0.0,0.0,0.0,0.0,0.0,0.0,0.0,0.0,0.0,0.0,0.0,0.0,0.0,0.0,0.0,0.0,0.0,0.0,0.0,0.0,0.0,0.0,0.0,0.0,0.675570151469884,0.592742687724308,1.0,1.0,0.7793,0.7793,0.0,0.0,0.4714,0.4714,0.7801744105205681,0.6442806795160181,1.0,1.0,0.384,0.384,0.0,0.0,0.4714,0.4714,0.6456346145588248,0.7524503614354684,1.0,1.0,0.7793,0.7793,0.0,0.0,0.702,0.702,0.725719440626305,0.730093959938201,1.0,0.890941720195148,0.384,0.384,0.0,0.0,0.6281743216949345,0.7366530999153529,1.0,0.8922325327422257,0.7793,0.384,0.0,0.0,0.6462722570136701,0.7249932681918232,1.0,0.8953917764859095,0.384,0.7793,0.0,0.0,0.6363625841363307,0.7149097796624355,1.0,1.0,0.7793,0.0,0.0,0.4714,0.702,0.7244168708293282,0.7586607141357217,1.0,0.9757895943807517,0.7793,0.384,0.0,0.0,0.702,0.702,0.6394789581178794,0.6888613428723578,1.0,0.8973768206026066,0.384,0.7793,0.0,0.0,0.702,0.702,0.7308518633400705,0.7427250776809106,1.0,0.9288912851806133,0.7793,0.384,0.0,0.0,0.702,0.4714,0.7890724563505565,0.724725044270703,1.0,0.8981479797044117,0.384,0.384,0.0,0.0,0.4714,0.4714,0.7292130278731088,0.6041154697026001,1.0,0.9850878598023368,0.0,0.702,0.4714,0.7158032159199132,0.6797093186485069,1.0,0.8673429636304648,0.384,0.384,0.0,0.0,0.4714,0.4714,0.7556111311848281,0.6514599341298719,1.0,0.9097296962597448,0.384,0.384,0.0,0.0,0.6219675925080299,0.6356812633964259,1.0,1.0,0.384,0.7793,0.0,0.0,0.6899216042149325,0.6329259018756581,1.0,1.0,0.384,0.7793,0.0,0.0,0.6696588548226028,0.7572497263855087,1.0,1.0,0.7793,0.7793,0.0,0.0,0.699263875144887,0.7440877934163526,1.0,1.0,0.7793,0.384,0.0,0.0,0.7793838386311043,0.6085647075493138,1.0,1.0,0.384,0.7793,0.0,0.0,0.765003202134577,0.6738569948874721,1.0,1.0,0.7793,0.384,0.0,0.0,0.6085761839185135,0.7446229735018269,1.0,1.0,0.7793,0.7793,0.0,0.0,0.702,0.702,0.6674496081608159,0.6220762674711012,1.0,1.0,0.7793,0.7793,0.0,0.0,0.7151973245255586,0.6780895917187584,1.0,0.9049466964693865,0.384,0.384,0.0,0.0,0.4714,0.4714,0.7124265626312192,0.6632369561614073,1.0,1.0,0.384,0.7793,0.0,0.0,0.7322016700957441,0.7590770260102748,1.0,0.9077151769435385,0.384,0.7793,0.0,0.0,0.698131744070073,0.5879486102319802,1.0,0.9363240902382741,0.7793,0.7793,0.0,0.0,0.6609340579123925,0.6643916448186256,1.0,0.9809474254799303,0.7793,0.7793,0.0,0.0
,77,1.0,0.7672992908683746,0.607724438590239,0.7003461558400657,0.5801396147150473,0.7847048447109188,1.0,0.0,1.0,0.7059186061186509,0.36521038083053703,0.6193509939088867,0.7504539143326499,0.6657686422082381,0.8135353634412452,0.9229134784042423,0.3752,1.0,0.0,1.0,0.7956590978137797,0.3855592554525324,0.8066048875211815,0.8050400809195234,0.6014372904661405,0.6249105426913955,0.6607551080852307,0.6903486671965549,0.9341004357241487,0.699,0.3752,0.9079745031484208,0.0,0.6980985276212373,0.4225423120767979,0.8165454402983403,0.7220694113720469,0.6534266604291311,0.8757135875659886,0.0,0.38770448548303593,0.7110344753238096,0.6747627280294313,1.0,0.36597626777411196,0.3752,0.0,0.6467905202104947,0.35047850602506625,0.7107855750153116,0.6104472184217219,0.8174592308205662,0.9329801798109256,0.9549352164554886,0.0,1.0,0.6758274964514832,0.3653450792315108,0.7796789067160443,0.6984326508787788,0.7225542057866297,0.6887361879454726,0.7751443701659296,0.7126776676717431,1.0,0.3752,1.0,0.0,1.0,0.8092010320816093,0.34218634626662414,0.6518551586757158,0.8015620008170148,0.7520400736513125,0.7025976211007812,0.5855087067941592,0.6366992791825292,1.0,0.3752,1.0,0.0,1.0,0.6869494596053927,0.4373419902563679,0.7469086316422167,0.6089903777452087,0.7805499912777778,0.7701681742084228,0.8901433280017234,0.7573,0.9197314469859337,0.0,1.0,0.6872593973992598,0.43222634414771677,0.6894196231775648,0.6315612116608079,0.6365152562447899,0.6156024468383898,0.7991717826257861,0.9610741546265391,0.7573,0.913617502480158,0.0,1.0,0.6646960101411303,0.6678965073136749,0.7254787724006668,0.7751179600607568,0.6518328590854627,0.699,0.9490792287775549,0.0,1.0,0.7236797715272303,0.770577347276147,0.6837990391940268,0.753828301869073,0.6177734209147742,1.0,0.7573,0.9190053972783088,0.0,1.0,0.7293941531978927,0.426491821414309,0.7316057903722224,0.6866198364452528,0.7685973511175211,0.7499860934178831,0.6484273896501764,0.3752,0.9201564734945976,0.0,0.6137327344177814,0.8809927087466419,0.0,1.0,0.7200551538036133,0.40109520606419724,0.7297991591100954,0.7560948869191668,0.9792403160885339,0.0,0.7216827402390291,0.38838486779992004,0.7839939905964157,0.7397967455640458,0.6575535703556179,0.6406684921688333,0.8721221521010423,0.3752,0.882002685225313,0.0,0.7573,0.0,0.7056064482603843,0.7144786315487254,0.0,1.0,0.8242427209134155,0.36902876317922617,0.7896283636586936,0.8320014262505266,0.7507906936810493,0.7009991873027288,0.5854740714342417,0.7437260610300264,0.9568336368092356,0.7573,1.0,0.0,1.0,0.7460227523822613,0.41316961560043947,0.752131695016041,0.8095053237170342,0.7815984427146112,0.7866402078144323,0.655670274679663,0.8052731309976979,1.0,0.3752,0.977082818872034,0.0,0.6478591773407205,0.40700709148220476,0.8237193514618436,0.6244061013025117,0.8618144838778168,0.0,1.0,0.7970733059230428,0.42214845695369246,0.7068217341463319,0.6904512976959618,0.6912765613803646,0.7574089901007057,0.6285270745786009,0.66041827953755,0.8961174833580948,0.699,0.9483431934466198,0.0,0.43790139846808523,0.71788288063537,0.0,0.8991157247496573,0.0,1.0,0.3886532012162168,0.7364542470164533,0.5765890184691438,0.3752,0.9774001922178314,0.0,0.7162134288635135,0.4324865519410417,0.7409848389403215,0.6812081819090801,0.0,0.0,0.0,0.0,0.0,0.0,0.0,0.0,0.0,0.0,0.0,0.0,0.0,0.0,0.0,0.0,0.0,0.0,0.0,0.0,0.0,0.0,0.0,0.0,0.0,0.0,0.0,0.675570151469884,0.592742687724308,1.0,1.0,0.7573,0.7573,0.0,0.0,0.4856,0.4856,0.7801744105205681,0.6442806795160181,1.0,1.0,0.3752,0.3752,0.0,0.0,0.4856,0.4856,0.6456346145588248,0.7524503614354684,1.0,1.0,0.7573,0.7573,0.0,0.0,0.699,0.699,0.725719440626305,0.730093959938201,1.0,0.890941720195148,0.3752,0.3752,0.0,0.0,0.6281743216949345,0.7366530999153529,1.0,0.8922325327422257,0.7573,0.3752,0.0,0.0,0.6462722570136701,0.7249932681918232,1.0,0.8953917764859095,0.3752,0.7573,0.0,0.0,0.6363625841363307,0.7149097796624355,1.0,1.0,0.7573,0.0,0.0,0.4856,0.699,0.7244168708293282,0.7586607141357217,1.0,0.9757895943807517,0.7573,0.3752,0.0,0.0,0.699,0.699,0.6394789581178794,0.6888613428723578,1.0,0.8973768206026066,0.3752,0.7573,0.0,0.0,0.699,0.699,0.7308518633400705,0.7427250776809106,1.0,0.9288912851806133,0.7573,0.3752,0.0,0.0,0.699,0.4856,0.7890724563505565,0.724725044270703,1.0,0.8981479797044117,0.3752,0.3752,0.0,0.0,0.4856,0.4856,0.7292130278731088,0.6041154697026001,1.0,0.9850878598023368,0.0,0.699,0.4856,0.7158032159199132,0.6797093186485069,1.0,0.8673429636304648,0.3752,0.3752,0.0,0.0,0.4856,0.4856,0.7556111311848281,0.6514599341298719,1.0,0.9097296962597448,0.3752,0.3752,0.0,0.0,0.6219675925080299,0.6356812633964259,1.0,1.0,0.3752,0.7573,0.0,0.0,0.6899216042149325,0.6329259018756581,1.0,1.0,0.3752,0.7573,0.0,0.0,0.6696588548226028,0.7572497263855087,1.0,1.0,0.7573,0.7573,0.0,0.0,0.699263875144887,0.7440877934163526,1.0,1.0,0.7573,0.3752,0.0,0.0,0.7793838386311043,0.6085647075493138,1.0,1.0,0.3752,0.7573,0.0,0.0,0.765003202134577,0.6738569948874721,1.0,1.0,0.7573,0.3752,0.0,0.0,0.6085761839185135,0.7446229735018269,1.0,1.0,0.7573,0.7573,0.0,0.0,0.699,0.699,0.6674496081608159,0.6220762674711012,1.0,1.0,0.7573,0.7573,0.0,0.0,0.7151973245255586,0.6780895917187584,1.0,0.9049466964693865,0.3752,0.3752,0.0,0.0,0.4856,0.4856,0.7124265626312192,0.6632369561614073,1.0,1.0,0.3752,0.7573,0.0,0.0,0.7322016700957441,0.7590770260102748,1.0,0.9077151769435385,0.3752,0.7573,0.0,0.0,0.698131744070073,0.5879486102319802,1.0,0.9363240902382741,0.7573,0.7573,0.0,0.0,0.6609340579123925,0.6643916448186256,1.0,0.9809474254799303,0.7573,0.7573,0.0,0.0
,78,1.0,0.7672992908683746,0.607724438590239,0.7003461558400657,0.5801396147150473,0.7847048447109188,1.0,0.0,1.0,0.7059186061186509,0.36521038083053703,0.6193509939088867,0.7504539143326499,0.6657686422082381,0.8135353634412452,0.9229134784042423,0.3691,1.0,0.0,1.0,0.7956590978137797,0.3855592554525324,0.8066048875211815,0.8050400809195234,0.6014372904661405,0.6249105426913955,0.6607551080852307,0.6903486671965549,0.9341004357241487,0.695,0.3691,0.9079745031484208,0.0,0.6980985276212373,0.4225423120767979,0.8165454402983403,0.7220694113720469,0.6534266604291311,0.8757135875659886,0.0,0.38770448548303593,0.7110344753238096,0.6747627280294313,1.0,0.36597626777411196,0.3691,0.0,0.6467905202104947,0.35047850602506625,0.7107855750153116,0.6104472184217219,0.8174592308205662,0.9329801798109256,0.9549352164554886,0.0,1.0,0.6758274964514832,0.3653450792315108,0.7796789067160443,0.6984326508787788,0.7225542057866297,0.6887361879454726,0.7751443701659296,0.7126776676717431,1.0,0.3691,1.0,0.0,1.0,0.8092010320816093,0.34218634626662414,0.6518551586757158,0.8015620008170148,0.7520400736513125,0.7025976211007812,0.5855087067941592,0.6366992791825292,1.0,0.3691,1.0,0.0,1.0,0.6869494596053927,0.4373419902563679,0.7469086316422167,0.6089903777452087,0.7805499912777778,0.7701681742084228,0.8901433280017234,0.734,0.9197314469859337,0.0,1.0,0.6872593973992598,0.43222634414771677,0.6894196231775648,0.6315612116608079,0.6365152562447899,0.6156024468383898,0.7991717826257861,0.9610741546265391,0.734,0.913617502480158,0.0,1.0,0.6646960101411303,0.6678965073136749,0.7254787724006668,0.7751179600607568,0.6518328590854627,0.695,0.9490792287775549,0.0,1.0,0.7236797715272303,0.770577347276147,0.6837990391940268,0.753828301869073,0.6177734209147742,1.0,0.734,0.9190053972783088,0.0,1.0,0.7293941531978927,0.426491821414309,0.7316057903722224,0.6866198364452528,0.7685973511175211,0.7499860934178831,0.6484273896501764,0.3691,0.9201564734945976,0.0,0.6137327344177814,0.8809927087466419,0.0,1.0,0.7200551538036133,0.40109520606419724,0.7297991591100954,0.7560948869191668,0.9792403160885339,0.0,0.7216827402390291,0.38838486779992004,0.7839939905964157,0.7397967455640458,0.6575535703556179,0.6406684921688333,0.8721221521010423,0.3691,0.882002685225313,0.0,0.734,0.0,0.7056064482603843,0.7144786315487254,0.0,1.0,0.8242427209134155,0.36902876317922617,0.7896283636586936,0.8320014262505266,0.7507906936810493,0.7009991873027288,0.5854740714342417,0.7437260610300264,0.9568336368092356,0.734,1.0,0.0,1.0,0.7460227523822613,0.41316961560043947,0.752131695016041,0.8095053237170342,0.7815984427146112,0.7866402078144323,0.655670274679663,0.8052731309976979,1.0,0.3691,0.977082818872034,0.0,0.6478591773407205,0.40700709148220476,0.8237193514618436,0.6244061013025117,0.8618144838778168,0.0,1.0,0.7970733059230428,0.42214845695369246,0.7068217341463319,0.6904512976959618,0.6912765613803646,0.7574089901007057,0.6285270745786009,0.66041827953755,0.8961174833580948,0.695,0.9483431934466198,0.0,0.43790139846808523,0.71788288063537,0.0,0.8991157247496573,0.0,1.0,0.3886532012162168,0.7364542470164533,0.5765890184691438,0.3691,0.9774001922178314,0.0,0.7162134288635135,0.4324865519410417,0.7409848389403215,0.6812081819090801,0.0,0.0,0.0,0.0,0.0,0.0,0.0,0.0,0.0,0.0,0.0,0.0,0.0,0.0,0.0,0.0,0.0,0.0,0.0,0.0,0.0,0.0,0.0,0.0,0.0,0.0,0.0,0.675570151469884,0.592742687724308,1.0,1.0,0.734,0.734,0.0,0.0,0.487,0.487,0.7801744105205681,0.6442806795160181,1.0,1.0,0.3691,0.3691,0.0,0.0,0.487,0.487,0.6456346145588248,0.7524503614354684,1.0,1.0,0.734,0.734,0.0,0.0,0.695,0.695,0.725719440626305,0.730093959938201,1.0,0.890941720195148,0.3691,0.3691,0.0,0.0,0.6281743216949345,0.7366530999153529,1.0,0.8922325327422257,0.734,0.3691,0.0,0.0,0.6462722570136701,0.7249932681918232,1.0,0.8953917764859095,0.3691,0.734,0.0,0.0,0.6363625841363307,0.7149097796624355,1.0,1.0,0.734,0.0,0.0,0.487,0.695,0.7244168708293282,0.7586607141357217,1.0,0.9757895943807517,0.734,0.3691,0.0,0.0,0.695,0.695,0.6394789581178794,0.6888613428723578,1.0,0.8973768206026066,0.3691,0.734,0.0,0.0,0.695,0.695,0.7308518633400705,0.7427250776809106,1.0,0.9288912851806133,0.734,0.3691,0.0,0.0,0.695,0.487,0.7890724563505565,0.724725044270703,1.0,0.8981479797044117,0.3691,0.3691,0.0,0.0,0.487,0.487,0.7292130278731088,0.6041154697026001,1.0,0.9850878598023368,0.0,0.695,0.487,0.7158032159199132,0.6797093186485069,1.0,0.8673429636304648,0.3691,0.3691,0.0,0.0,0.487,0.487,0.7556111311848281,0.6514599341298719,1.0,0.9097296962597448,0.3691,0.3691,0.0,0.0,0.6219675925080299,0.6356812633964259,1.0,1.0,0.3691,0.734,0.0,0.0,0.6899216042149325,0.6329259018756581,1.0,1.0,0.3691,0.734,0.0,0.0,0.6696588548226028,0.7572497263855087,1.0,1.0,0.734,0.734,0.0,0.0,0.699263875144887,0.7440877934163526,1.0,1.0,0.734,0.3691,0.0,0.0,0.7793838386311043,0.6085647075493138,1.0,1.0,0.3691,0.734,0.0,0.0,0.765003202134577,0.6738569948874721,1.0,1.0,0.734,0.3691,0.0,0.0,0.6085761839185135,0.7446229735018269,1.0,1.0,0.734,0.734,0.0,0.0,0.695,0.695,0.6674496081608159,0.6220762674711012,1.0,1.0,0.734,0.734,0.0,0.0,0.7151973245255586,0.6780895917187584,1.0,0.9049466964693865,0.3691,0.3691,0.0,0.0,0.487,0.487,0.7124265626312192,0.6632369561614073,1.0,1.0,0.3691,0.734,0.0,0.0,0.7322016700957441,0.7590770260102748,1.0,0.9077151769435385,0.3691,0.734,0.0,0.0,0.698131744070073,0.5879486102319802,1.0,0.9363240902382741,0.734,0.734,0.0,0.0,0.6609340579123925,0.6643916448186256,1.0,0.9809474254799303,0.734,0.734,0.0,0.0
,79,1.0,0.7672992908683746,0.607724438590239,0.7003461558400657,0.5801396147150473,0.7847048447109188,1.0,0.0,1.0,0.7059186061186509,0.36521038083053703,0.6193509939088867,0.7504539143326499,0.6657686422082381,0.8135353634412452,0.9229134784042423,0.363,1.0,0.000603,1.0,0.7956590978137797,0.3855592554525324,0.8066048875211815,0.8050400809195234,0.6014372904661405,0.6249105426913955,0.6607551080852307,0.6903486671965549,0.9341004357241487,0.698,0.363,0.9079745031484208,0.0,0.6980985276212373,0.4225423120767979,0.8165454402983403,0.7220694113720469,0.6534266604291311,0.8757135875659886,0.000603,0.38770448548303593,0.7110344753238096,0.6747627280294313,1.0,0.36597626777411196,0.363,0.0,0.6467905202104947,0.35047850602506625,0.7107855750153116,0.6104472184217219,0.8174592308205662,0.9329801798109256,0.9549352164554886,0.000603,1.0,0.6758274964514832,0.3653450792315108,0.7796789067160443,0.6984326508787788,0.7225542057866297,0.6887361879454726,0.7751443701659296,0.7126776676717431,1.0,0.363,1.0,0.0,1.0,0.8092010320816093,0.34218634626662414,0.6518551586757158,0.8015620008170148,0.7520400736513125,0.7025976211007812,0.5855087067941592,0.6366992791825292,1.0,0.363,1.0,0.0,1.0,0.6869494596053927,0.4373419902563679,0.7469086316422167,0.6089903777452087,0.7805499912777778,0.7701681742084228,0.8901433280017234,0.7134,0.9197314469859337,0.0,1.0,0.6872593973992598,0.43222634414771677,0.6894196231775648,0.6315612116608079,0.6365152562447899,0.6156024468383898,0.7991717826257861,0.9610741546265391,0.7134,0.913617502480158,0.000603,1.0,0.6646960101411303,0.6678965073136749,0.7254787724006668,0.7751179600607568,0.6518328590854627,0.698,0.9490792287775549,0.000603,1.0,0.7236797715272303,0.770577347276147,0.6837990391940268,0.753828301869073,0.6177734209147742,1.0,0.7134,0.9190053972783088,0.000603,1.0,0.7293941531978927,0.426491821414309,0.7316057903722224,0.6866198364452528,0.7685973511175211,0.7499860934178831,0.6484273896501764,0.363,0.9201564734945976,0.000603,0.6137327344177814,0.8809927087466419,0.000603,1.0,0.7200551538036133,0.40109520606419724,0.7297991591100954,0.7560948869191668,0.9792403160885339,0.0,0.7216827402390291,0.38838486779992004,0.7839939905964157,0.7397967455640458,0.6575535703556179,0.6406684921688333,0.8721221521010423,0.363,0.882002685225313,0.000603,0.7134,0.000603,0.7056064482603843,0.7144786315487254,0.000603,1.0,0.8242427209134155,0.36902876317922617,0.7896283636586936,0.8320014262505266,0.7507906936810493,0.7009991873027288,0.5854740714342417,0.7437260610300264,0.9568336368092356,0.7134,1.0,0.0,1.0,0.7460227523822613,0.41316961560043947,0.752131695016041,0.8095053237170342,0.7815984427146112,0.7866402078144323,0.655670274679663,0.8052731309976979,1.0,0.363,0.977082818872034,0.0,0.6478591773407205,0.40700709148220476,0.8237193514618436,0.6244061013025117,0.8618144838778168,0.000603,1.0,0.7970733059230428,0.42214845695369246,0.7068217341463319,0.6904512976959618,0.6912765613803646,0.7574089901007057,0.6285270745786009,0.66041827953755,0.8961174833580948,0.698,0.9483431934466198,0.000603,0.43790139846808523,0.71788288063537,0.0,0.8991157247496573,0.0,1.0,0.3886532012162168,0.7364542470164533,0.5765890184691438,0.363,0.9774001922178314,0.000603,0.7162134288635135,0.4324865519410417,0.7409848389403215,0.6812081819090801,0.0004921314754511657,0.0,0.0,0.00048178317134750834,0.0,0.0,0.0004943236788729616,0.00048180347327974905,0.00047826149252120753,0.00048382167350646815,0.0,0.0,0.00047788834308979517,0.0,0.0,0.0,0.0004828439585787677,0.0004689675559673912,0.0,0.0,0.0,0.0,0.00046848223947428675,0.00048172610416998153,0.0,0.0004910491772259915,0.0,0.675570151469884,0.592742687724308,1.0,1.0,0.7134,0.7134,0.0,0.000603,0.5034,0.5034,0.7801744105205681,0.6442806795160181,1.0,1.0,0.363,0.363,0.0,0.0,0.5034,0.5034,0.6456346145588248,0.7524503614354684,1.0,1.0,0.7134,0.7134,0.0,0.0,0.698,0.698,0.725719440626305,0.730093959938201,1.0,0.890941720195148,0.363,0.363,0.000603,0.0,0.6281743216949345,0.7366530999153529,1.0,0.8922325327422257,0.7134,0.363,0.000603,0.000603,0.6462722570136701,0.7249932681918232,1.0,0.8953917764859095,0.363,0.7134,0.0,0.000603,0.6363625841363307,0.7149097796624355,1.0,1.0,0.7134,0.0,0.0,0.5034,0.698,0.7244168708293282,0.7586607141357217,1.0,0.9757895943807517,0.7134,0.363,0.000603,0.000603,0.698,0.698,0.6394789581178794,0.6888613428723578,1.0,0.8973768206026066,0.363,0.7134,0.0,0.0,0.698,0.698,0.7308518633400705,0.7427250776809106,1.0,0.9288912851806133,0.7134,0.363,0.000603,0.000603,0.698,0.5034,0.7890724563505565,0.724725044270703,1.0,0.8981479797044117,0.363,0.363,0.0,0.000603,0.5034,0.5034,0.7292130278731088,0.6041154697026001,1.0,0.9850878598023368,0.000603,0.698,0.5034,0.7158032159199132,0.6797093186485069,1.0,0.8673429636304648,0.363,0.363,0.000603,0.0,0.5034,0.5034,0.7556111311848281,0.6514599341298719,1.0,0.9097296962597448,0.363,0.363,0.0,0.000603,0.6219675925080299,0.6356812633964259,1.0,1.0,0.363,0.7134,0.000603,0.000603,0.6899216042149325,0.6329259018756581,1.0,1.0,0.363,0.7134,0.000603,0.0,0.6696588548226028,0.7572497263855087,1.0,1.0,0.7134,0.7134,0.0,0.000603,0.699263875144887,0.7440877934163526,1.0,1.0,0.7134,0.363,0.0,0.000603,0.7793838386311043,0.6085647075493138,1.0,1.0,0.363,0.7134,0.000603,0.000603,0.765003202134577,0.6738569948874721,1.0,1.0,0.7134,0.363,0.000603,0.0,0.6085761839185135,0.7446229735018269,1.0,1.0,0.7134,0.7134,0.000603,0.0,0.698,0.698,0.6674496081608159,0.6220762674711012,1.0,1.0,0.7134,0.7134,0.0,0.0,0.7151973245255586,0.6780895917187584,1.0,0.9049466964693865,0.363,0.363,0.0,0.000603,0.5034,0.5034,0.7124265626312192,0.6632369561614073,1.0,1.0,0.363,0.7134,0.000603,0.000603,0.7322016700957441,0.7590770260102748,1.0,0.9077151769435385,0.363,0.7134,0.0,0.000603,0.698131744070073,0.5879486102319802,1.0,0.9363240902382741,0.7134,0.7134,0.000603,0.000603,0.6609340579123925,0.6643916448186256,1.0,0.9809474254799303,0.7134,0.7134,0.0,0.000603
,80,1.0,0.7672992908683746,0.607724438590239,0.7003461558400657,0.5801396147150473,0.7847048447109188,1.0,0.02524,1.0,0.7059186061186509,0.36521038083053703,0.6193509939088867,0.7504539143326499,0.6657686422082381,0.8135353634412452,0.9229134784042423,0.3164,1.0,0.1329,1.0,0.7956590978137797,0.3855592554525324,0.8066048875211815,0.8050400809195234,0.6014372904661405,0.6249105426913955,0.6607551080852307,0.6903486671965549,0.9341004357241487,0.6875,0.3164,0.9079745031484208,0.02524,0.6980985276212373,0.4225423120767979,0.8165454402983403,0.7220694113720469,0.6534266604291311,0.8757135875659886,0.1329,0.38770448548303593,0.7110344753238096,0.6747627280294313,1.0,0.36597626777411196,0.3164,0.02524,0.6467905202104947,0.35047850602506625,0.7107855750153116,0.6104472184217219,0.8174592308205662,0.9329801798109256,0.9549352164554886,0.1329,1.0,0.6758274964514832,0.3653450792315108,0.7796789067160443,0.6984326508787788,0.7225542057866297,0.6887361879454726,0.7751443701659296,0.7126776676717431,1.0,0.3164,1.0,0.02524,1.0,0.8092010320816093,0.34218634626662414,0.6518551586757158,0.8015620008170148,0.7520400736513125,0.7025976211007812,0.5855087067941592,0.6366992791825292,1.0,0.3164,1.0,0.02524,1.0,0.6869494596053927,0.4373419902563679,0.7469086316422167,0.6089903777452087,0.7805499912777778,0.7701681742084228,0.8901433280017234,0.677,0.9197314469859337,0.02524,1.0,0.6872593973992598,0.43222634414771677,0.6894196231775648,0.6315612116608079,0.6365152562447899,0.6156024468383898,0.7991717826257861,0.9610741546265391,0.677,0.913617502480158,0.1329,1.0,0.6646960101411303,0.6678965073136749,0.7254787724006668,0.7751179600607568,0.6518328590854627,0.6875,0.9490792287775549,0.1329,1.0,0.7236797715272303,0.770577347276147,0.6837990391940268,0.753828301869073,0.6177734209147742,1.0,0.677,0.9190053972783088,0.1329,1.0,0.7293941531978927,0.426491821414309,0.7316057903722224,0.6866198364452528,0.7685973511175211,0.7499860934178831,0.6484273896501764,0.3164,0.9201564734945976,0.1329,0.6137327344177814,0.8809927087466419,0.1329,1.0,0.7200551538036133,0.40109520606419724,0.7297991591100954,0.7560948869191668,0.9792403160885339,0.02524,0.7216827402390291,0.38838486779992004,0.7839939905964157,0.7397967455640458,0.6575535703556179,0.6406684921688333,0.8721221521010423,0.3164,0.882002685225313,0.1329,0.677,0.1329,0.7056064482603843,0.7144786315487254,0.1329,1.0,0.8242427209134155,0.36902876317922617,0.7896283636586936,0.8320014262505266,0.7507906936810493,0.7009991873027288,0.5854740714342417,0.7437260610300264,0.9568336368092356,0.677,1.0,0.02524,1.0,0.7460227523822613,0.41316961560043947,0.752131695016041,0.8095053237170342,0.7815984427146112,0.7866402078144323,0.655670274679663,0.8052731309976979,1.0,0.3164,0.977082818872034,0.02524,0.6478591773407205,0.40700709148220476,0.8237193514618436,0.6244061013025117,0.8618144838778168,0.1329,1.0,0.7970733059230428,0.42214845695369246,0.7068217341463319,0.6904512976959618,0.6912765613803646,0.7574089901007057,0.6285270745786009,0.66041827953755,0.8961174833580948,0.6875,0.9483431934466198,0.1329,0.43790139846808523,0.71788288063537,0.02524,0.8991157247496573,0.02524,1.0,0.3886532012162168,0.7364542470164533,0.5765890184691438,0.3164,0.9774001922178314,0.1329,0.7162134288635135,0.4324865519410417,0.7409848389403215,0.6812081819090801,0.10846479782331661,0.019874392206912103,0.019598197604440974,0.10618405219251054,0.019923380302888608,0.02044500395724124,0.10894795509488656,0.10618852669797453,0.10540788118750992,0.10663333401162456,0.01963604422723189,0.019765721695039068,0.10532563979541257,0.0202133583735975,0.02023703363021503,0.01978713359632422,0.10641784758726072,0.10335951606644492,0.020295898388678003,0.020332458277508774,0.019911770598164822,0.02058476727098967,0.10325255327716866,0.10617147470015016,0.02046052587028114,0.10822626144831553,0.020746538746045522,0.675570151469884,0.592742687724308,1.0,1.0,0.677,0.677,0.02524,0.1329,0.51,0.51,0.7801744105205681,0.6442806795160181,1.0,1.0,0.3164,0.3164,0.02524,0.02524,0.51,0.51,0.6456346145588248,0.7524503614354684,1.0,1.0,0.677,0.677,0.02524,0.02524,0.6875,0.6875,0.725719440626305,0.730093959938201,1.0,0.890941720195148,0.3164,0.3164,0.1329,0.02524,0.6281743216949345,0.7366530999153529,1.0,0.8922325327422257,0.677,0.3164,0.1329,0.1329,0.6462722570136701,0.7249932681918232,1.0,0.8953917764859095,0.3164,0.677,0.02524,0.1329,0.6363625841363307,0.7149097796624355,1.0,1.0,0.677,0.02524,0.02524,0.51,0.6875,0.7244168708293282,0.7586607141357217,1.0,0.9757895943807517,0.677,0.3164,0.1329,0.1329,0.6875,0.6875,0.6394789581178794,0.6888613428723578,1.0,0.8973768206026066,0.3164,0.677,0.02524,0.02524,0.6875,0.6875,0.7308518633400705,0.7427250776809106,1.0,0.9288912851806133,0.677,0.3164,0.1329,0.1329,0.6875,0.51,0.7890724563505565,0.724725044270703,1.0,0.8981479797044117,0.3164,0.3164,0.02524,0.1329,0.51,0.51,0.7292130278731088,0.6041154697026001,1.0,0.9850878598023368,0.1329,0.6875,0.51,0.7158032159199132,0.6797093186485069,1.0,0.8673429636304648,0.3164,0.3164,0.1329,0.02524,0.51,0.51,0.7556111311848281,0.6514599341298719,1.0,0.9097296962597448,0.3164,0.3164,0.02524,0.1329,0.6219675925080299,0.6356812633964259,1.0,1.0,0.3164,0.677,0.1329,0.1329,0.6899216042149325,0.6329259018756581,1.0,1.0,0.3164,0.677,0.1329,0.02524,0.6696588548226028,0.7572497263855087,1.0,1.0,0.677,0.677,0.02524,0.1329,0.699263875144887,0.7440877934163526,1.0,1.0,0.677,0.3164,0.02524,0.1329,0.7793838386311043,0.6085647075493138,1.0,1.0,0.3164,0.677,0.1329,0.1329,0.765003202134577,0.6738569948874721,1.0,1.0,0.677,0.3164,0.1329,0.02524,0.6085761839185135,0.7446229735018269,1.0,1.0,0.677,0.677,0.1329,0.02524,0.6875,0.6875,0.6674496081608159,0.6220762674711012,1.0,1.0,0.677,0.677,0.02524,0.02524,0.7151973245255586,0.6780895917187584,1.0,0.9049466964693865,0.3164,0.3164,0.02524,0.1329,0.51,0.51,0.7124265626312192,0.6632369561614073,1.0,1.0,0.3164,0.677,0.1329,0.1329,0.7322016700957441,0.7590770260102748,1.0,0.9077151769435385,0.3164,0.677,0.02524,0.1329,0.698131744070073,0.5879486102319802,1.0,0.9363240902382741,0.677,0.677,0.1329,0.1329,0.6609340579123925,0.6643916448186256,1.0,0.9809474254799303,0.677,0.677,0.02524,0.1329
,81,1.0,0.7672992908683746,0.607724438590239,0.7003461558400657,0.5801396147150473,0.7847048447109188,1.0,0.1067,1.0,0.7059186061186509,0.36521038083053703,0.6193509939088867,0.7504539143326499,0.6657686422082381,0.8135353634412452,0.9229134784042423,0.2238,1.0,0.3962,1.0,0.7956590978137797,0.3855592554525324,0.8066048875211815,0.8050400809195234,0.6014372904661405,0.6249105426913955,0.6607551080852307,0.6903486671965549,0.9341004357241487,0.661,0.2238,0.9079745031484208,0.1067,0.6980985276212373,0.4225423120767979,0.8165454402983403,0.7220694113720469,0.6534266604291311,0.8757135875659886,0.3962,0.38770448548303593,0.7110344753238096,0.6747627280294313,1.0,0.36597626777411196,0.2238,0.1067,0.6467905202104947,0.35047850602506625,0.7107855750153116,0.6104472184217219,0.8174592308205662,0.9329801798109256,0.9549352164554886,0.3962,1.0,0.6758274964514832,0.3653450792315108,0.7796789067160443,0.6984326508787788,0.7225542057866297,0.6887361879454726,0.7751443701659296,0.7126776676717431,1.0,0.2238,1.0,0.1067,1.0,0.8092010320816093,0.34218634626662414,0.6518551586757158,0.8015620008170148,0.7520400736513125,0.7025976211007812,0.5855087067941592,0.6366992791825292,1.0,0.2238,1.0,0.1067,1.0,0.6869494596053927,0.4373419902563679,0.7469086316422167,0.6089903777452087,0.7805499912777778,0.7701681742084228,0.8901433280017234,0.5215,0.9197314469859337,0.1067,1.0,0.6872593973992598,0.43222634414771677,0.6894196231775648,0.6315612116608079,0.6365152562447899,0.6156024468383898,0.7991717826257861,0.9610741546265391,0.5215,0.913617502480158,0.3962,1.0,0.6646960101411303,0.6678965073136749,0.7254787724006668,0.7751179600607568,0.6518328590854627,0.661,0.9490792287775549,0.3962,1.0,0.7236797715272303,0.770577347276147,0.6837990391940268,0.753828301869073,0.6177734209147742,1.0,0.5215,0.9190053972783088,0.3962,1.0,0.7293941531978927,0.426491821414309,0.7316057903722224,0.6866198364452528,0.7685973511175211,0.7499860934178831,0.6484273896501764,0.2238,0.9201564734945976,0.3962,0.6137327344177814,0.8809927087466419,0.3962,1.0,0.7200551538036133,0.40109520606419724,0.7297991591100954,0.7560948869191668,0.9792403160885339,0.1067,0.7216827402390291,0.38838486779992004,0.7839939905964157,0.7397967455640458,0.6575535703556179,0.6406684921688333,0.8721221521010423,0.2238,0.882002685225313,0.3962,0.5215,0.3962,0.7056064482603843,0.7144786315487254,0.3962,1.0,0.8242427209134155,0.36902876317922617,0.7896283636586936,0.8320014262505266,0.7507906936810493,0.7009991873027288,0.5854740714342417,0.7437260610300264,0.9568336368092356,0.5215,1.0,0.1067,1.0,0.7460227523822613,0.41316961560043947,0.752131695016041,0.8095053237170342,0.7815984427146112,0.7866402078144323,0.655670274679663,0.8052731309976979,1.0,0.2238,0.977082818872034,0.1067,0.6478591773407205,0.40700709148220476,0.8237193514618436,0.6244061013025117,0.8618144838778168,0.3962,1.0,0.7970733059230428,0.42214845695369246,0.7068217341463319,0.6904512976959618,0.6912765613803646,0.7574089901007057,0.6285270745786009,0.66041827953755,0.8961174833580948,0.661,0.9483431934466198,0.3962,0.43790139846808523,0.71788288063537,0.1067,0.8991157247496573,0.1067,1.0,0.3886532012162168,0.7364542470164533,0.5765890184691438,0.2238,0.9774001922178314,0.3962,0.7162134288635135,0.4324865519410417,0.7409848389403215,0.6812081819090801,0.32335404738598983,0.08401733948009198,0.08284974977788637,0.3165547139102534,0.08422443257996096,0.08642955317898735,0.3247944304634617,0.3165680532561137,0.3142408015537354,0.3178941078661073,0.08300974322684797,0.08355794393267309,0.3139956244314707,0.08545029074733967,0.08555037592487891,0.08364846096385874,0.31725170213749215,0.308134238265805,0.08579922179365859,0.08595377568186158,0.0841753535191833,0.08702039095937392,0.3078153619895728,0.316517218030094,0.08649517077492067,0.3226429254012236,0.08770426641058071,0.675570151469884,0.592742687724308,1.0,1.0,0.5215,0.5215,0.1067,0.3962,0.4993,0.4993,0.7801744105205681,0.6442806795160181,1.0,1.0,0.2238,0.2238,0.1067,0.1067,0.4993,0.4993,0.6456346145588248,0.7524503614354684,1.0,1.0,0.5215,0.5215,0.1067,0.1067,0.661,0.661,0.725719440626305,0.730093959938201,1.0,0.890941720195148,0.2238,0.2238,0.3962,0.1067,0.6281743216949345,0.7366530999153529,1.0,0.8922325327422257,0.5215,0.2238,0.3962,0.3962,0.6462722570136701,0.7249932681918232,1.0,0.8953917764859095,0.2238,0.5215,0.1067,0.3962,0.6363625841363307,0.7149097796624355,1.0,1.0,0.5215,0.1067,0.1067,0.4993,0.661,0.7244168708293282,0.7586607141357217,1.0,0.9757895943807517,0.5215,0.2238,0.3962,0.3962,0.661,0.661,0.6394789581178794,0.6888613428723578,1.0,0.8973768206026066,0.2238,0.5215,0.1067,0.1067,0.661,0.661,0.7308518633400705,0.7427250776809106,1.0,0.9288912851806133,0.5215,0.2238,0.3962,0.3962,0.661,0.4993,0.7890724563505565,0.724725044270703,1.0,0.8981479797044117,0.2238,0.2238,0.1067,0.3962,0.4993,0.4993,0.7292130278731088,0.6041154697026001,1.0,0.9850878598023368,0.3962,0.661,0.4993,0.7158032159199132,0.6797093186485069,1.0,0.8673429636304648,0.2238,0.2238,0.3962,0.1067,0.4993,0.4993,0.7556111311848281,0.6514599341298719,1.0,0.9097296962597448,0.2238,0.2238,0.1067,0.3962,0.6219675925080299,0.6356812633964259,1.0,1.0,0.2238,0.5215,0.3962,0.3962,0.6899216042149325,0.6329259018756581,1.0,1.0,0.2238,0.5215,0.3962,0.1067,0.6696588548226028,0.7572497263855087,1.0,1.0,0.5215,0.5215,0.1067,0.3962,0.699263875144887,0.7440877934163526,1.0,1.0,0.5215,0.2238,0.1067,0.3962,0.7793838386311043,0.6085647075493138,1.0,1.0,0.2238,0.5215,0.3962,0.3962,0.765003202134577,0.6738569948874721,1.0,1.0,0.5215,0.2238,0.3962,0.1067,0.6085761839185135,0.7446229735018269,1.0,1.0,0.5215,0.5215,0.3962,0.1067,0.661,0.661,0.6674496081608159,0.6220762674711012,1.0,1.0,0.5215,0.5215,0.1067,0.1067,0.7151973245255586,0.6780895917187584,1.0,0.9049466964693865,0.2238,0.2238,0.1067,0.3962,0.4993,0.4993,0.7124265626312192,0.6632369561614073,1.0,1.0,0.2238,0.5215,0.3962,0.3962,0.7322016700957441,0.7590770260102748,1.0,0.9077151769435385,0.2238,0.5215,0.1067,0.3962,0.698131744070073,0.5879486102319802,1.0,0.9363240902382741,0.5215,0.5215,0.3962,0.3962,0.6609340579123925,0.6643916448186256,1.0,0.9809474254799303,0.5215,0.5215,0.1067,0.3962
,82,1.0,0.7672992908683746,0.607724438590239,0.7003461558400657,0.5801396147150473,0.7847048447109188,1.0,0.1664,1.0,0.7059186061186509,0.36521038083053703,0.6193509939088867,0.7504539143326499,0.6657686422082381,0.8135353634412452,0.9229134784042423,0.2052,1.0,0.4612,1.0,0.7956590978137797,0.3855592554525324,0.8066048875211815,0.8050400809195234,0.6014372904661405,0.6249105426913955,0.6607551080852307,0.6903486671965549,0.9341004357241487,0.6006,0.2052,0.9079745031484208,0.1664,0.6980985276212373,0.4225423120767979,0.8165454402983403,0.7220694113720469,0.6534266604291311,0.8757135875659886,0.4612,0.38770448548303593,0.7110344753238096,0.6747627280294313,1.0,0.36597626777411196,0.2052,0.1664,0.6467905202104947,0.35047850602506625,0.7107855750153116,0.6104472184217219,0.8174592308205662,0.9329801798109256,0.9549352164554886,0.4612,1.0,0.6758274964514832,0.3653450792315108,0.7796789067160443,0.6984326508787788,0.7225542057866297,0.6887361879454726,0.7751443701659296,0.7126776676717431,1.0,0.2052,1.0,0.1664,1.0,0.8092010320816093,0.34218634626662414,0.6518551586757158,0.8015620008170148,0.7520400736513125,0.7025976211007812,0.5855087067941592,0.6366992791825292,1.0,0.2052,1.0,0.1664,1.0,0.6869494596053927,0.4373419902563679,0.7469086316422167,0.6089903777452087,0.7805499912777778,0.7701681742084228,0.8901433280017234,0.3572,0.9197314469859337,0.1664,1.0,0.6872593973992598,0.43222634414771677,0.6894196231775648,0.6315612116608079,0.6365152562447899,0.6156024468383898,0.7991717826257861,0.9610741546265391,0.3572,0.913617502480158,0.4612,1.0,0.6646960101411303,0.6678965073136749,0.7254787724006668,0.7751179600607568,0.6518328590854627,0.6006,0.9490792287775549,0.4612,1.0,0.7236797715272303,0.770577347276147,0.6837990391940268,0.753828301869073,0.6177734209147742,1.0,0.3572,0.9190053972783088,0.4612,1.0,0.7293941531978927,0.426491821414309,0.7316057903722224,0.6866198364452528,0.7685973511175211,0.7499860934178831,0.6484273896501764,0.2052,0.9201564734945976,0.4612,0.6137327344177814,0.8809927087466419,0.4612,1.0,0.7200551538036133,0.40109520606419724,0.7297991591100954,0.7560948869191668,0.9792403160885339,0.1664,0.7216827402390291,0.38838486779992004,0.7839939905964157,0.7397967455640458,0.6575535703556179,0.6406684921688333,0.8721221521010423,0.2052,0.882002685225313,0.4612,0.3572,0.4612,0.7056064482603843,0.7144786315487254,0.4612,1.0,0.8242427209134155,0.36902876317922617,0.7896283636586936,0.8320014262505266,0.7507906936810493,0.7009991873027288,0.5854740714342417,0.7437260610300264,0.9568336368092356,0.3572,1.0,0.1664,1.0,0.7460227523822613,0.41316961560043947,0.752131695016041,0.8095053237170342,0.7815984427146112,0.7866402078144323,0.655670274679663,0.8052731309976979,1.0,0.2052,0.977082818872034,0.1664,0.6478591773407205,0.40700709148220476,0.8237193514618436,0.6244061013025117,0.8618144838778168,0.4612,1.0,0.7970733059230428,0.42214845695369246,0.7068217341463319,0.6904512976959618,0.6912765613803646,0.7574089901007057,0.6285270745786009,0.66041827953755,0.8961174833580948,0.6006,0.9483431934466198,0.4612,0.43790139846808523,0.71788288063537,0.1664,0.8991157247496573,0.1664,1.0,0.3886532012162168,0.7364542470164533,0.5765890184691438,0.2052,0.9774001922178314,0.4612,0.7162134288635135,0.4324865519410417,0.7409848389403215,0.6812081819090801,0.37640304556895127,0.13102610393146488,0.12920523301818454,0.3684882232594873,0.13134906824091377,0.1347879817149343,0.3780797358146101,0.3685037510391712,0.3657946937823896,0.370047356254035,0.12945474482612465,0.1303096707628566,0.36550929325541215,0.13326080956286146,0.13341689366354123,0.13045083321823892,0.3692995583690342,0.3586862965375801,0.13380497194437477,0.13404600068848888,0.13127252882466822,0.13570940070890175,0.3583151058798359,0.36844457585936236,0.13489031318600558,0.375575257938022,0.1367759131276535,0.675570151469884,0.592742687724308,1.0,1.0,0.3572,0.3572,0.1664,0.4612,0.463,0.463,0.7801744105205681,0.6442806795160181,1.0,1.0,0.2052,0.2052,0.1664,0.1664,0.463,0.463,0.6456346145588248,0.7524503614354684,1.0,1.0,0.3572,0.3572,0.1664,0.1664,0.6006,0.6006,0.725719440626305,0.730093959938201,1.0,0.890941720195148,0.2052,0.2052,0.4612,0.1664,0.6281743216949345,0.7366530999153529,1.0,0.8922325327422257,0.3572,0.2052,0.4612,0.4612,0.6462722570136701,0.7249932681918232,1.0,0.8953917764859095,0.2052,0.3572,0.1664,0.4612,0.6363625841363307,0.7149097796624355,1.0,1.0,0.3572,0.1664,0.1664,0.463,0.6006,0.7244168708293282,0.7586607141357217,1.0,0.9757895943807517,0.3572,0.2052,0.4612,0.4612,0.6006,0.6006,0.6394789581178794,0.6888613428723578,1.0,0.8973768206026066,0.2052,0.3572,0.1664,0.1664,0.6006,0.6006,0.7308518633400705,0.7427250776809106,1.0,0.9288912851806133,0.3572,0.2052,0.4612,0.4612,0.6006,0.463,0.7890724563505565,0.724725044270703,1.0,0.8981479797044117,0.2052,0.2052,0.1664,0.4612,0.463,0.463,0.7292130278731088,0.6041154697026001,1.0,0.9850878598023368,0.4612,0.6006,0.463,0.7158032159199132,0.6797093186485069,1.0,0.8673429636304648,0.2052,0.2052,0.4612,0.1664,0.463,0.463,0.7556111311848281,0.6514599341298719,1.0,0.9097296962597448,0.2052,0.2052,0.1664,0.4612,0.6219675925080299,0.6356812633964259,1.0,1.0,0.2052,0.3572,0.4612,0.4612,0.6899216042149325,0.6329259018756581,1.0,1.0,0.2052,0.3572,0.4612,0.1664,0.6696588548226028,0.7572497263855087,1.0,1.0,0.3572,0.3572,0.1664,0.4612,0.699263875144887,0.7440877934163526,1.0,1.0,0.3572,0.2052,0.1664,0.4612,0.7793838386311043,0.6085647075493138,1.0,1.0,0.2052,0.3572,0.4612,0.4612,0.765003202134577,0.6738569948874721,1.0,1.0,0.3572,0.2052,0.4612,0.1664,0.6085761839185135,0.7446229735018269,1.0,1.0,0.3572,0.3572,0.4612,0.1664,0.6006,0.6006,0.6674496081608159,0.6220762674711012,1.0,1.0,0.3572,0.3572,0.1664,0.1664,0.7151973245255586,0.6780895917187584,1.0,0.9049466964693865,0.2052,0.2052,0.1664,0.4612,0.463,0.463,0.7124265626312192,0.6632369561614073,1.0,1.0,0.2052,0.3572,0.4612,0.4612,0.7322016700957441,0.7590770260102748,1.0,0.9077151769435385,0.2052,0.3572,0.1664,0.4612,0.698131744070073,0.5879486102319802,1.0,0.9363240902382741,0.3572,0.3572,0.4612,0.4612,0.6609340579123925,0.6643916448186256,1.0,0.9809474254799303,0.3572,0.3572,0.1664,0.4612
,83,1.0,0.7672992908683746,0.607724438590239,0.7003461558400657,0.5801396147150473,0.7847048447109188,1.0,0.1913,1.0,0.7059186061186509,0.36521038083053703,0.6193509939088867,0.7504539143326499,0.6657686422082381,0.8135353634412452,0.9229134784042423,0.2147,1.0,0.4365,1.0,0.7956590978137797,0.3855592554525324,0.8066048875211815,0.8050400809195234,0.6014372904661405,0.6249105426913955,0.6607551080852307,0.6903486671965549,0.9341004357241487,0.5557,0.2147,0.9079745031484208,0.1913,0.6980985276212373,0.4225423120767979,0.8165454402983403,0.7220694113720469,0.6534266604291311,0.8757135875659886,0.4365,0.38770448548303593,0.7110344753238096,0.6747627280294313,1.0,0.36597626777411196,0.2147,0.1913,0.6467905202104947,0.35047850602506625,0.7107855750153116,0.6104472184217219,0.8174592308205662,0.9329801798109256,0.9549352164554886,0.4365,1.0,0.6758274964514832,0.3653450792315108,0.7796789067160443,0.6984326508787788,0.7225542057866297,0.6887361879454726,0.7751443701659296,0.7126776676717431,1.0,0.2147,1.0,0.1913,1.0,0.8092010320816093,0.34218634626662414,0.6518551586757158,0.8015620008170148,0.7520400736513125,0.7025976211007812,0.5855087067941592,0.6366992791825292,1.0,0.2147,1.0,0.1913,1.0,0.6869494596053927,0.4373419902563679,0.7469086316422167,0.6089903777452087,0.7805499912777778,0.7701681742084228,0.8901433280017234,0.3132,0.9197314469859337,0.1913,1.0,0.6872593973992598,0.43222634414771677,0.6894196231775648,0.6315612116608079,0.6365152562447899,0.6156024468383898,0.7991717826257861,0.9610741546265391,0.3132,0.913617502480158,0.4365,1.0,0.6646960101411303,0.6678965073136749,0.7254787724006668,0.7751179600607568,0.6518328590854627,0.5557,0.9490792287775549,0.4365,1.0,0.7236797715272303,0.770577347276147,0.6837990391940268,0.753828301869073,0.6177734209147742,1.0,0.3132,0.9190053972783088,0.4365,1.0,0.7293941531978927,0.426491821414309,0.7316057903722224,0.6866198364452528,0.7685973511175211,0.7499860934178831,0.6484273896501764,0.2147,0.9201564734945976,0.4365,0.6137327344177814,0.8809927087466419,0.4365,1.0,0.7200551538036133,0.40109520606419724,0.7297991591100954,0.7560948869191668,0.9792403160885339,0.1913,0.7216827402390291,0.38838486779992004,0.7839939905964157,0.7397967455640458,0.6575535703556179,0.6406684921688333,0.8721221521010423,0.2147,0.882002685225313,0.4365,0.3132,0.4365,0.7056064482603843,0.7144786315487254,0.4365,1.0,0.8242427209134155,0.36902876317922617,0.7896283636586936,0.8320014262505266,0.7507906936810493,0.7009991873027288,0.5854740714342417,0.7437260610300264,0.9568336368092356,0.3132,1.0,0.1913,1.0,0.7460227523822613,0.41316961560043947,0.752131695016041,0.8095053237170342,0.7815984427146112,0.7866402078144323,0.655670274679663,0.8052731309976979,1.0,0.2147,0.977082818872034,0.1913,0.6478591773407205,0.40700709148220476,0.8237193514618436,0.6244061013025117,0.8618144838778168,0.4365,1.0,0.7970733059230428,0.42214845695369246,0.7068217341463319,0.6904512976959618,0.6912765613803646,0.7574089901007057,0.6285270745786009,0.66041827953755,0.8961174833580948,0.5557,0.9483431934466198,0.4365,0.43790139846808523,0.71788288063537,0.1913,0.8991157247496573,0.1913,1.0,0.3886532012162168,0.7364542470164533,0.5765890184691438,0.2147,0.9774001922178314,0.4365,0.7162134288635135,0.4324865519410417,0.7409848389403215,0.6812081819090801,0.35624442625942593,0.15063277453178628,0.14853942954554508,0.34875348970677844,0.15100406703417554,0.15495757753645997,0.35783131978117366,0.34876818588160935,0.346204214735501,0.3502291218666225,0.14882627815647625,0.14980913471715426,0.34593409910231443,0.15320188022461179,0.15338132066006874,0.14997142064092012,0.34952137300104824,0.33947651439430554,0.1538274707509549,0.15410456689728322,0.15091607430384035,0.15601687713709683,0.33912520320153594,0.34871217988424036,0.15507522182982494,0.3554609715740386,0.15724298185889493,0.675570151469884,0.592742687724308,1.0,1.0,0.3132,0.3132,0.1913,0.4365,0.4292,0.4292,0.7801744105205681,0.6442806795160181,1.0,1.0,0.2147,0.2147,0.1913,0.1913,0.4292,0.4292,0.6456346145588248,0.7524503614354684,1.0,1.0,0.3132,0.3132,0.1913,0.1913,0.5557,0.5557,0.725719440626305,0.730093959938201,1.0,0.890941720195148,0.2147,0.2147,0.4365,0.1913,0.6281743216949345,0.7366530999153529,1.0,0.8922325327422257,0.3132,0.2147,0.4365,0.4365,0.6462722570136701,0.7249932681918232,1.0,0.8953917764859095,0.2147,0.3132,0.1913,0.4365,0.6363625841363307,0.7149097796624355,1.0,1.0,0.3132,0.1913,0.1913,0.4292,0.5557,0.7244168708293282,0.7586607141357217,1.0,0.9757895943807517,0.3132,0.2147,0.4365,0.4365,0.5557,0.5557,0.6394789581178794,0.6888613428723578,1.0,0.8973768206026066,0.2147,0.3132,0.1913,0.1913,0.5557,0.5557,0.7308518633400705,0.7427250776809106,1.0,0.9288912851806133,0.3132,0.2147,0.4365,0.4365,0.5557,0.4292,0.7890724563505565,0.724725044270703,1.0,0.8981479797044117,0.2147,0.2147,0.1913,0.4365,0.4292,0.4292,0.7292130278731088,0.6041154697026001,1.0,0.9850878598023368,0.4365,0.5557,0.4292,0.7158032159199132,0.6797093186485069,1.0,0.8673429636304648,0.2147,0.2147,0.4365,0.1913,0.4292,0.4292,0.7556111311848281,0.6514599341298719,1.0,0.9097296962597448,0.2147,0.2147,0.1913,0.4365,0.6219675925080299,0.6356812633964259,1.0,1.0,0.2147,0.3132,0.4365,0.4365,0.6899216042149325,0.6329259018756581,1.0,1.0,0.2147,0.3132,0.4365,0.1913,0.6696588548226028,0.7572497263855087,1.0,1.0,0.3132,0.3132,0.1913,0.4365,0.699263875144887,0.7440877934163526,1.0,1.0,0.3132,0.2147,0.1913,0.4365,0.7793838386311043,0.6085647075493138,1.0,1.0,0.2147,0.3132,0.4365,0.4365,0.765003202134577,0.6738569948874721,1.0,1.0,0.3132,0.2147,0.4365,0.1913,0.6085761839185135,0.7446229735018269,1.0,1.0,0.3132,0.3132,0.4365,0.1913,0.5557,0.5557,0.6674496081608159,0.6220762674711012,1.0,1.0,0.3132,0.3132,0.1913,0.1913,0.7151973245255586,0.6780895917187584,1.0,0.9049466964693865,0.2147,0.2147,0.1913,0.4365,0.4292,0.4292,0.7124265626312192,0.6632369561614073,1.0,1.0,0.2147,0.3132,0.4365,0.4365,0.7322016700957441,0.7590770260102748,1.0,0.9077151769435385,0.2147,0.3132,0.1913,0.4365,0.698131744070073,0.5879486102319802,1.0,0.9363240902382741,0.3132,0.3132,0.4365,0.4365,0.6609340579123925,0.6643916448186256,1.0,0.9809474254799303,0.3132,0.3132,0.1913,0.4365
,84,1.0,0.7672992908683746,0.607724438590239,0.7003461558400657,0.5801396147150473,0.7847048447109188,1.0,0.2047,1.0,0.7059186061186509,0.36521038083053703,0.6193509939088867,0.7504539143326499,0.6657686422082381,0.8135353634412452,0.9229134784042423,0.2278,1.0,0.391,1.0,0.7956590978137797,0.3855592554525324,0.8066048875211815,0.8050400809195234,0.6014372904661405,0.6249105426913955,0.6607551080852307,0.6903486671965549,0.9341004357241487,0.5034,0.2278,0.9079745031484208,0.2047,0.6980985276212373,0.4225423120767979,0.8165454402983403,0.7220694113720469,0.6534266604291311,0.8757135875659886,0.391,0.38770448548303593,0.7110344753238096,0.6747627280294313,1.0,0.36597626777411196,0.2278,0.2047,0.6467905202104947,0.35047850602506625,0.7107855750153116,0.6104472184217219,0.8174592308205662,0.9329801798109256,0.9549352164554886,0.391,1.0,0.6758274964514832,0.3653450792315108,0.7796789067160443,0.6984326508787788,0.7225542057866297,0.6887361879454726,0.7751443701659296,0.7126776676717431,1.0,0.2278,1.0,0.2047,1.0,0.8092010320816093,0.34218634626662414,0.6518551586757158,0.8015620008170148,0.7520400736513125,0.7025976211007812,0.5855087067941592,0.6366992791825292,1.0,0.2278,1.0,0.2047,1.0,0.6869494596053927,0.4373419902563679,0.7469086316422167,0.6089903777452087,0.7805499912777778,0.7701681742084228,0.8901433280017234,0.3164,0.9197314469859337,0.2047,1.0,0.6872593973992598,0.43222634414771677,0.6894196231775648,0.6315612116608079,0.6365152562447899,0.6156024468383898,0.7991717826257861,0.9610741546265391,0.3164,0.913617502480158,0.391,1.0,0.6646960101411303,0.6678965073136749,0.7254787724006668,0.7751179600607568,0.6518328590854627,0.5034,0.9490792287775549,0.391,1.0,0.7236797715272303,0.770577347276147,0.6837990391940268,0.753828301869073,0.6177734209147742,1.0,0.3164,0.9190053972783088,0.391,1.0,0.7293941531978927,0.426491821414309,0.7316057903722224,0.6866198364452528,0.7685973511175211,0.7499860934178831,0.6484273896501764,0.2278,0.9201564734945976,0.391,0.6137327344177814,0.8809927087466419,0.391,1.0,0.7200551538036133,0.40109520606419724,0.7297991591100954,0.7560948869191668,0.9792403160885339,0.2047,0.7216827402390291,0.38838486779992004,0.7839939905964157,0.7397967455640458,0.6575535703556179,0.6406684921688333,0.8721221521010423,0.2278,0.882002685225313,0.391,0.3164,0.391,0.7056064482603843,0.7144786315487254,0.391,1.0,0.8242427209134155,0.36902876317922617,0.7896283636586936,0.8320014262505266,0.7507906936810493,0.7009991873027288,0.5854740714342417,0.7437260610300264,0.9568336368092356,0.3164,1.0,0.2047,1.0,0.7460227523822613,0.41316961560043947,0.752131695016041,0.8095053237170342,0.7815984427146112,0.7866402078144323,0.655670274679663,0.8052731309976979,1.0,0.2278,0.977082818872034,0.2047,0.6478591773407205,0.40700709148220476,0.8237193514618436,0.6244061013025117,0.8618144838778168,0.391,1.0,0.7970733059230428,0.42214845695369246,0.7068217341463319,0.6904512976959618,0.6912765613803646,0.7574089901007057,0.6285270745786009,0.66041827953755,0.8961174833580948,0.5034,0.9483431934466198,0.391,0.43790139846808523,0.71788288063537,0.2047,0.8991157247496573,0.2047,1.0,0.3886532012162168,0.7364542470164533,0.5765890184691438,0.2278,0.9774001922178314,0.391,0.7162134288635135,0.4324865519410417,0.7409848389403215,0.6812081819090801,0.31911012753135287,0.16118415549742107,0.15894417787753834,0.3124000331623147,0.16158145594299914,0.16581189817936934,0.3205316060353698,0.3124131974334691,0.31011649017544307,0.313721847995073,0.15925111938646466,0.1603028221463747,0.30987453092555545,0.16393321945623646,0.16412522916422412,0.1604764757197927,0.3130878736389688,0.304090073604063,0.16460263075128317,0.1648991366642649,0.1614872995817884,0.16694539858841465,0.3037753824783518,0.31236302940375255,0.16593778310802493,0.31840833879827973,0.16825738832470358,0.675570151469884,0.592742687724308,1.0,1.0,0.3164,0.3164,0.2047,0.391,0.4172,0.4172,0.7801744105205681,0.6442806795160181,1.0,1.0,0.2278,0.2278,0.2047,0.2047,0.4172,0.4172,0.6456346145588248,0.7524503614354684,1.0,1.0,0.3164,0.3164,0.2047,0.2047,0.5034,0.5034,0.725719440626305,0.730093959938201,1.0,0.890941720195148,0.2278,0.2278,0.391,0.2047,0.6281743216949345,0.7366530999153529,1.0,0.8922325327422257,0.3164,0.2278,0.391,0.391,0.6462722570136701,0.7249932681918232,1.0,0.8953917764859095,0.2278,0.3164,0.2047,0.391,0.6363625841363307,0.7149097796624355,1.0,1.0,0.3164,0.2047,0.2047,0.4172,0.5034,0.7244168708293282,0.7586607141357217,1.0,0.9757895943807517,0.3164,0.2278,0.391,0.391,0.5034,0.5034,0.6394789581178794,0.6888613428723578,1.0,0.8973768206026066,0.2278,0.3164,0.2047,0.2047,0.5034,0.5034,0.7308518633400705,0.7427250776809106,1.0,0.9288912851806133,0.3164,0.2278,0.391,0.391,0.5034,0.4172,0.7890724563505565,0.724725044270703,1.0,0.8981479797044117,0.2278,0.2278,0.2047,0.391,0.4172,0.4172,0.7292130278731088,0.6041154697026001,1.0,0.9850878598023368,0.391,0.5034,0.4172,0.7158032159199132,0.6797093186485069,1.0,0.8673429636304648,0.2278,0.2278,0.391,0.2047,0.4172,0.4172,0.7556111311848281,0.6514599341298719,1.0,0.9097296962597448,0.2278,0.2278,0.2047,0.391,0.6219675925080299,0.6356812633964259,1.0,1.0,0.2278,0.3164,0.391,0.391,0.6899216042149325,0.6329259018756581,1.0,1.0,0.2278,0.3164,0.391,0.2047,0.6696588548226028,0.7572497263855087,1.0,1.0,0.3164,0.3164,0.2047,0.391,0.699263875144887,0.7440877934163526,1.0,1.0,0.3164,0.2278,0.2047,0.391,0.7793838386311043,0.6085647075493138,1.0,1.0,0.2278,0.3164,0.391,0.391,0.765003202134577,0.6738569948874721,1.0,1.0,0.3164,0.2278,0.391,0.2047,0.6085761839185135,0.7446229735018269,1.0,1.0,0.3164,0.3164,0.391,0.2047,0.5034,0.5034,0.6674496081608159,0.6220762674711012,1.0,1.0,0.3164,0.3164,0.2047,0.2047,0.7151973245255586,0.6780895917187584,1.0,0.9049466964693865,0.2278,0.2278,0.2047,0.391,0.4172,0.4172,0.7124265626312192,0.6632369561614073,1.0,1.0,0.2278,0.3164,0.391,0.391,0.7322016700957441,0.7590770260102748,1.0,0.9077151769435385,0.2278,0.3164,0.2047,0.391,0.698131744070073,0.5879486102319802,1.0,0.9363240902382741,0.3164,0.3164,0.391,0.391,0.6609340579123925,0.6643916448186256,1.0,0.9809474254799303,0.3164,0.3164,0.2047,0.391
,85,1.0,0.7672992908683746,0.607724438590239,0.7003461558400657,0.5801396147150473,0.7847048447109188,1.0,0.2039,1.0,0.7059186061186509,0.36521038083053703,0.6193509939088867,0.7504539143326499,0.6657686422082381,0.8135353634412452,0.9229134784042423,0.2462,1.0,0.3682,1.0,0.7956590978137797,0.3855592554525324,0.8066048875211815,0.8050400809195234,0.6014372904661405,0.6249105426913955,0.6607551080852307,0.6903486671965549,0.9341004357241487,0.4722,0.2462,0.9079745031484208,0.2039,0.6980985276212373,0.4225423120767979,0.8165454402983403,0.7220694113720469,0.6534266604291311,0.8757135875659886,0.3682,0.38770448548303593,0.7110344753238096,0.6747627280294313,1.0,0.36597626777411196,0.2462,0.2039,0.6467905202104947,0.35047850602506625,0.7107855750153116,0.6104472184217219,0.8174592308205662,0.9329801798109256,0.9549352164554886,0.3682,1.0,0.6758274964514832,0.3653450792315108,0.7796789067160443,0.6984326508787788,0.7225542057866297,0.6887361879454726,0.7751443701659296,0.7126776676717431,1.0,0.2462,1.0,0.2039,1.0,0.8092010320816093,0.34218634626662414,0.6518551586757158,0.8015620008170148,0.7520400736513125,0.7025976211007812,0.5855087067941592,0.6366992791825292,1.0,0.2462,1.0,0.2039,1.0,0.6869494596053927,0.4373419902563679,0.7469086316422167,0.6089903777452087,0.7805499912777778,0.7701681742084228,0.8901433280017234,0.3372,0.9197314469859337,0.2039,1.0,0.6872593973992598,0.43222634414771677,0.6894196231775648,0.6315612116608079,0.6365152562447899,0.6156024468383898,0.7991717826257861,0.9610741546265391,0.3372,0.913617502480158,0.3682,1.0,0.6646960101411303,0.6678965073136749,0.7254787724006668,0.7751179600607568,0.6518328590854627,0.4722,0.9490792287775549,0.3682,1.0,0.7236797715272303,0.770577347276147,0.6837990391940268,0.753828301869073,0.6177734209147742,1.0,0.3372,0.9190053972783088,0.3682,1.0,0.7293941531978927,0.426491821414309,0.7316057903722224,0.6866198364452528,0.7685973511175211,0.7499860934178831,0.6484273896501764,0.2462,0.9201564734945976,0.3682,0.6137327344177814,0.8809927087466419,0.3682,1.0,0.7200551538036133,0.40109520606419724,0.7297991591100954,0.7560948869191668,0.9792403160885339,0.2039,0.7216827402390291,0.38838486779992004,0.7839939905964157,0.7397967455640458,0.6575535703556179,0.6406684921688333,0.8721221521010423,0.2462,0.882002685225313,0.3682,0.3372,0.3682,0.7056064482603843,0.7144786315487254,0.3682,1.0,0.8242427209134155,0.36902876317922617,0.7896283636586936,0.8320014262505266,0.7507906936810493,0.7009991873027288,0.5854740714342417,0.7437260610300264,0.9568336368092356,0.3372,1.0,0.2039,1.0,0.7460227523822613,0.41316961560043947,0.752131695016041,0.8095053237170342,0.7815984427146112,0.7866402078144323,0.655670274679663,0.8052731309976979,1.0,0.2462,0.977082818872034,0.2039,0.6478591773407205,0.40700709148220476,0.8237193514618436,0.6244061013025117,0.8618144838778168,0.3682,1.0,0.7970733059230428,0.42214845695369246,0.7068217341463319,0.6904512976959618,0.6912765613803646,0.7574089901007057,0.6285270745786009,0.66041827953755,0.8961174833580948,0.4722,0.9483431934466198,0.3682,0.43790139846808523,0.71788288063537,0.2039,0.8991157247496573,0.2039,1.0,0.3886532012162168,0.7364542470164533,0.5765890184691438,0.2462,0.9774001922178314,0.3682,0.7162134288635135,0.4324865519410417,0.7409848389403215,0.6812081819090801,0.3005021712456372,0.16055422230544286,0.1583229988726432,0.2941833560367373,0.16094997003799474,0.1651638790365091,0.3018407604660439,0.2941957526726428,0.29203297105523823,0.295428093175923,0.15862874080556985,0.1596763333446302,0.2918051209380806,0.16329254248718425,0.1634838017908417,0.15984930825239735,0.29483108714544326,0.28635796701027105,0.1639593376169352,0.16425468473787794,0.16085618165474672,0.16629294954654492,0.28606162615992103,0.2941485100421015,0.16528927198693835,0.2998413052315258,0.16759981181928216,0.675570151469884,0.592742687724308,1.0,1.0,0.3372,0.3372,0.2039,0.3682,0.4224,0.4224,0.7801744105205681,0.6442806795160181,1.0,1.0,0.2462,0.2462,0.2039,0.2039,0.4224,0.4224,0.6456346145588248,0.7524503614354684,1.0,1.0,0.3372,0.3372,0.2039,0.2039,0.4722,0.4722,0.725719440626305,0.730093959938201,1.0,0.890941720195148,0.2462,0.2462,0.3682,0.2039,0.6281743216949345,0.7366530999153529,1.0,0.8922325327422257,0.3372,0.2462,0.3682,0.3682,0.6462722570136701,0.7249932681918232,1.0,0.8953917764859095,0.2462,0.3372,0.2039,0.3682,0.6363625841363307,0.7149097796624355,1.0,1.0,0.3372,0.2039,0.2039,0.4224,0.4722,0.7244168708293282,0.7586607141357217,1.0,0.9757895943807517,0.3372,0.2462,0.3682,0.3682,0.4722,0.4722,0.6394789581178794,0.6888613428723578,1.0,0.8973768206026066,0.2462,0.3372,0.2039,0.2039,0.4722,0.4722,0.7308518633400705,0.7427250776809106,1.0,0.9288912851806133,0.3372,0.2462,0.3682,0.3682,0.4722,0.4224,0.7890724563505565,0.724725044270703,1.0,0.8981479797044117,0.2462,0.2462,0.2039,0.3682,0.4224,0.4224,0.7292130278731088,0.6041154697026001,1.0,0.9850878598023368,0.3682,0.4722,0.4224,0.7158032159199132,0.6797093186485069,1.0,0.8673429636304648,0.2462,0.2462,0.3682,0.2039,0.4224,0.4224,0.7556111311848281,0.6514599341298719,1.0,0.9097296962597448,0.2462,0.2462,0.2039,0.3682,0.6219675925080299,0.6356812633964259,1.0,1.0,0.2462,0.3372,0.3682,0.3682,0.6899216042149325,0.6329259018756581,1.0,1.0,0.2462,0.3372,0.3682,0.2039,0.6696588548226028,0.7572497263855087,1.0,1.0,0.3372,0.3372,0.2039,0.3682,0.699263875144887,0.7440877934163526,1.0,1.0,0.3372,0.2462,0.2039,0.3682,0.7793838386311043,0.6085647075493138,1.0,1.0,0.2462,0.3372,0.3682,0.3682,0.765003202134577,0.6738569948874721,1.0,1.0,0.3372,0.2462,0.3682,0.2039,0.6085761839185135,0.7446229735018269,1.0,1.0,0.3372,0.3372,0.3682,0.2039,0.4722,0.4722,0.6674496081608159,0.6220762674711012,1.0,1.0,0.3372,0.3372,0.2039,0.2039,0.7151973245255586,0.6780895917187584,1.0,0.9049466964693865,0.2462,0.2462,0.2039,0.3682,0.4224,0.4224,0.7124265626312192,0.6632369561614073,1.0,1.0,0.2462,0.3372,0.3682,0.3682,0.7322016700957441,0.7590770260102748,1.0,0.9077151769435385,0.2462,0.3372,0.2039,0.3682,0.698131744070073,0.5879486102319802,1.0,0.9363240902382741,0.3372,0.3372,0.3682,0.3682,0.6609340579123925,0.6643916448186256,1.0,0.9809474254799303,0.3372,0.3372,0.2039,0.3682
,86,1.0,0.7672992908683746,0.607724438590239,0.7003461558400657,0.5801396147150473,0.7847048447109188,1.0,0.1757,1.0,0.7059186061186509,0.36521038083053703,0.6193509939088867,0.7504539143326499,0.6657686422082381,0.8135353634412452,0.9229134784042423,0.255,1.0,0.3408,1.0,0.7956590978137797,0.3855592554525324,0.8066048875211815,0.8050400809195234,0.6014372904661405,0.6249105426913955,0.6607551080852307,0.6903486671965549,0.9341004357241487,0.4578,0.255,0.9079745031484208,0.1757,0.6980985276212373,0.4225423120767979,0.8165454402983403,0.7220694113720469,0.6534266604291311,0.8757135875659886,0.3408,0.38770448548303593,0.7110344753238096,0.6747627280294313,1.0,0.36597626777411196,0.255,0.1757,0.6467905202104947,0.35047850602506625,0.7107855750153116,0.6104472184217219,0.8174592308205662,0.9329801798109256,0.9549352164554886,0.3408,1.0,0.6758274964514832,0.3653450792315108,0.7796789067160443,0.6984326508787788,0.7225542057866297,0.6887361879454726,0.7751443701659296,0.7126776676717431,1.0,0.255,1.0,0.1757,1.0,0.8092010320816093,0.34218634626662414,0.6518551586757158,0.8015620008170148,0.7520400736513125,0.7025976211007812,0.5855087067941592,0.6366992791825292,1.0,0.255,1.0,0.1757,1.0,0.6869494596053927,0.4373419902563679,0.7469086316422167,0.6089903777452087,0.7805499912777778,0.7701681742084228,0.8901433280017234,0.355,0.9197314469859337,0.1757,1.0,0.6872593973992598,0.43222634414771677,0.6894196231775648,0.6315612116608079,0.6365152562447899,0.6156024468383898,0.7991717826257861,0.9610741546265391,0.355,0.913617502480158,0.3408,1.0,0.6646960101411303,0.6678965073136749,0.7254787724006668,0.7751179600607568,0.6518328590854627,0.4578,0.9490792287775549,0.3408,1.0,0.7236797715272303,0.770577347276147,0.6837990391940268,0.753828301869073,0.6177734209147742,1.0,0.355,0.9190053972783088,0.3408,1.0,0.7293941531978927,0.426491821414309,0.7316057903722224,0.6866198364452528,0.7685973511175211,0.7499860934178831,0.6484273896501764,0.255,0.9201564734945976,0.3408,0.6137327344177814,0.8809927087466419,0.3408,1.0,0.7200551538036133,0.40109520606419724,0.7297991591100954,0.7560948869191668,0.9792403160885339,0.1757,0.7216827402390291,0.38838486779992004,0.7839939905964157,0.7397967455640458,0.6575535703556179,0.6406684921688333,0.8721221521010423,0.255,0.882002685225313,0.3408,0.355,0.3408,0.7056064482603843,0.7144786315487254,0.3408,1.0,0.8242427209134155,0.36902876317922617,0.7896283636586936,0.8320014262505266,0.7507906936810493,0.7009991873027288,0.5854740714342417,0.7437260610300264,0.9568336368092356,0.355,1.0,0.1757,1.0,0.7460227523822613,0.41316961560043947,0.752131695016041,0.8095053237170342,0.7815984427146112,0.7866402078144323,0.655670274679663,0.8052731309976979,1.0,0.255,0.977082818872034,0.1757,0.6478591773407205,0.40700709148220476,0.8237193514618436,0.6244061013025117,0.8618144838778168,0.3408,1.0,0.7970733059230428,0.42214845695369246,0.7068217341463319,0.6904512976959618,0.6912765613803646,0.7574089901007057,0.6285270745786009,0.66041827953755,0.8961174833580948,0.4578,0.9483431934466198,0.3408,0.43790139846808523,0.71788288063537,0.1757,0.8991157247496573,0.1757,1.0,0.3886532012162168,0.7364542470164533,0.5765890184691438,0.255,0.9774001922178314,0.3408,0.7162134288635135,0.4324865519410417,0.7409848389403215,0.6812081819090801,0.2781399781654349,0.13834907728821141,0.13642643895009027,0.27229138440336786,0.13869009188658987,0.14232120425068484,0.2793789548257136,0.2723028585302462,0.27030102263885164,0.27344349308624266,0.13668989582902705,0.13759260308313645,0.2700901282338345,0.1407086793280935,0.14087348687911175,0.13774165502671018,0.2728909139032239,0.26504833013878426,0.14128325463116975,0.14153775433273735,0.13860927472652768,0.14329412082063725,0.26477404181233316,0.2722591315109945,0.1424292549686369,0.2775282912083215,0.1444202400031774,0.675570151469884,0.592742687724308,1.0,1.0,0.355,0.355,0.1757,0.3408,0.4421,0.4421,0.7801744105205681,0.6442806795160181,1.0,1.0,0.255,0.255,0.1757,0.1757,0.4421,0.4421,0.6456346145588248,0.7524503614354684,1.0,1.0,0.355,0.355,0.1757,0.1757,0.4578,0.4578,0.725719440626305,0.730093959938201,1.0,0.890941720195148,0.255,0.255,0.3408,0.1757,0.6281743216949345,0.7366530999153529,1.0,0.8922325327422257,0.355,0.255,0.3408,0.3408,0.6462722570136701,0.7249932681918232,1.0,0.8953917764859095,0.255,0.355,0.1757,0.3408,0.6363625841363307,0.7149097796624355,1.0,1.0,0.355,0.1757,0.1757,0.4421,0.4578,0.7244168708293282,0.7586607141357217,1.0,0.9757895943807517,0.355,0.255,0.3408,0.3408,0.4578,0.4578,0.6394789581178794,0.6888613428723578,1.0,0.8973768206026066,0.255,0.355,0.1757,0.1757,0.4578,0.4578,0.7308518633400705,0.7427250776809106,1.0,0.9288912851806133,0.355,0.255,0.3408,0.3408,0.4578,0.4421,0.7890724563505565,0.724725044270703,1.0,0.8981479797044117,0.255,0.255,0.1757,0.3408,0.4421,0.4421,0.7292130278731088,0.6041154697026001,1.0,0.9850878598023368,0.3408,0.4578,0.4421,0.7158032159199132,0.6797093186485069,1.0,0.8673429636304648,0.255,0.255,0.3408,0.1757,0.4421,0.4421,0.7556111311848281,0.6514599341298719,1.0,0.9097296962597448,0.255,0.255,0.1757,0.3408,0.6219675925080299,0.6356812633964259,1.0,1.0,0.255,0.355,0.3408,0.3408,0.6899216042149325,0.6329259018756581,1.0,1.0,0.255,0.355,0.3408,0.1757,0.6696588548226028,0.7572497263855087,1.0,1.0,0.355,0.355,0.1757,0.3408,0.699263875144887,0.7440877934163526,1.0,1.0,0.355,0.255,0.1757,0.3408,0.7793838386311043,0.6085647075493138,1.0,1.0,0.255,0.355,0.3408,0.3408,0.765003202134577,0.6738569948874721,1.0,1.0,0.355,0.255,0.3408,0.1757,0.6085761839185135,0.7446229735018269,1.0,1.0,0.355,0.355,0.3408,0.1757,0.4578,0.4578,0.6674496081608159,0.6220762674711012,1.0,1.0,0.355,0.355,0.1757,0.1757,0.7151973245255586,0.6780895917187584,1.0,0.9049466964693865,0.255,0.255,0.1757,0.3408,0.4421,0.4421,0.7124265626312192,0.6632369561614073,1.0,1.0,0.255,0.355,0.3408,0.3408,0.7322016700957441,0.7590770260102748,1.0,0.9077151769435385,0.255,0.355,0.1757,0.3408,0.698131744070073,0.5879486102319802,1.0,0.9363240902382741,0.355,0.355,0.3408,0.3408,0.6609340579123925,0.6643916448186256,1.0,0.9809474254799303,0.355,0.355,0.1757,0.3408
,87,1.0,0.7672992908683746,0.607724438590239,0.7003461558400657,0.5801396147150473,0.7847048447109188,1.0,0.1478,1.0,0.7059186061186509,0.36521038083053703,0.6193509939088867,0.7504539143326499,0.6657686422082381,0.8135353634412452,0.9229134784042423,0.2603,1.0,0.2942,1.0,0.7956590978137797,0.3855592554525324,0.8066048875211815,0.8050400809195234,0.6014372904661405,0.6249105426913955,0.6607551080852307,0.6903486671965549,0.9341004357241487,0.4558,0.2603,0.9079745031484208,0.1478,0.6980985276212373,0.4225423120767979,0.8165454402983403,0.7220694113720469,0.6534266604291311,0.8757135875659886,0.2942,0.38770448548303593,0.7110344753238096,0.6747627280294313,1.0,0.36597626777411196,0.2603,0.1478,0.6467905202104947,0.35047850602506625,0.7107855750153116,0.6104472184217219,0.8174592308205662,0.9329801798109256,0.9549352164554886,0.2942,1.0,0.6758274964514832,0.3653450792315108,0.7796789067160443,0.6984326508787788,0.7225542057866297,0.6887361879454726,0.7751443701659296,0.7126776676717431,1.0,0.2603,1.0,0.1478,1.0,0.8092010320816093,0.34218634626662414,0.6518551586757158,0.8015620008170148,0.7520400736513125,0.7025976211007812,0.5855087067941592,0.6366992791825292,1.0,0.2603,1.0,0.1478,1.0,0.6869494596053927,0.4373419902563679,0.7469086316422167,0.6089903777452087,0.7805499912777778,0.7701681742084228,0.8901433280017234,0.3582,0.9197314469859337,0.1478,1.0,0.6872593973992598,0.43222634414771677,0.6894196231775648,0.6315612116608079,0.6365152562447899,0.6156024468383898,0.7991717826257861,0.9610741546265391,0.3582,0.913617502480158,0.2942,1.0,0.6646960101411303,0.6678965073136749,0.7254787724006668,0.7751179600607568,0.6518328590854627,0.4558,0.9490792287775549,0.2942,1.0,0.7236797715272303,0.770577347276147,0.6837990391940268,0.753828301869073,0.6177734209147742,1.0,0.3582,0.9190053972783088,0.2942,1.0,0.7293941531978927,0.426491821414309,0.7316057903722224,0.6866198364452528,0.7685973511175211,0.7499860934178831,0.6484273896501764,0.2603,0.9201564734945976,0.2942,0.6137327344177814,0.8809927087466419,0.2942,1.0,0.7200551538036133,0.40109520606419724,0.7297991591100954,0.7560948869191668,0.9792403160885339,0.1478,0.7216827402390291,0.38838486779992004,0.7839939905964157,0.7397967455640458,0.6575535703556179,0.6406684921688333,0.8721221521010423,0.2603,0.882002685225313,0.2942,0.3582,0.2942,0.7056064482603843,0.7144786315487254,0.2942,1.0,0.8242427209134155,0.36902876317922617,0.7896283636586936,0.8320014262505266,0.7507906936810493,0.7009991873027288,0.5854740714342417,0.7437260610300264,0.9568336368092356,0.3582,1.0,0.1478,1.0,0.7460227523822613,0.41316961560043947,0.752131695016041,0.8095053237170342,0.7815984427146112,0.7866402078144323,0.655670274679663,0.8052731309976979,1.0,0.2603,0.977082818872034,0.1478,0.6478591773407205,0.40700709148220476,0.8237193514618436,0.6244061013025117,0.8618144838778168,0.2942,1.0,0.7970733059230428,0.42214845695369246,0.7068217341463319,0.6904512976959618,0.6912765613803646,0.7574089901007057,0.6285270745786009,0.66041827953755,0.8961174833580948,0.4558,0.9483431934466198,0.2942,0.43790139846808523,0.71788288063537,0.1478,0.8991157247496573,0.1478,1.0,0.3886532012162168,0.7364542470164533,0.5765890184691438,0.2603,0.9774001922178314,0.2942,0.7162134288635135,0.4324865519410417,0.7409848389403215,0.6812081819090801,0.24010792716041948,0.11638015721797182,0.11476282115437304,0.23505905308530176,0.11666702094956165,0.11972153664343325,0.24117748975858258,0.2350689582734696,0.23334084759492416,0.23605362578043604,0.11498444282031986,0.11574380612229691,0.23315879027697803,0.1183650700323974,0.1185037072324002,0.11586918960129634,0.2355766046664568,0.22880639297778854,0.11884840657078481,0.11906249339999193,0.11659903702094931,0.12053996048543078,0.22856961003869844,0.23503121035954988,0.11981242962074296,0.23957988049732454,0.12148725937660569,0.675570151469884,0.592742687724308,1.0,1.0,0.3582,0.3582,0.1478,0.2942,0.4634,0.4634,0.7801744105205681,0.6442806795160181,1.0,1.0,0.2603,0.2603,0.1478,0.1478,0.4634,0.4634,0.6456346145588248,0.7524503614354684,1.0,1.0,0.3582,0.3582,0.1478,0.1478,0.4558,0.4558,0.725719440626305,0.730093959938201,1.0,0.890941720195148,0.2603,0.2603,0.2942,0.1478,0.6281743216949345,0.7366530999153529,1.0,0.8922325327422257,0.3582,0.2603,0.2942,0.2942,0.6462722570136701,0.7249932681918232,1.0,0.8953917764859095,0.2603,0.3582,0.1478,0.2942,0.6363625841363307,0.7149097796624355,1.0,1.0,0.3582,0.1478,0.1478,0.4634,0.4558,0.7244168708293282,0.7586607141357217,1.0,0.9757895943807517,0.3582,0.2603,0.2942,0.2942,0.4558,0.4558,0.6394789581178794,0.6888613428723578,1.0,0.8973768206026066,0.2603,0.3582,0.1478,0.1478,0.4558,0.4558,0.7308518633400705,0.7427250776809106,1.0,0.9288912851806133,0.3582,0.2603,0.2942,0.2942,0.4558,0.4634,0.7890724563505565,0.724725044270703,1.0,0.8981479797044117,0.2603,0.2603,0.1478,0.2942,0.4634,0.4634,0.7292130278731088,0.6041154697026001,1.0,0.9850878598023368,0.2942,0.4558,0.4634,0.7158032159199132,0.6797093186485069,1.0,0.8673429636304648,0.2603,0.2603,0.2942,0.1478,0.4634,0.4634,0.7556111311848281,0.6514599341298719,1.0,0.9097296962597448,0.2603,0.2603,0.1478,0.2942,0.6219675925080299,0.6356812633964259,1.0,1.0,0.2603,0.3582,0.2942,0.2942,0.6899216042149325,0.6329259018756581,1.0,1.0,0.2603,0.3582,0.2942,0.1478,0.6696588548226028,0.7572497263855087,1.0,1.0,0.3582,0.3582,0.1478,0.2942,0.699263875144887,0.7440877934163526,1.0,1.0,0.3582,0.2603,0.1478,0.2942,0.7793838386311043,0.6085647075493138,1.0,1.0,0.2603,0.3582,0.2942,0.2942,0.765003202134577,0.6738569948874721,1.0,1.0,0.3582,0.2603,0.2942,0.1478,0.6085761839185135,0.7446229735018269,1.0,1.0,0.3582,0.3582,0.2942,0.1478,0.4558,0.4558,0.6674496081608159,0.6220762674711012,1.0,1.0,0.3582,0.3582,0.1478,0.1478,0.7151973245255586,0.6780895917187584,1.0,0.9049466964693865,0.2603,0.2603,0.1478,0.2942,0.4634,0.4634,0.7124265626312192,0.6632369561614073,1.0,1.0,0.2603,0.3582,0.2942,0.2942,0.7322016700957441,0.7590770260102748,1.0,0.9077151769435385,0.2603,0.3582,0.1478,0.2942,0.698131744070073,0.5879486102319802,1.0,0.9363240902382741,0.3582,0.3582,0.2942,0.2942,0.6609340579123925,0.6643916448186256,1.0,0.9809474254799303,0.3582,0.3582,0.1478,0.2942
,88,1.0,0.7672992908683746,0.607724438590239,0.7003461558400657,0.5801396147150473,0.7847048447109188,1.0,0.1197,1.0,0.7059186061186509,0.36521038083053703,0.6193509939088867,0.7504539143326499,0.6657686422082381,0.8135353634412452,0.9229134784042423,0.2551,1.0,0.215,1.0,0.7956590978137797,0.3855592554525324,0.8066048875211815,0.8050400809195234,0.6014372904661405,0.6249105426913955,0.6607551080852307,0.6903486671965549,0.9341004357241487,0.4622,0.2551,0.9079745031484208,0.1197,0.6980985276212373,0.4225423120767979,0.8165454402983403,0.7220694113720469,0.6534266604291311,0.8757135875659886,0.215,0.38770448548303593,0.7110344753238096,0.6747627280294313,1.0,0.36597626777411196,0.2551,0.1197,0.6467905202104947,0.35047850602506625,0.7107855750153116,0.6104472184217219,0.8174592308205662,0.9329801798109256,0.9549352164554886,0.215,1.0,0.6758274964514832,0.3653450792315108,0.7796789067160443,0.6984326508787788,0.7225542057866297,0.6887361879454726,0.7751443701659296,0.7126776676717431,1.0,0.2551,1.0,0.1197,1.0,0.8092010320816093,0.34218634626662414,0.6518551586757158,0.8015620008170148,0.7520400736513125,0.7025976211007812,0.5855087067941592,0.6366992791825292,1.0,0.2551,1.0,0.1197,1.0,0.6869494596053927,0.4373419902563679,0.7469086316422167,0.6089903777452087,0.7805499912777778,0.7701681742084228,0.8901433280017234,0.3506,0.9197314469859337,0.1197,1.0,0.6872593973992598,0.43222634414771677,0.6894196231775648,0.6315612116608079,0.6365152562447899,0.6156024468383898,0.7991717826257861,0.9610741546265391,0.3506,0.913617502480158,0.215,1.0,0.6646960101411303,0.6678965073136749,0.7254787724006668,0.7751179600607568,0.6518328590854627,0.4622,0.9490792287775549,0.215,1.0,0.7236797715272303,0.770577347276147,0.6837990391940268,0.753828301869073,0.6177734209147742,1.0,0.3506,0.9190053972783088,0.215,1.0,0.7293941531978927,0.426491821414309,0.7316057903722224,0.6866198364452528,0.7685973511175211,0.7499860934178831,0.6484273896501764,0.2551,0.9201564734945976,0.215,0.6137327344177814,0.8809927087466419,0.215,1.0,0.7200551538036133,0.40109520606419724,0.7297991591100954,0.7560948869191668,0.9792403160885339,0.1197,0.7216827402390291,0.38838486779992004,0.7839939905964157,0.7397967455640458,0.6575535703556179,0.6406684921688333,0.8721221521010423,0.2551,0.882002685225313,0.215,0.3506,0.215,0.7056064482603843,0.7144786315487254,0.215,1.0,0.8242427209134155,0.36902876317922617,0.7896283636586936,0.8320014262505266,0.7507906936810493,0.7009991873027288,0.5854740714342417,0.7437260610300264,0.9568336368092356,0.3506,1.0,0.1197,1.0,0.7460227523822613,0.41316961560043947,0.752131695016041,0.8095053237170342,0.7815984427146112,0.7866402078144323,0.655670274679663,0.8052731309976979,1.0,0.2551,0.977082818872034,0.1197,0.6478591773407205,0.40700709148220476,0.8237193514618436,0.6244061013025117,0.8618144838778168,0.215,1.0,0.7970733059230428,0.42214845695369246,0.7068217341463319,0.6904512976959618,0.6912765613803646,0.7574089901007057,0.6285270745786009,0.66041827953755,0.8961174833580948,0.4622,0.9483431934466198,0.215,0.43790139846808523,0.71788288063537,0.1197,0.8991157247496573,0.1197,1.0,0.3886532012162168,0.7364542470164533,0.5765890184691438,0.2551,0.9774001922178314,0.215,0.7162134288635135,0.4324865519410417,0.7409848389403215,0.6812081819090801,0.1754697632205649,0.09425375384973768,0.09294390860743204,0.17178006938592752,0.09448607853628235,0.09695986425046658,0.17625139462302944,0.17178730805165182,0.1705244127563178,0.17250689851391485,0.09312339516638897,0.09373838696102126,0.17039136610996014,0.09586129149443823,0.09597357074234307,0.09383993230903365,0.17215829368894703,0.16721065428356402,0.09625273522681288,0.09642611948564977,0.09443101983361052,0.09762268788975688,0.1670376144062548,0.1717597220506568,0.09703347649257736,0.17508386916017937,0.09838988462367865,0.675570151469884,0.592742687724308,1.0,1.0,0.3506,0.3506,0.1197,0.215,0.4946,0.4946,0.7801744105205681,0.6442806795160181,1.0,1.0,0.2551,0.2551,0.1197,0.1197,0.4946,0.4946,0.6456346145588248,0.7524503614354684,1.0,1.0,0.3506,0.3506,0.1197,0.1197,0.4622,0.4622,0.725719440626305,0.730093959938201,1.0,0.890941720195148,0.2551,0.2551,0.215,0.1197,0.6281743216949345,0.7366530999153529,1.0,0.8922325327422257,0.3506,0.2551,0.215,0.215,0.6462722570136701,0.7249932681918232,1.0,0.8953917764859095,0.2551,0.3506,0.1197,0.215,0.6363625841363307,0.7149097796624355,1.0,1.0,0.3506,0.1197,0.1197,0.4946,0.4622,0.7244168708293282,0.7586607141357217,1.0,0.9757895943807517,0.3506,0.2551,0.215,0.215,0.4622,0.4622,0.6394789581178794,0.6888613428723578,1.0,0.8973768206026066,0.2551,0.3506,0.1197,0.1197,0.4622,0.4622,0.7308518633400705,0.7427250776809106,1.0,0.9288912851806133,0.3506,0.2551,0.215,0.215,0.4622,0.4946,0.7890724563505565,0.724725044270703,1.0,0.8981479797044117,0.2551,0.2551,0.1197,0.215,0.4946,0.4946,0.7292130278731088,0.6041154697026001,1.0,0.9850878598023368,0.215,0.4622,0.4946,0.7158032159199132,0.6797093186485069,1.0,0.8673429636304648,0.2551,0.2551,0.215,0.1197,0.4946,0.4946,0.7556111311848281,0.6514599341298719,1.0,0.9097296962597448,0.2551,0.2551,0.1197,0.215,0.6219675925080299,0.6356812633964259,1.0,1.0,0.2551,0.3506,0.215,0.215,0.6899216042149325,0.6329259018756581,1.0,1.0,0.2551,0.3506,0.215,0.1197,0.6696588548226028,0.7572497263855087,1.0,1.0,0.3506,0.3506,0.1197,0.215,0.699263875144887,0.7440877934163526,1.0,1.0,0.3506,0.2551,0.1197,0.215,0.7793838386311043,0.6085647075493138,1.0,1.0,0.2551,0.3506,0.215,0.215,0.765003202134577,0.6738569948874721,1.0,1.0,0.3506,0.2551,0.215,0.1197,0.6085761839185135,0.7446229735018269,1.0,1.0,0.3506,0.3506,0.215,0.1197,0.4622,0.4622,0.6674496081608159,0.6220762674711012,1.0,1.0,0.3506,0.3506,0.1197,0.1197,0.7151973245255586,0.6780895917187584,1.0,0.9049466964693865,0.2551,0.2551,0.1197,0.215,0.4946,0.4946,0.7124265626312192,0.6632369561614073,1.0,1.0,0.2551,0.3506,0.215,0.215,0.7322016700957441,0.7590770260102748,1.0,0.9077151769435385,0.2551,0.3506,0.1197,0.215,0.698131744070073,0.5879486102319802,1.0,0.9363240902382741,0.3506,0.3506,0.215,0.215,0.6609340579123925,0.6643916448186256,1.0,0.9809474254799303,0.3506,0.3506,0.1197,0.215
,89,1.0,0.7672992908683746,0.607724438590239,0.7003461558400657,0.5801396147150473,0.7847048447109188,1.0,0.03604,1.0,0.7059186061186509,0.36521038083053703,0.6193509939088867,0.7504539143326499,0.6657686422082381,0.8135353634412452,0.9229134784042423,0.2512,1.0,0.0674,1.0,0.7956590978137797,0.3855592554525324,0.8066048875211815,0.8050400809195234,0.6014372904661405,0.6249105426913955,0.6607551080852307,0.6903486671965549,0.9341004357241487,0.489,0.2512,0.9079745031484208,0.03604,0.6980985276212373,0.4225423120767979,0.8165454402983403,0.7220694113720469,0.6534266604291311,0.8757135875659886,0.0674,0.38770448548303593,0.7110344753238096,0.6747627280294313,1.0,0.36597626777411196,0.2512,0.03604,0.6467905202104947,0.35047850602506625,0.7107855750153116,0.6104472184217219,0.8174592308205662,0.9329801798109256,0.9549352164554886,0.0674,1.0,0.6758274964514832,0.3653450792315108,0.7796789067160443,0.6984326508787788,0.7225542057866297,0.6887361879454726,0.7751443701659296,0.7126776676717431,1.0,0.2512,1.0,0.03604,1.0,0.8092010320816093,0.34218634626662414,0.6518551586757158,0.8015620008170148,0.7520400736513125,0.7025976211007812,0.5855087067941592,0.6366992791825292,1.0,0.2512,1.0,0.03604,1.0,0.6869494596053927,0.4373419902563679,0.7469086316422167,0.6089903777452087,0.7805499912777778,0.7701681742084228,0.8901433280017234,0.4268,0.9197314469859337,0.03604,1.0,0.6872593973992598,0.43222634414771677,0.6894196231775648,0.6315612116608079,0.6365152562447899,0.6156024468383898,0.7991717826257861,0.9610741546265391,0.4268,0.913617502480158,0.0674,1.0,0.6646960101411303,0.6678965073136749,0.7254787724006668,0.7751179600607568,0.6518328590854627,0.489,0.9490792287775549,0.0674,1.0,0.7236797715272303,0.770577347276147,0.6837990391940268,0.753828301869073,0.6177734209147742,1.0,0.4268,0.9190053972783088,0.0674,1.0,0.7293941531978927,0.426491821414309,0.7316057903722224,0.6866198364452528,0.7685973511175211,0.7499860934178831,0.6484273896501764,0.2512,0.9201564734945976,0.0674,0.6137327344177814,0.8809927087466419,0.0674,1.0,0.7200551538036133,0.40109520606419724,0.7297991591100954,0.7560948869191668,0.9792403160885339,0.03604,0.7216827402390291,0.38838486779992004,0.7839939905964157,0.7397967455640458,0.6575535703556179,0.6406684921688333,0.8721221521010423,0.2512,0.882002685225313,0.0674,0.4268,0.0674,0.7056064482603843,0.7144786315487254,0.0674,1.0,0.8242427209134155,0.36902876317922617,0.7896283636586936,0.8320014262505266,0.7507906936810493,0.7009991873027288,0.5854740714342417,0.7437260610300264,0.9568336368092356,0.4268,1.0,0.03604,1.0,0.7460227523822613,0.41316961560043947,0.752131695016041,0.8095053237170342,0.7815984427146112,0.7866402078144323,0.655670274679663,0.8052731309976979,1.0,0.2512,0.977082818872034,0.03604,0.6478591773407205,0.40700709148220476,0.8237193514618436,0.6244061013025117,0.8618144838778168,0.0674,1.0,0.7970733059230428,0.42214845695369246,0.7068217341463319,0.6904512976959618,0.6912765613803646,0.7574089901007057,0.6285270745786009,0.66041827953755,0.8961174833580948,0.489,0.9483431934466198,0.0674,0.43790139846808523,0.71788288063537,0.03604,0.8991157247496573,0.03604,1.0,0.3886532012162168,0.7364542470164533,0.5765890184691438,0.2512,0.9774001922178314,0.0674,0.7162134288635135,0.4324865519410417,0.7409848389403215,0.6812081819090801,0.055007730423563134,0.028378490298617758,0.027984114170525067,0.053851054309821,0.02844844002044792,0.02919326238585477,0.055252762779498525,0.05385332354735503,0.05345742055709683,0.05407890678994354,0.0280381550693121,0.028223320518589858,0.053415711980517734,0.028862497455802452,0.028896303170877564,0.028253894406161845,0.053969623230860596,0.05241859580796379,0.028980355702375407,0.029032559283732814,0.028431862613227426,0.029392829336230893,0.05236434981851895,0.053844675656810545,0.029215426004949772,0.05488675712277251,0.02962382156923457,0.675570151469884,0.592742687724308,1.0,1.0,0.4268,0.4268,0.03604,0.0674,0.5273,0.5273,0.7801744105205681,0.6442806795160181,1.0,1.0,0.2512,0.2512,0.03604,0.03604,0.5273,0.5273,0.6456346145588248,0.7524503614354684,1.0,1.0,0.4268,0.4268,0.03604,0.03604,0.489,0.489,0.725719440626305,0.730093959938201,1.0,0.890941720195148,0.2512,0.2512,0.0674,0.03604,0.6281743216949345,0.7366530999153529,1.0,0.8922325327422257,0.4268,0.2512,0.0674,0.0674,0.6462722570136701,0.7249932681918232,1.0,0.8953917764859095,0.2512,0.4268,0.03604,0.0674,0.6363625841363307,0.7149097796624355,1.0,1.0,0.4268,0.03604,0.03604,0.5273,0.489,0.7244168708293282,0.7586607141357217,1.0,0.9757895943807517,0.4268,0.2512,0.0674,0.0674,0.489,0.489,0.6394789581178794,0.6888613428723578,1.0,0.8973768206026066,0.2512,0.4268,0.03604,0.03604,0.489,0.489,0.7308518633400705,0.7427250776809106,1.0,0.9288912851806133,0.4268,0.2512,0.0674,0.0674,0.489,0.5273,0.7890724563505565,0.724725044270703,1.0,0.8981479797044117,0.2512,0.2512,0.03604,0.0674,0.5273,0.5273,0.7292130278731088,0.6041154697026001,1.0,0.9850878598023368,0.0674,0.489,0.5273,0.7158032159199132,0.6797093186485069,1.0,0.8673429636304648,0.2512,0.2512,0.0674,0.03604,0.5273,0.5273,0.7556111311848281,0.6514599341298719,1.0,0.9097296962597448,0.2512,0.2512,0.03604,0.0674,0.6219675925080299,0.6356812633964259,1.0,1.0,0.2512,0.4268,0.0674,0.0674,0.6899216042149325,0.6329259018756581,1.0,1.0,0.2512,0.4268,0.0674,0.03604,0.6696588548226028,0.7572497263855087,1.0,1.0,0.4268,0.4268,0.03604,0.0674,0.699263875144887,0.7440877934163526,1.0,1.0,0.4268,0.2512,0.03604,0.0674,0.7793838386311043,0.6085647075493138,1.0,1.0,0.2512,0.4268,0.0674,0.0674,0.765003202134577,0.6738569948874721,1.0,1.0,0.4268,0.2512,0.0674,0.03604,0.6085761839185135,0.7446229735018269,1.0,1.0,0.4268,0.4268,0.0674,0.03604,0.489,0.489,0.6674496081608159,0.6220762674711012,1.0,1.0,0.4268,0.4268,0.03604,0.03604,0.7151973245255586,0.6780895917187584,1.0,0.9049466964693865,0.2512,0.2512,0.03604,0.0674,0.5273,0.5273,0.7124265626312192,0.6632369561614073,1.0,1.0,0.2512,0.4268,0.0674,0.0674,0.7322016700957441,0.7590770260102748,1.0,0.9077151769435385,0.2512,0.4268,0.03604,0.0674,0.698131744070073,0.5879486102319802,1.0,0.9363240902382741,0.4268,0.4268,0.0674,0.0674,0.6609340579123925,0.6643916448186256,1.0,0.9809474254799303,0.4268,0.4268,0.03604,0.0674
,90,1.0,0.7672992908683746,0.607724438590239,0.7003461558400657,0.5801396147150473,0.7847048447109188,1.0,0.0,1.0,0.7059186061186509,0.36521038083053703,0.6193509939088867,0.7504539143326499,0.6657686422082381,0.8135353634412452,0.9229134784042423,0.304,1.0,7.546e-05,1.0,0.7956590978137797,0.3855592554525324,0.8066048875211815,0.8050400809195234,0.6014372904661405,0.6249105426913955,0.6607551080852307,0.6903486671965549,0.9341004357241487,0.5005,0.304,0.9079745031484208,0.0,0.6980985276212373,0.4225423120767979,0.8165454402983403,0.7220694113720469,0.6534266604291311,0.8757135875659886,7.546e-05,0.38770448548303593,0.7110344753238096,0.6747627280294313,1.0,0.36597626777411196,0.304,0.0,0.6467905202104947,0.35047850602506625,0.7107855750153116,0.6104472184217219,0.8174592308205662,0.9329801798109256,0.9549352164554886,7.546e-05,1.0,0.6758274964514832,0.3653450792315108,0.7796789067160443,0.6984326508787788,0.7225542057866297,0.6887361879454726,0.7751443701659296,0.7126776676717431,1.0,0.304,1.0,0.0,1.0,0.8092010320816093,0.34218634626662414,0.6518551586757158,0.8015620008170148,0.7520400736513125,0.7025976211007812,0.5855087067941592,0.6366992791825292,1.0,0.304,1.0,0.0,1.0,0.6869494596053927,0.4373419902563679,0.7469086316422167,0.6089903777452087,0.7805499912777778,0.7701681742084228,0.8901433280017234,0.5044,0.9197314469859337,0.0,1.0,0.6872593973992598,0.43222634414771677,0.6894196231775648,0.6315612116608079,0.6365152562447899,0.6156024468383898,0.7991717826257861,0.9610741546265391,0.5044,0.913617502480158,7.546e-05,1.0,0.6646960101411303,0.6678965073136749,0.7254787724006668,0.7751179600607568,0.6518328590854627,0.5005,0.9490792287775549,7.546e-05,1.0,0.7236797715272303,0.770577347276147,0.6837990391940268,0.753828301869073,0.6177734209147742,1.0,0.5044,0.9190053972783088,7.546e-05,1.0,0.7293941531978927,0.426491821414309,0.7316057903722224,0.6866198364452528,0.7685973511175211,0.7499860934178831,0.6484273896501764,0.304,0.9201564734945976,7.546e-05,0.6137327344177814,0.8809927087466419,7.546e-05,1.0,0.7200551538036133,0.40109520606419724,0.7297991591100954,0.7560948869191668,0.9792403160885339,0.0,0.7216827402390291,0.38838486779992004,0.7839939905964157,0.7397967455640458,0.6575535703556179,0.6406684921688333,0.8721221521010423,0.304,0.882002685225313,7.546e-05,0.5044,7.546e-05,0.7056064482603843,0.7144786315487254,7.546e-05,1.0,0.8242427209134155,0.36902876317922617,0.7896283636586936,0.8320014262505266,0.7507906936810493,0.7009991873027288,0.5854740714342417,0.7437260610300264,0.9568336368092356,0.5044,1.0,0.0,1.0,0.7460227523822613,0.41316961560043947,0.752131695016041,0.8095053237170342,0.7815984427146112,0.7866402078144323,0.655670274679663,0.8052731309976979,1.0,0.304,0.977082818872034,0.0,0.6478591773407205,0.40700709148220476,0.8237193514618436,0.6244061013025117,0.8618144838778168,7.546e-05,1.0,0.7970733059230428,0.42214845695369246,0.7068217341463319,0.6904512976959618,0.6912765613803646,0.7574089901007057,0.6285270745786009,0.66041827953755,0.8961174833580948,0.5005,0.9483431934466198,7.546e-05,0.43790139846808523,0.71788288063537,0.0,0.8991157247496573,0.0,1.0,0.3886532012162168,0.7364542470164533,0.5765890184691438,0.304,0.9774001922178314,7.546e-05,0.7162134288635135,0.4324865519410417,0.7409848389403215,0.6812081819090801,6.158580619825036e-05,0.0,0.0,6.0290809469126e-05,0.0,0.0,6.186014064304094e-05,6.0293350072454166e-05,5.985010319344995e-05,6.054590959004658e-05,0.0,0.0,5.980340691468647e-05,0.0,0.0,0.0,6.042355740357182e-05,5.868705103366391e-05,0.0,0.0,0.0,0.0,5.862631806091157e-05,6.0283668027639816e-05,0.0,6.145036635733552e-05,0.0,0.675570151469884,0.592742687724308,1.0,1.0,0.5044,0.5044,0.0,7.546e-05,0.556,0.556,0.7801744105205681,0.6442806795160181,1.0,1.0,0.304,0.304,0.0,0.0,0.556,0.556,0.6456346145588248,0.7524503614354684,1.0,1.0,0.5044,0.5044,0.0,0.0,0.5005,0.5005,0.725719440626305,0.730093959938201,1.0,0.890941720195148,0.304,0.304,7.546e-05,0.0,0.6281743216949345,0.7366530999153529,1.0,0.8922325327422257,0.5044,0.304,7.546e-05,7.546e-05,0.6462722570136701,0.7249932681918232,1.0,0.8953917764859095,0.304,0.5044,0.0,7.546e-05,0.6363625841363307,0.7149097796624355,1.0,1.0,0.5044,0.0,0.0,0.556,0.5005,0.7244168708293282,0.7586607141357217,1.0,0.9757895943807517,0.5044,0.304,7.546e-05,7.546e-05,0.5005,0.5005,0.6394789581178794,0.6888613428723578,1.0,0.8973768206026066,0.304,0.5044,0.0,0.0,0.5005,0.5005,0.7308518633400705,0.7427250776809106,1.0,0.9288912851806133,0.5044,0.304,7.546e-05,7.546e-05,0.5005,0.556,0.7890724563505565,0.724725044270703,1.0,0.8981479797044117,0.304,0.304,0.0,7.546e-05,0.556,0.556,0.7292130278731088,0.6041154697026001,1.0,0.9850878598023368,7.546e-05,0.5005,0.556,0.7158032159199132,0.6797093186485069,1.0,0.8673429636304648,0.304,0.304,7.546e-05,0.0,0.556,0.556,0.7556111311848281,0.6514599341298719,1.0,0.9097296962597448,0.304,0.304,0.0,7.546e-05,0.6219675925080299,0.6356812633964259,1.0,1.0,0.304,0.5044,7.546e-05,7.546e-05,0.6899216042149325,0.6329259018756581,1.0,1.0,0.304,0.5044,7.546e-05,0.0,0.6696588548226028,0.7572497263855087,1.0,1.0,0.5044,0.5044,0.0,7.546e-05,0.699263875144887,0.7440877934163526,1.0,1.0,0.5044,0.304,0.0,7.546e-05,0.7793838386311043,0.6085647075493138,1.0,1.0,0.304,0.5044,7.546e-05,7.546e-05,0.765003202134577,0.6738569948874721,1.0,1.0,0.5044,0.304,7.546e-05,0.0,0.6085761839185135,0.7446229735018269,1.0,1.0,0.5044,0.5044,7.546e-05,0.0,0.5005,0.5005,0.6674496081608159,0.6220762674711012,1.0,1.0,0.5044,0.5044,0.0,0.0,0.7151973245255586,0.6780895917187584,1.0,0.9049466964693865,0.304,0.304,0.0,7.546e-05,0.556,0.556,0.7124265626312192,0.6632369561614073,1.0,1.0,0.304,0.5044,7.546e-05,7.546e-05,0.7322016700957441,0.7590770260102748,1.0,0.9077151769435385,0.304,0.5044,0.0,7.546e-05,0.698131744070073,0.5879486102319802,1.0,0.9363240902382741,0.5044,0.5044,7.546e-05,7.546e-05,0.6609340579123925,0.6643916448186256,1.0,0.9809474254799303,0.5044,0.5044,0.0,7.546e-05
,91,1.0,0.7672992908683746,0.607724438590239,0.7003461558400657,0.5801396147150473,0.7847048447109188,1.0,0.0,1.0,0.7059186061186509,0.36521038083053703,0.6193509939088867,0.7504539143326499,0.6657686422082381,0.8135353634412452,0.9229134784042423,0.3418,1.0,0.0,1.0,0.7956590978137797,0.3855592554525324,0.8066048875211815,0.8050400809195234,0.6014372904661405,0.6249105426913955,0.6607551080852307,0.6903486671965549,0.9341004357241487,0.5166,0.3418,0.9079745031484208,0.0,0.6980985276212373,0.4225423120767979,0.8165454402983403,0.7220694113720469,0.6534266604291311,0.8757135875659886,0.0,0.38770448548303593,0.7110344753238096,0.6747627280294313,1.0,0.36597626777411196,0.3418,0.0,0.6467905202104947,0.35047850602506625,0.7107855750153116,0.6104472184217219,0.8174592308205662,0.9329801798109256,0.9549352164554886,0.0,1.0,0.6758274964514832,0.3653450792315108,0.7796789067160443,0.6984326508787788,0.7225542057866297,0.6887361879454726,0.7751443701659296,0.7126776676717431,1.0,0.3418,1.0,0.0,1.0,0.8092010320816093,0.34218634626662414,0.6518551586757158,0.8015620008170148,0.7520400736513125,0.7025976211007812,0.5855087067941592,0.6366992791825292,1.0,0.3418,1.0,0.0,1.0,0.6869494596053927,0.4373419902563679,0.7469086316422167,0.6089903777452087,0.7805499912777778,0.7701681742084228,0.8901433280017234,0.515,0.9197314469859337,0.0,1.0,0.6872593973992598,0.43222634414771677,0.6894196231775648,0.6315612116608079,0.6365152562447899,0.6156024468383898,0.7991717826257861,0.9610741546265391,0.515,0.913617502480158,0.0,1.0,0.6646960101411303,0.6678965073136749,0.7254787724006668,0.7751179600607568,0.6518328590854627,0.5166,0.9490792287775549,0.0,1.0,0.7236797715272303,0.770577347276147,0.6837990391940268,0.753828301869073,0.6177734209147742,1.0,0.515,0.9190053972783088,0.0,1.0,0.7293941531978927,0.426491821414309,0.7316057903722224,0.6866198364452528,0.7685973511175211,0.7499860934178831,0.6484273896501764,0.3418,0.9201564734945976,0.0,0.6137327344177814,0.8809927087466419,0.0,1.0,0.7200551538036133,0.40109520606419724,0.7297991591100954,0.7560948869191668,0.9792403160885339,0.0,0.7216827402390291,0.38838486779992004,0.7839939905964157,0.7397967455640458,0.6575535703556179,0.6406684921688333,0.8721221521010423,0.3418,0.882002685225313,0.0,0.515,0.0,0.7056064482603843,0.7144786315487254,0.0,1.0,0.8242427209134155,0.36902876317922617,0.7896283636586936,0.8320014262505266,0.7507906936810493,0.7009991873027288,0.5854740714342417,0.7437260610300264,0.9568336368092356,0.515,1.0,0.0,1.0,0.7460227523822613,0.41316961560043947,0.752131695016041,0.8095053237170342,0.7815984427146112,0.7866402078144323,0.655670274679663,0.8052731309976979,1.0,0.3418,0.977082818872034,0.0,0.6478591773407205,0.40700709148220476,0.8237193514618436,0.6244061013025117,0.8618144838778168,0.0,1.0,0.7970733059230428,0.42214845695369246,0.7068217341463319,0.6904512976959618,0.6912765613803646,0.7574089901007057,0.6285270745786009,0.66041827953755,0.8961174833580948,0.5166,0.9483431934466198,0.0,0.43790139846808523,0.71788288063537,0.0,0.8991157247496573,0.0,1.0,0.3886532012162168,0.7364542470164533,0.5765890184691438,0.3418,0.9774001922178314,0.0,0.7162134288635135,0.4324865519410417,0.7409848389403215,0.6812081819090801,0.0,0.0,0.0,0.0,0.0,0.0,0.0,0.0,0.0,0.0,0.0,0.0,0.0,0.0,0.0,0.0,0.0,0.0,0.0,0.0,0.0,0.0,0.0,0.0,0.0,0.0,0.0,0.675570151469884,0.592742687724308,1.0,1.0,0.515,0.515,0.0,0.0,0.59,0.59,0.7801744105205681,0.6442806795160181,1.0,1.0,0.3418,0.3418,0.0,0.0,0.59,0.59,0.6456346145588248,0.7524503614354684,1.0,1.0,0.515,0.515,0.0,0.0,0.5166,0.5166,0.725719440626305,0.730093959938201,1.0,0.890941720195148,0.3418,0.3418,0.0,0.0,0.6281743216949345,0.7366530999153529,1.0,0.8922325327422257,0.515,0.3418,0.0,0.0,0.6462722570136701,0.7249932681918232,1.0,0.8953917764859095,0.3418,0.515,0.0,0.0,0.6363625841363307,0.7149097796624355,1.0,1.0,0.515,0.0,0.0,0.59,0.5166,0.7244168708293282,0.7586607141357217,1.0,0.9757895943807517,0.515,0.3418,0.0,0.0,0.5166,0.5166,0.6394789581178794,0.6888613428723578,1.0,0.8973768206026066,0.3418,0.515,0.0,0.0,0.5166,0.5166,0.7308518633400705,0.7427250776809106,1.0,0.9288912851806133,0.515,0.3418,0.0,0.0,0.5166,0.59,0.7890724563505565,0.724725044270703,1.0,0.8981479797044117,0.3418,0.3418,0.0,0.0,0.59,0.59,0.7292130278731088,0.6041154697026001,1.0,0.9850878598023368,0.0,0.5166,0.59,0.7158032159199132,0.6797093186485069,1.0,0.8673429636304648,0.3418,0.3418,0.0,0.0,0.59,0.59,0.7556111311848281,0.6514599341298719,1.0,0.9097296962597448,0.3418,0.3418,0.0,0.0,0.6219675925080299,0.6356812633964259,1.0,1.0,0.3418,0.515,0.0,0.0,0.6899216042149325,0.6329259018756581,1.0,1.0,0.3418,0.515,0.0,0.0,0.6696588548226028,0.7572497263855087,1.0,1.0,0.515,0.515,0.0,0.0,0.699263875144887,0.7440877934163526,1.0,1.0,0.515,0.3418,0.0,0.0,0.7793838386311043,0.6085647075493138,1.0,1.0,0.3418,0.515,0.0,0.0,0.765003202134577,0.6738569948874721,1.0,1.0,0.515,0.3418,0.0,0.0,0.6085761839185135,0.7446229735018269,1.0,1.0,0.515,0.515,0.0,0.0,0.5166,0.5166,0.6674496081608159,0.6220762674711012,1.0,1.0,0.515,0.515,0.0,0.0,0.7151973245255586,0.6780895917187584,1.0,0.9049466964693865,0.3418,0.3418,0.0,0.0,0.59,0.59,0.7124265626312192,0.6632369561614073,1.0,1.0,0.3418,0.515,0.0,0.0,0.7322016700957441,0.7590770260102748,1.0,0.9077151769435385,0.3418,0.515,0.0,0.0,0.698131744070073,0.5879486102319802,1.0,0.9363240902382741,0.515,0.515,0.0,0.0,0.6609340579123925,0.6643916448186256,1.0,0.9809474254799303,0.515,0.515,0.0,0.0
,92,1.0,0.7672992908683746,0.607724438590239,0.7003461558400657,0.5801396147150473,0.7847048447109188,1.0,0.0,1.0,0.7059186061186509,0.36521038083053703,0.6193509939088867,0.7504539143326499,0.6657686422082381,0.8135353634412452,0.9229134784042423,0.3596,1.0,0.0,1.0,0.7956590978137797,0.3855592554525324,0.8066048875211815,0.8050400809195234,0.6014372904661405,0.6249105426913955,0.6607551080852307,0.6903486671965549,0.9341004357241487,0.538,0.3596,0.9079745031484208,0.0,0.6980985276212373,0.4225423120767979,0.8165454402983403,0.7220694113720469,0.6534266604291311,0.8757135875659886,0.0,0.38770448548303593,0.7110344753238096,0.6747627280294313,1.0,0.36597626777411196,0.3596,0.0,0.6467905202104947,0.35047850602506625,0.7107855750153116,0.6104472184217219,0.8174592308205662,0.9329801798109256,0.9549352164554886,0.0,1.0,0.6758274964514832,0.3653450792315108,0.7796789067160443,0.6984326508787788,0.7225542057866297,0.6887361879454726,0.7751443701659296,0.7126776676717431,1.0,0.3596,1.0,0.0,1.0,0.8092010320816093,0.34218634626662414,0.6518551586757158,0.8015620008170148,0.7520400736513125,0.7025976211007812,0.5855087067941592,0.6366992791825292,1.0,0.3596,1.0,0.0,1.0,0.6869494596053927,0.4373419902563679,0.7469086316422167,0.6089903777452087,0.7805499912777778,0.7701681742084228,0.8901433280017234,0.488,0.9197314469859337,0.0,1.0,0.6872593973992598,0.43222634414771677,0.6894196231775648,0.6315612116608079,0.6365152562447899,0.6156024468383898,0.7991717826257861,0.9610741546265391,0.488,0.913617502480158,0.0,1.0,0.6646960101411303,0.6678965073136749,0.7254787724006668,0.7751179600607568,0.6518328590854627,0.538,0.9490792287775549,0.0,1.0,0.7236797715272303,0.770577347276147,0.6837990391940268,0.753828301869073,0.6177734209147742,1.0,0.488,0.9190053972783088,0.0,1.0,0.7293941531978927,0.426491821414309,0.7316057903722224,0.6866198364452528,0.7685973511175211,0.7499860934178831,0.6484273896501764,0.3596,0.9201564734945976,0.0,0.6137327344177814,0.8809927087466419,0.0,1.0,0.7200551538036133,0.40109520606419724,0.7297991591100954,0.7560948869191668,0.9792403160885339,0.0,0.7216827402390291,0.38838486779992004,0.7839939905964157,0.7397967455640458,0.6575535703556179,0.6406684921688333,0.8721221521010423,0.3596,0.882002685225313,0.0,0.488,0.0,0.7056064482603843,0.7144786315487254,0.0,1.0,0.8242427209134155,0.36902876317922617,0.7896283636586936,0.8320014262505266,0.7507906936810493,0.7009991873027288,0.5854740714342417,0.7437260610300264,0.9568336368092356,0.488,1.0,0.0,1.0,0.7460227523822613,0.41316961560043947,0.752131695016041,0.8095053237170342,0.7815984427146112,0.7866402078144323,0.655670274679663,0.8052731309976979,1.0,0.3596,0.977082818872034,0.0,0.6478591773407205,0.40700709148220476,0.8237193514618436,0.6244061013025117,0.8618144838778168,0.0,1.0,0.7970733059230428,0.42214845695369246,0.7068217341463319,0.6904512976959618,0.6912765613803646,0.7574089901007057,0.6285270745786009,0.66041827953755,0.8961174833580948,0.538,0.9483431934466198,0.0,0.43790139846808523,0.71788288063537,0.0,0.8991157247496573,0.0,1.0,0.3886532012162168,0.7364542470164533,0.5765890184691438,0.3596,0.9774001922178314,0.0,0.7162134288635135,0.4324865519410417,0.7409848389403215,0.6812081819090801,0.0,0.0,0.0,0.0,0.0,0.0,0.0,0.0,0.0,0.0,0.0,0.0,0.0,0.0,0.0,0.0,0.0,0.0,0.0,0.0,0.0,0.0,0.0,0.0,0.0,0.0,0.0,0.675570151469884,0.592742687724308,1.0,1.0,0.488,0.488,0.0,0.0,0.5913,0.5913,0.7801744105205681,0.6442806795160181,1.0,1.0,0.3596,0.3596,0.0,0.0,0.5913,0.5913,0.6456346145588248,0.7524503614354684,1.0,1.0,0.488,0.488,0.0,0.0,0.538,0.538,0.725719440626305,0.730093959938201,1.0,0.890941720195148,0.3596,0.3596,0.0,0.0,0.6281743216949345,0.7366530999153529,1.0,0.8922325327422257,0.488,0.3596,0.0,0.0,0.6462722570136701,0.7249932681918232,1.0,0.8953917764859095,0.3596,0.488,0.0,0.0,0.6363625841363307,0.7149097796624355,1.0,1.0,0.488,0.0,0.0,0.5913,0.538,0.7244168708293282,0.7586607141357217,1.0,0.9757895943807517,0.488,0.3596,0.0,0.0,0.538,0.538,0.6394789581178794,0.6888613428723578,1.0,0.8973768206026066,0.3596,0.488,0.0,0.0,0.538,0.538,0.7308518633400705,0.7427250776809106,1.0,0.9288912851806133,0.488,0.3596,0.0,0.0,0.538,0.5913,0.7890724563505565,0.724725044270703,1.0,0.8981479797044117,0.3596,0.3596,0.0,0.0,0.5913,0.5913,0.7292130278731088,0.6041154697026001,1.0,0.9850878598023368,0.0,0.538,0.5913,0.7158032159199132,0.6797093186485069,1.0,0.8673429636304648,0.3596,0.3596,0.0,0.0,0.5913,0.5913,0.7556111311848281,0.6514599341298719,1.0,0.9097296962597448,0.3596,0.3596,0.0,0.0,0.6219675925080299,0.6356812633964259,1.0,1.0,0.3596,0.488,0.0,0.0,0.6899216042149325,0.6329259018756581,1.0,1.0,0.3596,0.488,0.0,0.0,0.6696588548226028,0.7572497263855087,1.0,1.0,0.488,0.488,0.0,0.0,0.699263875144887,0.7440877934163526,1.0,1.0,0.488,0.3596,0.0,0.0,0.7793838386311043,0.6085647075493138,1.0,1.0,0.3596,0.488,0.0,0.0,0.765003202134577,0.6738569948874721,1.0,1.0,0.488,0.3596,0.0,0.0,0.6085761839185135,0.7446229735018269,1.0,1.0,0.488,0.488,0.0,0.0,0.538,0.538,0.6674496081608159,0.6220762674711012,1.0,1.0,0.488,0.488,0.0,0.0,0.7151973245255586,0.6780895917187584,1.0,0.9049466964693865,0.3596,0.3596,0.0,0.0,0.5913,0.5913,0.7124265626312192,0.6632369561614073,1.0,1.0,0.3596,0.488,0.0,0.0,0.7322016700957441,0.7590770260102748,1.0,0.9077151769435385,0.3596,0.488,0.0,0.0,0.698131744070073,0.5879486102319802,1.0,0.9363240902382741,0.488,0.488,0.0,0.0,0.6609340579123925,0.6643916448186256,1.0,0.9809474254799303,0.488,0.488,0.0,0.0
,93,1.0,0.7672992908683746,0.607724438590239,0.7003461558400657,0.5801396147150473,0.7847048447109188,1.0,0.0,1.0,0.7059186061186509,0.36521038083053703,0.6193509939088867,0.7504539143326499,0.6657686422082381,0.8135353634412452,0.9229134784042423,0.3684,1.0,0.0,1.0,0.7956590978137797,0.3855592554525324,0.8066048875211815,0.8050400809195234,0.6014372904661405,0.6249105426913955,0.6607551080852307,0.6903486671965549,0.9341004357241487,0.546,0.3684,0.9079745031484208,0.0,0.6980985276212373,0.4225423120767979,0.8165454402983403,0.7220694113720469,0.6534266604291311,0.8757135875659886,0.0,0.38770448548303593,0.7110344753238096,0.6747627280294313,1.0,0.36597626777411196,0.3684,0.0,0.6467905202104947,0.35047850602506625,0.7107855750153116,0.6104472184217219,0.8174592308205662,0.9329801798109256,0.9549352164554886,0.0,1.0,0.6758274964514832,0.3653450792315108,0.7796789067160443,0.6984326508787788,0.7225542057866297,0.6887361879454726,0.7751443701659296,0.7126776676717431,1.0,0.3684,1.0,0.0,1.0,0.8092010320816093,0.34218634626662414,0.6518551586757158,0.8015620008170148,0.7520400736513125,0.7025976211007812,0.5855087067941592,0.6366992791825292,1.0,0.3684,1.0,0.0,1.0,0.6869494596053927,0.4373419902563679,0.7469086316422167,0.6089903777452087,0.7805499912777778,0.7701681742084228,0.8901433280017234,0.448,0.9197314469859337,0.0,1.0,0.6872593973992598,0.43222634414771677,0.6894196231775648,0.6315612116608079,0.6365152562447899,0.6156024468383898,0.7991717826257861,0.9610741546265391,0.448,0.913617502480158,0.0,1.0,0.6646960101411303,0.6678965073136749,0.7254787724006668,0.7751179600607568,0.6518328590854627,0.546,0.9490792287775549,0.0,1.0,0.7236797715272303,0.770577347276147,0.6837990391940268,0.753828301869073,0.6177734209147742,1.0,0.448,0.9190053972783088,0.0,1.0,0.7293941531978927,0.426491821414309,0.7316057903722224,0.6866198364452528,0.7685973511175211,0.7499860934178831,0.6484273896501764,0.3684,0.9201564734945976,0.0,0.6137327344177814,0.8809927087466419,0.0,1.0,0.7200551538036133,0.40109520606419724,0.7297991591100954,0.7560948869191668,0.9792403160885339,0.0,0.7216827402390291,0.38838486779992004,0.7839939905964157,0.7397967455640458,0.6575535703556179,0.6406684921688333,0.8721221521010423,0.3684,0.882002685225313,0.0,0.448,0.0,0.7056064482603843,0.7144786315487254,0.0,1.0,0.8242427209134155,0.36902876317922617,0.7896283636586936,0.8320014262505266,0.7507906936810493,0.7009991873027288,0.5854740714342417,0.7437260610300264,0.9568336368092356,0.448,1.0,0.0,1.0,0.7460227523822613,0.41316961560043947,0.752131695016041,0.8095053237170342,0.7815984427146112,0.7866402078144323,0.655670274679663,0.8052731309976979,1.0,0.3684,0.977082818872034,0.0,0.6478591773407205,0.40700709148220476,0.8237193514618436,0.6244061013025117,0.8618144838778168,0.0,1.0,0.7970733059230428,0.42214845695369246,0.7068217341463319,0.6904512976959618,0.6912765613803646,0.7574089901007057,0.6285270745786009,0.66041827953755,0.8961174833580948,0.546,0.9483431934466198,0.0,0.43790139846808523,0.71788288063537,0.0,0.8991157247496573,0.0,1.0,0.3886532012162168,0.7364542470164533,0.5765890184691438,0.3684,0.9774001922178314,0.0,0.7162134288635135,0.4324865519410417,0.7409848389403215,0.6812081819090801,0.0,0.0,0.0,0.0,0.0,0.0,0.0,0.0,0.0,0.0,0.0,0.0,0.0,0.0,0.0,0.0,0.0,0.0,0.0,0.0,0.0,0.0,0.0,0.0,0.0,0.0,0.0,0.675570151469884,0.592742687724308,1.0,1.0,0.448,0.448,0.0,0.0,0.572,0.572,0.7801744105205681,0.6442806795160181,1.0,1.0,0.3684,0.3684,0.0,0.0,0.572,0.572,0.6456346145588248,0.7524503614354684,1.0,1.0,0.448,0.448,0.0,0.0,0.546,0.546,0.725719440626305,0.730093959938201,1.0,0.890941720195148,0.3684,0.3684,0.0,0.0,0.6281743216949345,0.7366530999153529,1.0,0.8922325327422257,0.448,0.3684,0.0,0.0,0.6462722570136701,0.7249932681918232,1.0,0.8953917764859095,0.3684,0.448,0.0,0.0,0.6363625841363307,0.7149097796624355,1.0,1.0,0.448,0.0,0.0,0.572,0.546,0.7244168708293282,0.7586607141357217,1.0,0.9757895943807517,0.448,0.3684,0.0,0.0,0.546,0.546,0.6394789581178794,0.6888613428723578,1.0,0.8973768206026066,0.3684,0.448,0.0,0.0,0.546,0.546,0.7308518633400705,0.7427250776809106,1.0,0.9288912851806133,0.448,0.3684,0.0,0.0,0.546,0.572,0.7890724563505565,0.724725044270703,1.0,0.8981479797044117,0.3684,0.3684,0.0,0.0,0.572,0.572,0.7292130278731088,0.6041154697026001,1.0,0.9850878598023368,0.0,0.546,0.572,0.7158032159199132,0.6797093186485069,1.0,0.8673429636304648,0.3684,0.3684,0.0,0.0,0.572,0.572,0.7556111311848281,0.6514599341298719,1.0,0.9097296962597448,0.3684,0.3684,0.0,0.0,0.6219675925080299,0.6356812633964259,1.0,1.0,0.3684,0.448,0.0,0.0,0.6899216042149325,0.6329259018756581,1.0,1.0,0.3684,0.448,0.0,0.0,0.6696588548226028,0.7572497263855087,1.0,1.0,0.448,0.448,0.0,0.0,0.699263875144887,0.7440877934163526,1.0,1.0,0.448,0.3684,0.0,0.0,0.7793838386311043,0.6085647075493138,1.0,1.0,0.3684,0.448,0.0,0.0,0.765003202134577,0.6738569948874721,1.0,1.0,0.448,0.3684,0.0,0.0,0.6085761839185135,0.7446229735018269,1.0,1.0,0.448,0.448,0.0,0.0,0.546,0.546,0.6674496081608159,0.6220762674711012,1.0,1.0,0.448,0.448,0.0,0.0,0.7151973245255586,0.6780895917187584,1.0,0.9049466964693865,0.3684,0.3684,0.0,0.0,0.572,0.572,0.7124265626312192,0.6632369561614073,1.0,1.0,0.3684,0.448,0.0,0.0,0.7322016700957441,0.7590770260102748,1.0,0.9077151769435385,0.3684,0.448,0.0,0.0,0.698131744070073,0.5879486102319802,1.0,0.9363240902382741,0.448,0.448,0.0,0.0,0.6609340579123925,0.6643916448186256,1.0,0.9809474254799303,0.448,0.448,0.0,0.0
,94,1.0,0.7672992908683746,0.607724438590239,0.7003461558400657,0.5801396147150473,0.7847048447109188,1.0,0.0,1.0,0.7059186061186509,0.36521038083053703,0.6193509939088867,0.7504539143326499,0.6657686422082381,0.8135353634412452,0.9229134784042423,0.3762,1.0,0.0,1.0,0.7956590978137797,0.3855592554525324,0.8066048875211815,0.8050400809195234,0.6014372904661405,0.6249105426913955,0.6607551080852307,0.6903486671965549,0.9341004357241487,0.554,0.3762,0.9079745031484208,0.0,0.6980985276212373,0.4225423120767979,0.8165454402983403,0.7220694113720469,0.6534266604291311,0.8757135875659886,0.0,0.38770448548303593,0.7110344753238096,0.6747627280294313,1.0,0.36597626777411196,0.3762,0.0,0.6467905202104947,0.35047850602506625,0.7107855750153116,0.6104472184217219,0.8174592308205662,0.9329801798109256,0.9549352164554886,0.0,1.0,0.6758274964514832,0.3653450792315108,0.7796789067160443,0.6984326508787788,0.7225542057866297,0.6887361879454726,0.7751443701659296,0.7126776676717431,1.0,0.3762,1.0,0.0,1.0,0.8092010320816093,0.34218634626662414,0.6518551586757158,0.8015620008170148,0.7520400736513125,0.7025976211007812,0.5855087067941592,0.6366992791825292,1.0,0.3762,1.0,0.0,1.0,0.6869494596053927,0.4373419902563679,0.7469086316422167,0.6089903777452087,0.7805499912777778,0.7701681742084228,0.8901433280017234,0.4033,0.9197314469859337,0.0,1.0,0.6872593973992598,0.43222634414771677,0.6894196231775648,0.6315612116608079,0.6365152562447899,0.6156024468383898,0.7991717826257861,0.9610741546265391,0.4033,0.913617502480158,0.0,1.0,0.6646960101411303,0.6678965073136749,0.7254787724006668,0.7751179600607568,0.6518328590854627,0.554,0.9490792287775549,0.0,1.0,0.7236797715272303,0.770577347276147,0.6837990391940268,0.753828301869073,0.6177734209147742,1.0,0.4033,0.9190053972783088,0.0,1.0,0.7293941531978927,0.426491821414309,0.7316057903722224,0.6866198364452528,0.7685973511175211,0.7499860934178831,0.6484273896501764,0.3762,0.9201564734945976,0.0,0.6137327344177814,0.8809927087466419,0.0,1.0,0.7200551538036133,0.40109520606419724,0.7297991591100954,0.7560948869191668,0.9792403160885339,0.0,0.7216827402390291,0.38838486779992004,0.7839939905964157,0.7397967455640458,0.6575535703556179,0.6406684921688333,0.8721221521010423,0.3762,0.882002685225313,0.0,0.4033,0.0,0.7056064482603843,0.7144786315487254,0.0,1.0,0.8242427209134155,0.36902876317922617,0.7896283636586936,0.8320014262505266,0.7507906936810493,0.7009991873027288,0.5854740714342417,0.7437260610300264,0.9568336368092356,0.4033,1.0,0.0,1.0,0.7460227523822613,0.41316961560043947,0.752131695016041,0.8095053237170342,0.7815984427146112,0.7866402078144323,0.655670274679663,0.8052731309976979,1.0,0.3762,0.977082818872034,0.0,0.6478591773407205,0.40700709148220476,0.8237193514618436,0.6244061013025117,0.8618144838778168,0.0,1.0,0.7970733059230428,0.42214845695369246,0.7068217341463319,0.6904512976959618,0.6912765613803646,0.7574089901007057,0.6285270745786009,0.66041827953755,0.8961174833580948,0.554,0.9483431934466198,0.0,0.43790139846808523,0.71788288063537,0.0,0.8991157247496573,0.0,1.0,0.3886532012162168,0.7364542470164533,0.5765890184691438,0.3762,0.9774001922178314,0.0,0.7162134288635135,0.4324865519410417,0.7409848389403215,0.6812081819090801,0.0,0.0,0.0,0.0,0.0,0.0,0.0,0.0,0.0,0.0,0.0,0.0,0.0,0.0,0.0,0.0,0.0,0.0,0.0,0.0,0.0,0.0,0.0,0.0,0.0,0.0,0.0,0.675570151469884,0.592742687724308,1.0,1.0,0.4033,0.4033,0.0,0.0,0.5474,0.5474,0.7801744105205681,0.6442806795160181,1.0,1.0,0.3762,0.3762,0.0,0.0,0.5474,0.5474,0.6456346145588248,0.7524503614354684,1.0,1.0,0.4033,0.4033,0.0,0.0,0.554,0.554,0.725719440626305,0.730093959938201,1.0,0.890941720195148,0.3762,0.3762,0.0,0.0,0.6281743216949345,0.7366530999153529,1.0,0.8922325327422257,0.4033,0.3762,0.0,0.0,0.6462722570136701,0.7249932681918232,1.0,0.8953917764859095,0.3762,0.4033,0.0,0.0,0.6363625841363307,0.7149097796624355,1.0,1.0,0.4033,0.0,0.0,0.5474,0.554,0.7244168708293282,0.7586607141357217,1.0,0.9757895943807517,0.4033,0.3762,0.0,0.0,0.554,0.554,0.6394789581178794,0.6888613428723578,1.0,0.8973768206026066,0.3762,0.4033,0.0,0.0,0.554,0.554,0.7308518633400705,0.7427250776809106,1.0,0.9288912851806133,0.4033,0.3762,0.0,0.0,0.554,0.5474,0.7890724563505565,0.724725044270703,1.0,0.8981479797044117,0.3762,0.3762,0.0,0.0,0.5474,0.5474,0.7292130278731088,0.6041154697026001,1.0,0.9850878598023368,0.0,0.554,0.5474,0.7158032159199132,0.6797093186485069,1.0,0.8673429636304648,0.3762,0.3762,0.0,0.0,0.5474,0.5474,0.7556111311848281,0.6514599341298719,1.0,0.9097296962597448,0.3762,0.3762,0.0,0.0,0.6219675925080299,0.6356812633964259,1.0,1.0,0.3762,0.4033,0.0,0.0,0.6899216042149325,0.6329259018756581,1.0,1.0,0.3762,0.4033,0.0,0.0,0.6696588548226028,0.7572497263855087,1.0,1.0,0.4033,0.4033,0.0,0.0,0.699263875144887,0.7440877934163526,1.0,1.0,0.4033,0.3762,0.0,0.0,0.7793838386311043,0.6085647075493138,1.0,1.0,0.3762,0.4033,0.0,0.0,0.765003202134577,0.6738569948874721,1.0,1.0,0.4033,0.3762,0.0,0.0,0.6085761839185135,0.7446229735018269,1.0,1.0,0.4033,0.4033,0.0,0.0,0.554,0.554,0.6674496081608159,0.6220762674711012,1.0,1.0,0.4033,0.4033,0.0,0.0,0.7151973245255586,0.6780895917187584,1.0,0.9049466964693865,0.3762,0.3762,0.0,0.0,0.5474,0.5474,0.7124265626312192,0.6632369561614073,1.0,1.0,0.3762,0.4033,0.0,0.0,0.7322016700957441,0.7590770260102748,1.0,0.9077151769435385,0.3762,0.4033,0.0,0.0,0.698131744070073,0.5879486102319802,1.0,0.9363240902382741,0.4033,0.4033,0.0,0.0,0.6609340579123925,0.6643916448186256,1.0,0.9809474254799303,0.4033,0.4033,0.0,0.0
,95,1.0,0.7672992908683746,0.607724438590239,0.7003461558400657,0.5801396147150473,0.7847048447109188,1.0,0.0,1.0,0.7059186061186509,0.36521038083053703,0.6193509939088867,0.7504539143326499,0.6657686422082381,0.8135353634412452,0.9229134784042423,0.39,1.0,0.0,1.0,0.7956590978137797,0.3855592554525324,0.8066048875211815,0.8050400809195234,0.6014372904661405,0.6249105426913955,0.6607551080852307,0.6903486671965549,0.9341004357241487,0.575,0.39,0.9079745031484208,0.0,0.6980985276212373,0.4225423120767979,0.8165454402983403,0.7220694113720469,0.6534266604291311,0.8757135875659886,0.0,0.38770448548303593,0.7110344753238096,0.6747627280294313,1.0,0.36597626777411196,0.39,0.0,0.6467905202104947,0.35047850602506625,0.7107855750153116,0.6104472184217219,0.8174592308205662,0.9329801798109256,0.9549352164554886,0.0,1.0,0.6758274964514832,0.3653450792315108,0.7796789067160443,0.6984326508787788,0.7225542057866297,0.6887361879454726,0.7751443701659296,0.7126776676717431,1.0,0.39,1.0,0.0,1.0,0.8092010320816093,0.34218634626662414,0.6518551586757158,0.8015620008170148,0.7520400736513125,0.7025976211007812,0.5855087067941592,0.6366992791825292,1.0,0.39,1.0,0.0,1.0,0.6869494596053927,0.4373419902563679,0.7469086316422167,0.6089903777452087,0.7805499912777778,0.7701681742084228,0.8901433280017234,0.3633,0.9197314469859337,0.0,1.0,0.6872593973992598,0.43222634414771677,0.6894196231775648,0.6315612116608079,0.6365152562447899,0.6156024468383898,0.7991717826257861,0.9610741546265391,0.3633,0.913617502480158,0.0,1.0,0.6646960101411303,0.6678965073136749,0.7254787724006668,0.7751179600607568,0.6518328590854627,0.575,0.9490792287775549,0.0,1.0,0.7236797715272303,0.770577347276147,0.6837990391940268,0.753828301869073,0.6177734209147742,1.0,0.3633,0.9190053972783088,0.0,1.0,0.7293941531978927,0.426491821414309,0.7316057903722224,0.6866198364452528,0.7685973511175211,0.7499860934178831,0.6484273896501764,0.39,0.9201564734945976,0.0,0.6137327344177814,0.8809927087466419,0.0,1.0,0.7200551538036133,0.40109520606419724,0.7297991591100954,0.7560948869191668,0.9792403160885339,0.0,0.7216827402390291,0.38838486779992004,0.7839939905964157,0.7397967455640458,0.6575535703556179,0.6406684921688333,0.8721221521010423,0.39,0.882002685225313,0.0,0.3633,0.0,0.7056064482603843,0.7144786315487254,0.0,1.0,0.8242427209134155,0.36902876317922617,0.7896283636586936,0.8320014262505266,0.7507906936810493,0.7009991873027288,0.5854740714342417,0.7437260610300264,0.9568336368092356,0.3633,1.0,0.0,1.0,0.7460227523822613,0.41316961560043947,0.752131695016041,0.8095053237170342,0.7815984427146112,0.7866402078144323,0.655670274679663,0.8052731309976979,1.0,0.39,0.977082818872034,0.0,0.6478591773407205,0.40700709148220476,0.8237193514618436,0.6244061013025117,0.8618144838778168,0.0,1.0,0.7970733059230428,0.42214845695369246,0.7068217341463319,0.6904512976959618,0.6912765613803646,0.7574089901007057,0.6285270745786009,0.66041827953755,0.8961174833580948,0.575,0.9483431934466198,0.0,0.43790139846808523,0.71788288063537,0.0,0.8991157247496573,0.0,1.0,0.3886532012162168,0.7364542470164533,0.5765890184691438,0.39,0.9774001922178314,0.0,0.7162134288635135,0.4324865519410417,0.7409848389403215,0.6812081819090801,0.0,0.0,0.0,0.0,0.0,0.0,0.0,0.0,0.0,0.0,0.0,0.0,0.0,0.0,0.0,0.0,0.0,0.0,0.0,0.0,0.0,0.0,0.0,0.0,0.0,0.0,0.0,0.675570151469884,0.592742687724308,1.0,1.0,0.3633,0.3633,0.0,0.0,0.4858,0.4858,0.7801744105205681,0.6442806795160181,1.0,1.0,0.39,0.39,0.0,0.0,0.4858,0.4858,0.6456346145588248,0.7524503614354684,1.0,1.0,0.3633,0.3633,0.0,0.0,0.575,0.575,0.725719440626305,0.730093959938201,1.0,0.890941720195148,0.39,0.39,0.0,0.0,0.6281743216949345,0.7366530999153529,1.0,0.8922325327422257,0.3633,0.39,0.0,0.0,0.6462722570136701,0.7249932681918232,1.0,0.8953917764859095,0.39,0.3633,0.0,0.0,0.6363625841363307,0.7149097796624355,1.0,1.0,0.3633,0.0,0.0,0.4858,0.575,0.7244168708293282,0.7586607141357217,1.0,0.9757895943807517,0.3633,0.39,0.0,0.0,0.575,0.575,0.6394789581178794,0.6888613428723578,1.0,0.8973768206026066,0.39,0.3633,0.0,0.0,0.575,0.575,0.7308518633400705,0.7427250776809106,1.0,0.9288912851806133,0.3633,0.39,0.0,0.0,0.575,0.4858,0.7890724563505565,0.724725044270703,1.0,0.8981479797044117,0.39,0.39,0.0,0.0,0.4858,0.4858,0.7292130278731088,0.6041154697026001,1.0,0.9850878598023368,0.0,0.575,0.4858,0.7158032159199132,0.6797093186485069,1.0,0.8673429636304648,0.39,0.39,0.0,0.0,0.4858,0.4858,0.7556111311848281,0.6514599341298719,1.0,0.9097296962597448,0.39,0.39,0.0,0.0,0.6219675925080299,0.6356812633964259,1.0,1.0,0.39,0.3633,0.0,0.0,0.6899216042149325,0.6329259018756581,1.0,1.0,0.39,0.3633,0.0,0.0,0.6696588548226028,0.7572497263855087,1.0,1.0,0.3633,0.3633,0.0,0.0,0.699263875144887,0.7440877934163526,1.0,1.0,0.3633,0.39,0.0,0.0,0.7793838386311043,0.6085647075493138,1.0,1.0,0.39,0.3633,0.0,0.0,0.765003202134577,0.6738569948874721,1.0,1.0,0.3633,0.39,0.0,0.0,0.6085761839185135,0.7446229735018269,1.0,1.0,0.3633,0.3633,0.0,0.0,0.575,0.575,0.6674496081608159,0.6220762674711012,1.0,1.0,0.3633,0.3633,0.0,0.0,0.7151973245255586,0.6780895917187584,1.0,0.9049466964693865,0.39,0.39,0.0,0.0,0.4858,0.4858,0.7124265626312192,0.6632369561614073,1.0,1.0,0.39,0.3633,0.0,0.0,0.7322016700957441,0.7590770260102748,1.0,0.9077151769435385,0.39,0.3633,0.0,0.0,0.698131744070073,0.5879486102319802,1.0,0.9363240902382741,0.3633,0.3633,0.0,0.0,0.6609340579123925,0.6643916448186256,1.0,0.9809474254799303,0.3633,0.3633,0.0,0.0
,96,1.0,0.6303968696510183,0.6882293142442287,0.6056560799349204,0.6466030593664538,0.697714222872073,0.9581373709730283,0.0,1.0,0.7915648155449517,0.40296957629521346,0.6168986650264882,0.6096699517882309,0.6706022132038294,0.8243688553594826,0.9402126776070373,0.8096,0.8759218267234544,0.0,1.0,0.6538220012512035,0.3848860684718029,0.6501036385085025,0.7002080494951828,0.6401465449837918,0.728790053794636,0.5869560276473428,0.7890605202809375,0.9502936471993672,0.7417,0.4446,0.8992592419356868,0.0,0.6627904007507421,0.3778671155192016,0.7821306902591401,0.6262801640705205,0.6205420148299704,0.9687564351449601,0.0,0.4121201514362443,0.6036925543078344,0.6599680189804955,1.0,0.3876961773904154,0.4446,0.0,0.6491897854778756,0.350968747231707,0.6330308098254467,0.6375586341982825,0.6943716721501532,1.0,0.9401854429146376,0.0,1.0,0.6872300453655826,0.34995249175834897,0.6489750983648239,0.7541437328097504,0.7797065220957119,0.7034147624771449,0.6329983022299696,0.641249959036905,1.0,0.8096,0.9145188133393503,0.0,1.0,0.6477632266391913,0.36473909802276644,0.6521403756873969,0.8143477083759627,0.7734180432162429,0.794753085107319,0.6700108738193912,0.78344547406917,0.9499947124611163,0.8096,1.0,0.0,1.0,0.6928571193534776,0.3899037492249947,0.8126702967467353,0.7684246154613616,0.7161755575908053,0.5776754433850069,1.0,0.8096,1.0,0.0,1.0,0.673552809135292,0.3714245045213854,0.8463619652499644,0.6228676793930482,0.7003229399046066,0.716842002952762,0.6970396132539209,0.8894220951645697,0.4446,0.9652774619998398,0.0,1.0,0.6749618649499094,0.6572734077882969,0.7048138529218912,0.7230204227761736,0.8131846123481934,0.412,1.0,0.0,1.0,0.6371484492658124,0.8188879975986941,0.6918000828845772,0.6361263505993878,0.6661708580202069,0.9997402697741588,0.8096,0.8773081556249636,0.0,1.0,0.7484606305101678,0.4231309725265856,0.7663394362078656,0.7474793774579025,0.7120445063854954,0.5857002407356635,0.8040468698883105,0.4446,1.0,0.0,0.7187747127387776,0.8714669035325767,0.0,1.0,0.7932168380145643,0.4285621237302773,0.7866157131911696,0.7522369959391404,0.9480110647124889,0.0,0.6583129580021885,0.37325620612818855,0.8152588668266763,0.6822135592349616,0.6522277226515196,0.6923761490980951,1.0,0.4446,1.0,0.0,0.8096,0.0,0.6445775037598782,0.7547711379496317,0.0,1.0,0.7723220143874565,0.39201507985684114,0.633399365439097,0.8308719536629766,0.6587474718366363,0.7043786560447065,0.6474643660720723,0.6422265834025624,0.9466446732437792,0.4446,0.9276095800653118,0.0,1.0,0.753033873525676,0.3467993906226546,0.750442895676156,0.848011665133217,0.6747167308666613,0.7119386346150673,0.6380415633359424,0.7139100681262938,1.0,0.4446,0.9575321640479066,0.0,0.6788919097596801,0.34281454149605733,0.737922446402141,0.6156520444257478,0.9333371064630581,0.0,1.0,0.7197110010687394,0.3931148976058049,0.7690196527698567,0.8121349735547422,0.6708202060457087,0.6587540355023382,0.649254371022564,0.803257451278935,0.8722061335464584,0.7417,0.9262587484822473,0.0,0.3559640894740773,0.7069768741759361,0.0,0.9931768412055689,0.0,1.0,0.3476227519321674,0.7656945592353839,0.5867255062973569,0.4446,0.9310442826030699,0.0,0.7099245655140303,0.4031793689485072,0.7396956666284991,0.6253582110679258,0.0,0.0,0.0,0.0,0.0,0.0,0.0,0.0,0.0,0.0,0.0,0.0,0.0,0.0,0.0,0.0,0.0,0.0,0.0,0.0,0.0,0.0,0.0,0.0,0.0,0.0,0.0,0.6844833316963147,0.6183736637449483,1.0,1.0,0.8096,0.8096,0.0,0.0,0.412,0.7417,0.6414503233585096,0.6193785981633132,1.0,0.8885896823454796,0.4446,0.8096,0.0,0.0,0.7417,0.7417,0.6031595901863545,0.7262326868152932,1.0,0.8749046291436108,0.8096,0.8096,0.0,0.0,0.412,0.412,0.7815968610445732,0.6537419890497134,1.0,0.9680567416862065,0.4446,0.8096,0.0,0.0,0.7948467821282651,0.6535954889766304,1.0,0.8690969479891633,0.8096,0.8096,0.0,0.0,0.7743028403228238,0.6334544116559206,1.0,0.9362548014777714,0.8096,0.8096,0.0,0.0,0.6063408157191411,0.7259920299136824,1.0,0.9504482502351028,0.8096,0.0,0.0,0.7417,0.412,0.6673528661783973,0.7209395339623819,1.0,0.9452074451097521,0.4446,0.4446,0.0,0.0,0.7417,0.7417,0.6362918685386422,0.5772166950781435,1.0,0.9189846249516106,0.4446,0.8096,0.0,0.0,0.412,0.7417,0.7050440737941877,0.6651546648439816,1.0,0.8897249158348572,0.8096,0.4446,0.0,0.0,0.7417,0.7417,0.7035852504093891,0.6776502282421069,1.0,0.9035237418491153,0.8096,0.8096,0.0,0.0,0.412,0.412,0.7857930763222551,0.7501601399415851,1.0,0.9863529605355152,0.0,0.7417,0.412,0.7734463721686576,0.6919575564083487,1.0,1.0,0.4446,0.4446,0.0,0.0,0.7417,0.7417,0.6697629488741318,0.6706990380191442,1.0,0.9217455289127913,0.8096,0.4446,0.0,0.0,0.6930824181228477,0.6283749531982945,1.0,1.0,0.8096,0.4446,0.0,0.0,0.7056954685174133,0.6926492925725012,1.0,0.8908282182535489,0.4446,0.8096,0.0,0.0,0.7505473598423393,0.6544297635529768,1.0,0.8667178476796307,0.8096,0.4446,0.0,0.0,0.6664527665398859,0.7367400575804752,1.0,0.9405107672905276,0.8096,0.4446,0.0,0.0,0.7766267076725436,0.6602748026646413,1.0,0.9480001161289544,0.4446,0.4446,0.0,0.0,0.7551540539983403,0.6521534551440108,1.0,0.974035152476818,0.8096,0.4446,0.0,0.0,0.6037595718066143,0.7580664513203148,1.0,1.0,0.8096,0.8096,0.0,0.0,0.412,0.412,0.6429798894434376,0.7274268695158322,1.0,0.8952950811823618,0.4446,0.8096,0.0,0.0,0.7052214971424946,0.7114111038185129,1.0,0.9513949429607855,0.4446,0.8096,0.0,0.0,0.7417,0.412,0.7075348763296561,0.7347175053834236,1.0,1.0,0.8096,0.8096,0.0,0.0,0.7981123389398725,0.6730589209552794,1.0,0.8682152790570337,0.8096,0.8096,0.0,0.0,0.608617665529581,0.6188736622236718,1.0,1.0,0.8096,0.4446,0.0,0.0,0.6936817832311731,0.6157418823873333,1.0,1.0,0.4446,0.4446,0.0,0.0
,97,1.0,0.6303968696510183,0.6882293142442287,0.6056560799349204,0.6466030593664538,0.697714222872073,0.9581373709730283,0.0,1.0,0.7915648155449517,0.40296957629521346,0.6168986650264882,0.6096699517882309,0.6706022132038294,0.8243688553594826,0.9402126776070373,0.8135,0.8759218267234544,0.0,1.0,0.6538220012512035,0.3848860684718029,0.6501036385085025,0.7002080494951828,0.6401465449837918,0.728790053794636,0.5869560276473428,0.7890605202809375,0.9502936471993672,0.723,0.42,0.8992592419356868,0.0,0.6627904007507421,0.3778671155192016,0.7821306902591401,0.6262801640705205,0.6205420148299704,0.9687564351449601,0.0,0.4121201514362443,0.6036925543078344,0.6599680189804955,1.0,0.3876961773904154,0.42,0.0,0.6491897854778756,0.350968747231707,0.6330308098254467,0.6375586341982825,0.6943716721501532,1.0,0.9401854429146376,0.0,1.0,0.6872300453655826,0.34995249175834897,0.6489750983648239,0.7541437328097504,0.7797065220957119,0.7034147624771449,0.6329983022299696,0.641249959036905,1.0,0.8135,0.9145188133393503,0.0,1.0,0.6477632266391913,0.36473909802276644,0.6521403756873969,0.8143477083759627,0.7734180432162429,0.794753085107319,0.6700108738193912,0.78344547406917,0.9499947124611163,0.8135,1.0,0.0,1.0,0.6928571193534776,0.3899037492249947,0.8126702967467353,0.7684246154613616,0.7161755575908053,0.5776754433850069,1.0,0.8135,1.0,0.0,1.0,0.673552809135292,0.3714245045213854,0.8463619652499644,0.6228676793930482,0.7003229399046066,0.716842002952762,0.6970396132539209,0.8894220951645697,0.42,0.9652774619998398,0.0,1.0,0.6749618649499094,0.6572734077882969,0.7048138529218912,0.7230204227761736,0.8131846123481934,0.407,1.0,0.0,1.0,0.6371484492658124,0.8188879975986941,0.6918000828845772,0.6361263505993878,0.6661708580202069,0.9997402697741588,0.8135,0.8773081556249636,0.0,1.0,0.7484606305101678,0.4231309725265856,0.7663394362078656,0.7474793774579025,0.7120445063854954,0.5857002407356635,0.8040468698883105,0.42,1.0,0.0,0.7187747127387776,0.8714669035325767,0.0,1.0,0.7932168380145643,0.4285621237302773,0.7866157131911696,0.7522369959391404,0.9480110647124889,0.0,0.6583129580021885,0.37325620612818855,0.8152588668266763,0.6822135592349616,0.6522277226515196,0.6923761490980951,1.0,0.42,1.0,0.0,0.8135,0.0,0.6445775037598782,0.7547711379496317,0.0,1.0,0.7723220143874565,0.39201507985684114,0.633399365439097,0.8308719536629766,0.6587474718366363,0.7043786560447065,0.6474643660720723,0.6422265834025624,0.9466446732437792,0.42,0.9276095800653118,0.0,1.0,0.753033873525676,0.3467993906226546,0.750442895676156,0.848011665133217,0.6747167308666613,0.7119386346150673,0.6380415633359424,0.7139100681262938,1.0,0.42,0.9575321640479066,0.0,0.6788919097596801,0.34281454149605733,0.737922446402141,0.6156520444257478,0.9333371064630581,0.0,1.0,0.7197110010687394,0.3931148976058049,0.7690196527698567,0.8121349735547422,0.6708202060457087,0.6587540355023382,0.649254371022564,0.803257451278935,0.8722061335464584,0.723,0.9262587484822473,0.0,0.3559640894740773,0.7069768741759361,0.0,0.9931768412055689,0.0,1.0,0.3476227519321674,0.7656945592353839,0.5867255062973569,0.42,0.9310442826030699,0.0,0.7099245655140303,0.4031793689485072,0.7396956666284991,0.6253582110679258,0.0,0.0,0.0,0.0,0.0,0.0,0.0,0.0,0.0,0.0,0.0,0.0,0.0,0.0,0.0,0.0,0.0,0.0,0.0,0.0,0.0,0.0,0.0,0.0,0.0,0.0,0.0,0.6844833316963147,0.6183736637449483,1.0,1.0,0.8135,0.8135,0.0,0.0,0.407,0.723,0.6414503233585096,0.6193785981633132,1.0,0.8885896823454796,0.42,0.8135,0.0,0.0,0.723,0.723,0.6031595901863545,0.7262326868152932,1.0,0.8749046291436108,0.8135,0.8135,0.0,0.0,0.407,0.407,0.7815968610445732,0.6537419890497134,1.0,0.9680567416862065,0.42,0.8135,0.0,0.0,0.7948467821282651,0.6535954889766304,1.0,0.8690969479891633,0.8135,0.8135,0.0,0.0,0.7743028403228238,0.6334544116559206,1.0,0.9362548014777714,0.8135,0.8135,0.0,0.0,0.6063408157191411,0.7259920299136824,1.0,0.9504482502351028,0.8135,0.0,0.0,0.723,0.407,0.6673528661783973,0.7209395339623819,1.0,0.9452074451097521,0.42,0.42,0.0,0.0,0.723,0.723,0.6362918685386422,0.5772166950781435,1.0,0.9189846249516106,0.42,0.8135,0.0,0.0,0.407,0.723,0.7050440737941877,0.6651546648439816,1.0,0.8897249158348572,0.8135,0.42,0.0,0.0,0.723,0.723,0.7035852504093891,0.6776502282421069,1.0,0.9035237418491153,0.8135,0.8135,0.0,0.0,0.407,0.407,0.7857930763222551,0.7501601399415851,1.0,0.9863529605355152,0.0,0.723,0.407,0.7734463721686576,0.6919575564083487,1.0,1.0,0.42,0.42,0.0,0.0,0.723,0.723,0.6697629488741318,0.6706990380191442,1.0,0.9217455289127913,0.8135,0.42,0.0,0.0,0.6930824181228477,0.6283749531982945,1.0,1.0,0.8135,0.42,0.0,0.0,0.7056954685174133,0.6926492925725012,1.0,0.8908282182535489,0.42,0.8135,0.0,0.0,0.7505473598423393,0.6544297635529768,1.0,0.8667178476796307,0.8135,0.42,0.0,0.0,0.6664527665398859,0.7367400575804752,1.0,0.9405107672905276,0.8135,0.42,0.0,0.0,0.7766267076725436,0.6602748026646413,1.0,0.9480001161289544,0.42,0.42,0.0,0.0,0.7551540539983403,0.6521534551440108,1.0,0.974035152476818,0.8135,0.42,0.0,0.0,0.6037595718066143,0.7580664513203148,1.0,1.0,0.8135,0.8135,0.0,0.0,0.407,0.407,0.6429798894434376,0.7274268695158322,1.0,0.8952950811823618,0.42,0.8135,0.0,0.0,0.7052214971424946,0.7114111038185129,1.0,0.9513949429607855,0.42,0.8135,0.0,0.0,0.723,0.407,0.7075348763296561,0.7347175053834236,1.0,1.0,0.8135,0.8135,0.0,0.0,0.7981123389398725,0.6730589209552794,1.0,0.8682152790570337,0.8135,0.8135,0.0,0.0,0.608617665529581,0.6188736622236718,1.0,1.0,0.8135,0.42,0.0,0.0,0.6936817832311731,0.6157418823873333,1.0,1.0,0.42,0.42,0.0,0.0
,98,1.0,0.6303968696510183,0.6882293142442287,0.6056560799349204,0.6466030593664538,0.697714222872073,0.9581373709730283,0.0,1.0,0.7915648155449517,0.40296957629521346,0.6168986650264882,0.6096699517882309,0.6706022132038294,0.8243688553594826,0.9402126776070373,0.812,0.8759218267234544,0.0,1.0,0.6538220012512035,0.3848860684718029,0.6501036385085025,0.7002080494951828,0.6401465449837918,0.728790053794636,0.5869560276473428,0.7890605202809375,0.9502936471993672,0.7256,0.4016,0.8992592419356868,0.0,0.6627904007507421,0.3778671155192016,0.7821306902591401,0.6262801640705205,0.6205420148299704,0.9687564351449601,0.0,0.4121201514362443,0.6036925543078344,0.6599680189804955,1.0,0.3876961773904154,0.4016,0.0,0.6491897854778756,0.350968747231707,0.6330308098254467,0.6375586341982825,0.6943716721501532,1.0,0.9401854429146376,0.0,1.0,0.6872300453655826,0.34995249175834897,0.6489750983648239,0.7541437328097504,0.7797065220957119,0.7034147624771449,0.6329983022299696,0.641249959036905,1.0,0.812,0.9145188133393503,0.0,1.0,0.6477632266391913,0.36473909802276644,0.6521403756873969,0.8143477083759627,0.7734180432162429,0.794753085107319,0.6700108738193912,0.78344547406917,0.9499947124611163,0.812,1.0,0.0,1.0,0.6928571193534776,0.3899037492249947,0.8126702967467353,0.7684246154613616,0.7161755575908053,0.5776754433850069,1.0,0.812,1.0,0.0,1.0,0.673552809135292,0.3714245045213854,0.8463619652499644,0.6228676793930482,0.7003229399046066,0.716842002952762,0.6970396132539209,0.8894220951645697,0.4016,0.9652774619998398,0.0,1.0,0.6749618649499094,0.6572734077882969,0.7048138529218912,0.7230204227761736,0.8131846123481934,0.4133,1.0,0.0,1.0,0.6371484492658124,0.8188879975986941,0.6918000828845772,0.6361263505993878,0.6661708580202069,0.9997402697741588,0.812,0.8773081556249636,0.0,1.0,0.7484606305101678,0.4231309725265856,0.7663394362078656,0.7474793774579025,0.7120445063854954,0.5857002407356635,0.8040468698883105,0.4016,1.0,0.0,0.7187747127387776,0.8714669035325767,0.0,1.0,0.7932168380145643,0.4285621237302773,0.7866157131911696,0.7522369959391404,0.9480110647124889,0.0,0.6583129580021885,0.37325620612818855,0.8152588668266763,0.6822135592349616,0.6522277226515196,0.6923761490980951,1.0,0.4016,1.0,0.0,0.812,0.0,0.6445775037598782,0.7547711379496317,0.0,1.0,0.7723220143874565,0.39201507985684114,0.633399365439097,0.8308719536629766,0.6587474718366363,0.7043786560447065,0.6474643660720723,0.6422265834025624,0.9466446732437792,0.4016,0.9276095800653118,0.0,1.0,0.753033873525676,0.3467993906226546,0.750442895676156,0.848011665133217,0.6747167308666613,0.7119386346150673,0.6380415633359424,0.7139100681262938,1.0,0.4016,0.9575321640479066,0.0,0.6788919097596801,0.34281454149605733,0.737922446402141,0.6156520444257478,0.9333371064630581,0.0,1.0,0.7197110010687394,0.3931148976058049,0.7690196527698567,0.8121349735547422,0.6708202060457087,0.6587540355023382,0.649254371022564,0.803257451278935,0.8722061335464584,0.7256,0.9262587484822473,0.0,0.3559640894740773,0.7069768741759361,0.0,0.9931768412055689,0.0,1.0,0.3476227519321674,0.7656945592353839,0.5867255062973569,0.4016,0.9310442826030699,0.0,0.7099245655140303,0.4031793689485072,0.7396956666284991,0.6253582110679258,0.0,0.0,0.0,0.0,0.0,0.0,0.0,0.0,0.0,0.0,0.0,0.0,0.0,0.0,0.0,0.0,0.0,0.0,0.0,0.0,0.0,0.0,0.0,0.0,0.0,0.0,0.0,0.6844833316963147,0.6183736637449483,1.0,1.0,0.812,0.812,0.0,0.0,0.4133,0.7256,0.6414503233585096,0.6193785981633132,1.0,0.8885896823454796,0.4016,0.812,0.0,0.0,0.7256,0.7256,0.6031595901863545,0.7262326868152932,1.0,0.8749046291436108,0.812,0.812,0.0,0.0,0.4133,0.4133,0.7815968610445732,0.6537419890497134,1.0,0.9680567416862065,0.4016,0.812,0.0,0.0,0.7948467821282651,0.6535954889766304,1.0,0.8690969479891633,0.812,0.812,0.0,0.0,0.7743028403228238,0.6334544116559206,1.0,0.9362548014777714,0.812,0.812,0.0,0.0,0.6063408157191411,0.7259920299136824,1.0,0.9504482502351028,0.812,0.0,0.0,0.7256,0.4133,0.6673528661783973,0.7209395339623819,1.0,0.9452074451097521,0.4016,0.4016,0.0,0.0,0.7256,0.7256,0.6362918685386422,0.5772166950781435,1.0,0.9189846249516106,0.4016,0.812,0.0,0.0,0.4133,0.7256,0.7050440737941877,0.6651546648439816,1.0,0.8897249158348572,0.812,0.4016,0.0,0.0,0.7256,0.7256,0.7035852504093891,0.6776502282421069,1.0,0.9035237418491153,0.812,0.812,0.0,0.0,0.4133,0.4133,0.7857930763222551,0.7501601399415851,1.0,0.9863529605355152,0.0,0.7256,0.4133,0.7734463721686576,0.6919575564083487,1.0,1.0,0.4016,0.4016,0.0,0.0,0.7256,0.7256,0.6697629488741318,0.6706990380191442,1.0,0.9217455289127913,0.812,0.4016,0.0,0.0,0.6930824181228477,0.6283749531982945,1.0,1.0,0.812,0.4016,0.0,0.0,0.7056954685174133,0.6926492925725012,1.0,0.8908282182535489,0.4016,0.812,0.0,0.0,0.7505473598423393,0.6544297635529768,1.0,0.8667178476796307,0.812,0.4016,0.0,0.0,0.6664527665398859,0.7367400575804752,1.0,0.9405107672905276,0.812,0.4016,0.0,0.0,0.7766267076725436,0.6602748026646413,1.0,0.9480001161289544,0.4016,0.4016,0.0,0.0,0.7551540539983403,0.6521534551440108,1.0,0.974035152476818,0.812,0.4016,0.0,0.0,0.6037595718066143,0.7580664513203148,1.0,1.0,0.812,0.812,0.0,0.0,0.4133,0.4133,0.6429798894434376,0.7274268695158322,1.0,0.8952950811823618,0.4016,0.812,0.0,0.0,0.7052214971424946,0.7114111038185129,1.0,0.9513949429607855,0.4016,0.812,0.0,0.0,0.7256,0.4133,0.7075348763296561,0.7347175053834236,1.0,1.0,0.812,0.812,0.0,0.0,0.7981123389398725,0.6730589209552794,1.0,0.8682152790570337,0.812,0.812,0.0,0.0,0.608617665529581,0.6188736622236718,1.0,1.0,0.812,0.4016,0.0,0.0,0.6936817832311731,0.6157418823873333,1.0,1.0,0.4016,0.4016,0.0,0.0
,99,1.0,0.6303968696510183,0.6882293142442287,0.6056560799349204,0.6466030593664538,0.697714222872073,0.9581373709730283,0.0,1.0,0.7915648155449517,0.40296957629521346,0.6168986650264882,0.6096699517882309,0.6706022132038294,0.8243688553594826,0.9402126776070373,0.801,0.8759218267234544,0.0,1.0,0.6538220012512035,0.3848860684718029,0.6501036385085025,0.7002080494951828,0.6401465449837918,0.728790053794636,0.5869560276473428,0.7890605202809375,0.9502936471993672,0.7134,0.3923,0.8992592419356868,0.0,0.6627904007507421,0.3778671155192016,0.7821306902591401,0.6262801640705205,0.6205420148299704,0.9687564351449601,0.0,0.4121201514362443,0.6036925543078344,0.6599680189804955,1.0,0.3876961773904154,0.3923,0.0,0.6491897854778756,0.350968747231707,0.6330308098254467,0.6375586341982825,0.6943716721501532,1.0,0.9401854429146376,0.0,1.0,0.6872300453655826,0.34995249175834897,0.6489750983648239,0.7541437328097504,0.7797065220957119,0.7034147624771449,0.6329983022299696,0.641249959036905,1.0,0.801,0.9145188133393503,0.0,1.0,0.6477632266391913,0.36473909802276644,0.6521403756873969,0.8143477083759627,0.7734180432162429,0.794753085107319,0.6700108738193912,0.78344547406917,0.9499947124611163,0.801,1.0,0.0,1.0,0.6928571193534776,0.3899037492249947,0.8126702967467353,0.7684246154613616,0.7161755575908053,0.5776754433850069,1.0,0.801,1.0,0.0,1.0,0.673552809135292,0.3714245045213854,0.8463619652499644,0.6228676793930482,0.7003229399046066,0.716842002952762,0.6970396132539209,0.8894220951645697,0.3923,0.9652774619998398,0.0,1.0,0.6749618649499094,0.6572734077882969,0.7048138529218912,0.7230204227761736,0.8131846123481934,0.4453,1.0,0.0,1.0,0.6371484492658124,0.8188879975986941,0.6918000828845772,0.6361263505993878,0.6661708580202069,0.9997402697741588,0.801,0.8773081556249636,0.0,1.0,0.7484606305101678,0.4231309725265856,0.7663394362078656,0.7474793774579025,0.7120445063854954,0.5857002407356635,0.8040468698883105,0.3923,1.0,0.0,0.7187747127387776,0.8714669035325767,0.0,1.0,0.7932168380145643,0.4285621237302773,0.7866157131911696,0.7522369959391404,0.9480110647124889,0.0,0.6583129580021885,0.37325620612818855,0.8152588668266763,0.6822135592349616,0.6522277226515196,0.6923761490980951,1.0,0.3923,1.0,0.0,0.801,0.0,0.6445775037598782,0.7547711379496317,0.0,1.0,0.7723220143874565,0.39201507985684114,0.633399365439097,0.8308719536629766,0.6587474718366363,0.7043786560447065,0.6474643660720723,0.6422265834025624,0.9466446732437792,0.3923,0.9276095800653118,0.0,1.0,0.753033873525676,0.3467993906226546,0.750442895676156,0.848011665133217,0.6747167308666613,0.7119386346150673,0.6380415633359424,0.7139100681262938,1.0,0.3923,0.9575321640479066,0.0,0.6788919097596801,0.34281454149605733,0.737922446402141,0.6156520444257478,0.9333371064630581,0.0,1.0,0.7197110010687394,0.3931148976058049,0.7690196527698567,0.8121349735547422,0.6708202060457087,0.6587540355023382,0.649254371022564,0.803257451278935,0.8722061335464584,0.7134,0.9262587484822473,0.0,0.3559640894740773,0.7069768741759361,0.0,0.9931768412055689,0.0,1.0,0.3476227519321674,0.7656945592353839,0.5867255062973569,0.3923,0.9310442826030699,0.0,0.7099245655140303,0.4031793689485072,0.7396956666284991,0.6253582110679258,0.0,0.0,0.0,0.0,0.0,0.0,0.0,0.0,0.0,0.0,0.0,0.0,0.0,0.0,0.0,0.0,0.0,0.0,0.0,0.0,0.0,0.0,0.0,0.0,0.0,0.0,0.0,0.6844833316963147,0.6183736637449483,1.0,1.0,0.801,0.801,0.0,0.0,0.4453,0.7134,0.6414503233585096,0.6193785981633132,1.0,0.8885896823454796,0.3923,0.801,0.0,0.0,0.7134,0.7134,0.6031595901863545,0.7262326868152932,1.0,0.8749046291436108,0.801,0.801,0.0,0.0,0.4453,0.4453,0.7815968610445732,0.6537419890497134,1.0,0.9680567416862065,0.3923,0.801,0.0,0.0,0.7948467821282651,0.6535954889766304,1.0,0.8690969479891633,0.801,0.801,0.0,0.0,0.7743028403228238,0.6334544116559206,1.0,0.9362548014777714,0.801,0.801,0.0,0.0,0.6063408157191411,0.7259920299136824,1.0,0.9504482502351028,0.801,0.0,0.0,0.7134,0.4453,0.6673528661783973,0.7209395339623819,1.0,0.9452074451097521,0.3923,0.3923,0.0,0.0,0.7134,0.7134,0.6362918685386422,0.5772166950781435,1.0,0.9189846249516106,0.3923,0.801,0.0,0.0,0.4453,0.7134,0.7050440737941877,0.6651546648439816,1.0,0.8897249158348572,0.801,0.3923,0.0,0.0,0.7134,0.7134,0.7035852504093891,0.6776502282421069,1.0,0.9035237418491153,0.801,0.801,0.0,0.0,0.4453,0.4453,0.7857930763222551,0.7501601399415851,1.0,0.9863529605355152,0.0,0.7134,0.4453,0.7734463721686576,0.6919575564083487,1.0,1.0,0.3923,0.3923,0.0,0.0,0.7134,0.7134,0.6697629488741318,0.6706990380191442,1.0,0.9217455289127913,0.801,0.3923,0.0,0.0,0.6930824181228477,0.6283749531982945,1.0,1.0,0.801,0.3923,0.0,0.0,0.7056954685174133,0.6926492925725012,1.0,0.8908282182535489,0.3923,0.801,0.0,0.0,0.7505473598423393,0.6544297635529768,1.0,0.8667178476796307,0.801,0.3923,0.0,0.0,0.6664527665398859,0.7367400575804752,1.0,0.9405107672905276,0.801,0.3923,0.0,0.0,0.7766267076725436,0.6602748026646413,1.0,0.9480001161289544,0.3923,0.3923,0.0,0.0,0.7551540539983403,0.6521534551440108,1.0,0.974035152476818,0.801,0.3923,0.0,0.0,0.6037595718066143,0.7580664513203148,1.0,1.0,0.801,0.801,0.0,0.0,0.4453,0.4453,0.6429798894434376,0.7274268695158322,1.0,0.8952950811823618,0.3923,0.801,0.0,0.0,0.7052214971424946,0.7114111038185129,1.0,0.9513949429607855,0.3923,0.801,0.0,0.0,0.7134,0.4453,0.7075348763296561,0.7347175053834236,1.0,1.0,0.801,0.801,0.0,0.0,0.7981123389398725,0.6730589209552794,1.0,0.8682152790570337,0.801,0.801,0.0,0.0,0.608617665529581,0.6188736622236718,1.0,1.0,0.801,0.3923,0.0,0.0,0.6936817832311731,0.6157418823873333,1.0,1.0,0.3923,0.3923,0.0,0.0
,100,1.0,0.6303968696510183,0.6882293142442287,0.6056560799349204,0.6466030593664538,0.697714222872073,0.9581373709730283,0.0,1.0,0.7915648155449517,0.40296957629521346,0.6168986650264882,0.6096699517882309,0.6706022132038294,0.8243688553594826,0.9402126776070373,0.7793,0.8759218267234544,0.0,1.0,0.6538220012512035,0.3848860684718029,0.6501036385085025,0.7002080494951828,0.6401465449837918,0.728790053794636,0.5869560276473428,0.7890605202809375,0.9502936471993672,0.702,0.384,0.8992592419356868,0.0,0.6627904007507421,0.3778671155192016,0.7821306902591401,0.6262801640705205,0.6205420148299704,0.9687564351449601,0.0,0.4121201514362443,0.6036925543078344,0.6599680189804955,1.0,0.3876961773904154,0.384,0.0,0.6491897854778756,0.350968747231707,0.6330308098254467,0.6375586341982825,0.6943716721501532,1.0,0.9401854429146376,0.0,1.0,0.6872300453655826,0.34995249175834897,0.6489750983648239,0.7541437328097504,0.7797065220957119,0.7034147624771449,0.6329983022299696,0.641249959036905,1.0,0.7793,0.9145188133393503,0.0,1.0,0.6477632266391913,0.36473909802276644,0.6521403756873969,0.8143477083759627,0.7734180432162429,0.794753085107319,0.6700108738193912,0.78344547406917,0.9499947124611163,0.7793,1.0,0.0,1.0,0.6928571193534776,0.3899037492249947,0.8126702967467353,0.7684246154613616,0.7161755575908053,0.5776754433850069,1.0,0.7793,1.0,0.0,1.0,0.673552809135292,0.3714245045213854,0.8463619652499644,0.6228676793930482,0.7003229399046066,0.716842002952762,0.6970396132539209,0.8894220951645697,0.384,0.9652774619998398,0.0,1.0,0.6749618649499094,0.6572734077882969,0.7048138529218912,0.7230204227761736,0.8131846123481934,0.4714,1.0,0.0,1.0,0.6371484492658124,0.8188879975986941,0.6918000828845772,0.6361263505993878,0.6661708580202069,0.9997402697741588,0.7793,0.8773081556249636,0.0,1.0,0.7484606305101678,0.4231309725265856,0.7663394362078656,0.7474793774579025,0.7120445063854954,0.5857002407356635,0.8040468698883105,0.384,1.0,0.0,0.7187747127387776,0.8714669035325767,0.0,1.0,0.7932168380145643,0.4285621237302773,0.7866157131911696,0.7522369959391404,0.9480110647124889,0.0,0.6583129580021885,0.37325620612818855,0.8152588668266763,0.6822135592349616,0.6522277226515196,0.6923761490980951,1.0,0.384,1.0,0.0,0.7793,0.0,0.6445775037598782,0.7547711379496317,0.0,1.0,0.7723220143874565,0.39201507985684114,0.633399365439097,0.8308719536629766,0.6587474718366363,0.7043786560447065,0.6474643660720723,0.6422265834025624,0.9466446732437792,0.384,0.9276095800653118,0.0,1.0,0.753033873525676,0.3467993906226546,0.750442895676156,0.848011665133217,0.6747167308666613,0.7119386346150673,0.6380415633359424,0.7139100681262938,1.0,0.384,0.9575321640479066,0.0,0.6788919097596801,0.34281454149605733,0.737922446402141,0.6156520444257478,0.9333371064630581,0.0,1.0,0.7197110010687394,0.3931148976058049,0.7690196527698567,0.8121349735547422,0.6708202060457087,0.6587540355023382,0.649254371022564,0.803257451278935,0.8722061335464584,0.702,0.9262587484822473,0.0,0.3559640894740773,0.7069768741759361,0.0,0.9931768412055689,0.0,1.0,0.3476227519321674,0.7656945592353839,0.5867255062973569,0.384,0.9310442826030699,0.0,0.7099245655140303,0.4031793689485072,0.7396956666284991,0.6253582110679258,0.0,0.0,0.0,0.0,0.0,0.0,0.0,0.0,0.0,0.0,0.0,0.0,0.0,0.0,0.0,0.0,0.0,0.0,0.0,0.0,0.0,0.0,0.0,0.0,0.0,0.0,0.0,0.6844833316963147,0.6183736637449483,1.0,1.0,0.7793,0.7793,0.0,0.0,0.4714,0.702,0.6414503233585096,0.6193785981633132,1.0,0.8885896823454796,0.384,0.7793,0.0,0.0,0.702,0.702,0.6031595901863545,0.7262326868152932,1.0,0.8749046291436108,0.7793,0.7793,0.0,0.0,0.4714,0.4714,0.7815968610445732,0.6537419890497134,1.0,0.9680567416862065,0.384,0.7793,0.0,0.0,0.7948467821282651,0.6535954889766304,1.0,0.8690969479891633,0.7793,0.7793,0.0,0.0,0.7743028403228238,0.6334544116559206,1.0,0.9362548014777714,0.7793,0.7793,0.0,0.0,0.6063408157191411,0.7259920299136824,1.0,0.9504482502351028,0.7793,0.0,0.0,0.702,0.4714,0.6673528661783973,0.7209395339623819,1.0,0.9452074451097521,0.384,0.384,0.0,0.0,0.702,0.702,0.6362918685386422,0.5772166950781435,1.0,0.9189846249516106,0.384,0.7793,0.0,0.0,0.4714,0.702,0.7050440737941877,0.6651546648439816,1.0,0.8897249158348572,0.7793,0.384,0.0,0.0,0.702,0.702,0.7035852504093891,0.6776502282421069,1.0,0.9035237418491153,0.7793,0.7793,0.0,0.0,0.4714,0.4714,0.7857930763222551,0.7501601399415851,1.0,0.9863529605355152,0.0,0.702,0.4714,0.7734463721686576,0.6919575564083487,1.0,1.0,0.384,0.384,0.0,0.0,0.702,0.702,0.6697629488741318,0.6706990380191442,1.0,0.9217455289127913,0.7793,0.384,0.0,0.0,0.6930824181228477,0.6283749531982945,1.0,1.0,0.7793,0.384,0.0,0.0,0.7056954685174133,0.6926492925725012,1.0,0.8908282182535489,0.384,0.7793,0.0,0.0,0.7505473598423393,0.6544297635529768,1.0,0.8667178476796307,0.7793,0.384,0.0,0.0,0.6664527665398859,0.7367400575804752,1.0,0.9405107672905276,0.7793,0.384,0.0,0.0,0.7766267076725436,0.6602748026646413,1.0,0.9480001161289544,0.384,0.384,0.0,0.0,0.7551540539983403,0.6521534551440108,1.0,0.974035152476818,0.7793,0.384,0.0,0.0,0.6037595718066143,0.7580664513203148,1.0,1.0,0.7793,0.7793,0.0,0.0,0.4714,0.4714,0.6429798894434376,0.7274268695158322,1.0,0.8952950811823618,0.384,0.7793,0.0,0.0,0.7052214971424946,0.7114111038185129,1.0,0.9513949429607855,0.384,0.7793,0.0,0.0,0.702,0.4714,0.7075348763296561,0.7347175053834236,1.0,1.0,0.7793,0.7793,0.0,0.0,0.7981123389398725,0.6730589209552794,1.0,0.8682152790570337,0.7793,0.7793,0.0,0.0,0.608617665529581,0.6188736622236718,1.0,1.0,0.7793,0.384,0.0,0.0,0.6936817832311731,0.6157418823873333,1.0,1.0,0.384,0.384,0.0,0.0
,101,1.0,0.6303968696510183,0.6882293142442287,0.6056560799349204,0.6466030593664538,0.697714222872073,0.9581373709730283,0.0,1.0,0.7915648155449517,0.40296957629521346,0.6168986650264882,0.6096699517882309,0.6706022132038294,0.8243688553594826,0.9402126776070373,0.7573,0.8759218267234544,0.0,1.0,0.6538220012512035,0.3848860684718029,0.6501036385085025,0.7002080494951828,0.6401465449837918,0.728790053794636,0.5869560276473428,0.7890605202809375,0.9502936471993672,0.699,0.3752,0.8992592419356868,0.0,0.6627904007507421,0.3778671155192016,0.7821306902591401,0.6262801640705205,0.6205420148299704,0.9687564351449601,0.0,0.4121201514362443,0.6036925543078344,0.6599680189804955,1.0,0.3876961773904154,0.3752,0.0,0.6491897854778756,0.350968747231707,0.6330308098254467,0.6375586341982825,0.6943716721501532,1.0,0.9401854429146376,0.0,1.0,0.6872300453655826,0.34995249175834897,0.6489750983648239,0.7541437328097504,0.7797065220957119,0.7034147624771449,0.6329983022299696,0.641249959036905,1.0,0.7573,0.9145188133393503,0.0,1.0,0.6477632266391913,0.36473909802276644,0.6521403756873969,0.8143477083759627,0.7734180432162429,0.794753085107319,0.6700108738193912,0.78344547406917,0.9499947124611163,0.7573,1.0,0.0,1.0,0.6928571193534776,0.3899037492249947,0.8126702967467353,0.7684246154613616,0.7161755575908053,0.5776754433850069,1.0,0.7573,1.0,0.0,1.0,0.673552809135292,0.3714245045213854,0.8463619652499644,0.6228676793930482,0.7003229399046066,0.716842002952762,0.6970396132539209,0.8894220951645697,0.3752,0.9652774619998398,0.0,1.0,0.6749618649499094,0.6572734077882969,0.7048138529218912,0.7230204227761736,0.8131846123481934,0.4856,1.0,0.0,1.0,0.6371484492658124,0.8188879975986941,0.6918000828845772,0.6361263505993878,0.6661708580202069,0.9997402697741588,0.7573,0.8773081556249636,0.0,1.0,0.7484606305101678,0.4231309725265856,0.7663394362078656,0.7474793774579025,0.7120445063854954,0.5857002407356635,0.8040468698883105,0.3752,1.0,0.0,0.7187747127387776,0.8714669035325767,0.0,1.0,0.7932168380145643,0.4285621237302773,0.7866157131911696,0.7522369959391404,0.9480110647124889,0.0,0.6583129580021885,0.37325620612818855,0.8152588668266763,0.6822135592349616,0.6522277226515196,0.6923761490980951,1.0,0.3752,1.0,0.0,0.7573,0.0,0.6445775037598782,0.7547711379496317,0.0,1.0,0.7723220143874565,0.39201507985684114,0.633399365439097,0.8308719536629766,0.6587474718366363,0.7043786560447065,0.6474643660720723,0.6422265834025624,0.9466446732437792,0.3752,0.9276095800653118,0.0,1.0,0.753033873525676,0.3467993906226546,0.750442895676156,0.848011665133217,0.6747167308666613,0.7119386346150673,0.6380415633359424,0.7139100681262938,1.0,0.3752,0.9575321640479066,0.0,0.6788919097596801,0.34281454149605733,0.737922446402141,0.6156520444257478,0.9333371064630581,0.0,1.0,0.7197110010687394,0.3931148976058049,0.7690196527698567,0.8121349735547422,0.6708202060457087,0.6587540355023382,0.649254371022564,0.803257451278935,0.8722061335464584,0.699,0.9262587484822473,0.0,0.3559640894740773,0.7069768741759361,0.0,0.9931768412055689,0.0,1.0,0.3476227519321674,0.7656945592353839,0.5867255062973569,0.3752,0.9310442826030699,0.0,0.7099245655140303,0.4031793689485072,0.7396956666284991,0.6253582110679258,0.0,0.0,0.0,0.0,0.0,0.0,0.0,0.0,0.0,0.0,0.0,0.0,0.0,0.0,0.0,0.0,0.0,0.0,0.0,0.0,0.0,0.0,0.0,0.0,0.0,0.0,0.0,0.6844833316963147,0.6183736637449483,1.0,1.0,0.7573,0.7573,0.0,0.0,0.4856,0.699,0.6414503233585096,0.6193785981633132,1.0,0.8885896823454796,0.3752,0.7573,0.0,0.0,0.699,0.699,0.6031595901863545,0.7262326868152932,1.0,0.8749046291436108,0.7573,0.7573,0.0,0.0,0.4856,0.4856,0.7815968610445732,0.6537419890497134,1.0,0.9680567416862065,0.3752,0.7573,0.0,0.0,0.7948467821282651,0.6535954889766304,1.0,0.8690969479891633,0.7573,0.7573,0.0,0.0,0.7743028403228238,0.6334544116559206,1.0,0.9362548014777714,0.7573,0.7573,0.0,0.0,0.6063408157191411,0.7259920299136824,1.0,0.9504482502351028,0.7573,0.0,0.0,0.699,0.4856,0.6673528661783973,0.7209395339623819,1.0,0.9452074451097521,0.3752,0.3752,0.0,0.0,0.699,0.699,0.6362918685386422,0.5772166950781435,1.0,0.9189846249516106,0.3752,0.7573,0.0,0.0,0.4856,0.699,0.7050440737941877,0.6651546648439816,1.0,0.8897249158348572,0.7573,0.3752,0.0,0.0,0.699,0.699,0.7035852504093891,0.6776502282421069,1.0,0.9035237418491153,0.7573,0.7573,0.0,0.0,0.4856,0.4856,0.7857930763222551,0.7501601399415851,1.0,0.9863529605355152,0.0,0.699,0.4856,0.7734463721686576,0.6919575564083487,1.0,1.0,0.3752,0.3752,0.0,0.0,0.699,0.699,0.6697629488741318,0.6706990380191442,1.0,0.9217455289127913,0.7573,0.3752,0.0,0.0,0.6930824181228477,0.6283749531982945,1.0,1.0,0.7573,0.3752,0.0,0.0,0.7056954685174133,0.6926492925725012,1.0,0.8908282182535489,0.3752,0.7573,0.0,0.0,0.7505473598423393,0.6544297635529768,1.0,0.8667178476796307,0.7573,0.3752,0.0,0.0,0.6664527665398859,0.7367400575804752,1.0,0.9405107672905276,0.7573,0.3752,0.0,0.0,0.7766267076725436,0.6602748026646413,1.0,0.9480001161289544,0.3752,0.3752,0.0,0.0,0.7551540539983403,0.6521534551440108,1.0,0.974035152476818,0.7573,0.3752,0.0,0.0,0.6037595718066143,0.7580664513203148,1.0,1.0,0.7573,0.7573,0.0,0.0,0.4856,0.4856,0.6429798894434376,0.7274268695158322,1.0,0.8952950811823618,0.3752,0.7573,0.0,0.0,0.7052214971424946,0.7114111038185129,1.0,0.9513949429607855,0.3752,0.7573,0.0,0.0,0.699,0.4856,0.7075348763296561,0.7347175053834236,1.0,1.0,0.7573,0.7573,0.0,0.0,0.7981123389398725,0.6730589209552794,1.0,0.8682152790570337,0.7573,0.7573,0.0,0.0,0.608617665529581,0.6188736622236718,1.0,1.0,0.7573,0.3752,0.0,0.0,0.6936817832311731,0.6157418823873333,1.0,1.0,0.3752,0.3752,0.0,0.0
,102,1.0,0.6303968696510183,0.6882293142442287,0.6056560799349204,0.6466030593664538,0.697714222872073,0.9581373709730283,0.0,1.0,0.7915648155449517,0.40296957629521346,0.6168986650264882,0.6096699517882309,0.6706022132038294,0.8243688553594826,0.9402126776070373,0.734,0.8759218267234544,0.0,1.0,0.6538220012512035,0.3848860684718029,0.6501036385085025,0.7002080494951828,0.6401465449837918,0.728790053794636,0.5869560276473428,0.7890605202809375,0.9502936471993672,0.695,0.3691,0.8992592419356868,0.0,0.6627904007507421,0.3778671155192016,0.7821306902591401,0.6262801640705205,0.6205420148299704,0.9687564351449601,0.0,0.4121201514362443,0.6036925543078344,0.6599680189804955,1.0,0.3876961773904154,0.3691,0.0,0.6491897854778756,0.350968747231707,0.6330308098254467,0.6375586341982825,0.6943716721501532,1.0,0.9401854429146376,0.0,1.0,0.6872300453655826,0.34995249175834897,0.6489750983648239,0.7541437328097504,0.7797065220957119,0.7034147624771449,0.6329983022299696,0.641249959036905,1.0,0.734,0.9145188133393503,0.0,1.0,0.6477632266391913,0.36473909802276644,0.6521403756873969,0.8143477083759627,0.7734180432162429,0.794753085107319,0.6700108738193912,0.78344547406917,0.9499947124611163,0.734,1.0,0.0,1.0,0.6928571193534776,0.3899037492249947,0.8126702967467353,0.7684246154613616,0.7161755575908053,0.5776754433850069,1.0,0.734,1.0,0.0,1.0,0.673552809135292,0.3714245045213854,0.8463619652499644,0.6228676793930482,0.7003229399046066,0.716842002952762,0.6970396132539209,0.8894220951645697,0.3691,0.9652774619998398,0.0,1.0,0.6749618649499094,0.6572734077882969,0.7048138529218912,0.7230204227761736,0.8131846123481934,0.487,1.0,0.0,1.0,0.6371484492658124,0.8188879975986941,0.6918000828845772,0.6361263505993878,0.6661708580202069,0.9997402697741588,0.734,0.8773081556249636,0.0,1.0,0.7484606305101678,0.4231309725265856,0.7663394362078656,0.7474793774579025,0.7120445063854954,0.5857002407356635,0.8040468698883105,0.3691,1.0,0.0,0.7187747127387776,0.8714669035325767,0.0,1.0,0.7932168380145643,0.4285621237302773,0.7866157131911696,0.7522369959391404,0.9480110647124889,0.0,0.6583129580021885,0.37325620612818855,0.8152588668266763,0.6822135592349616,0.6522277226515196,0.6923761490980951,1.0,0.3691,1.0,0.0,0.734,0.0,0.6445775037598782,0.7547711379496317,0.0,1.0,0.7723220143874565,0.39201507985684114,0.633399365439097,0.8308719536629766,0.6587474718366363,0.7043786560447065,0.6474643660720723,0.6422265834025624,0.9466446732437792,0.3691,0.9276095800653118,0.0,1.0,0.753033873525676,0.3467993906226546,0.750442895676156,0.848011665133217,0.6747167308666613,0.7119386346150673,0.6380415633359424,0.7139100681262938,1.0,0.3691,0.9575321640479066,0.0,0.6788919097596801,0.34281454149605733,0.737922446402141,0.6156520444257478,0.9333371064630581,0.0,1.0,0.7197110010687394,0.3931148976058049,0.7690196527698567,0.8121349735547422,0.6708202060457087,0.6587540355023382,0.649254371022564,0.803257451278935,0.8722061335464584,0.695,0.9262587484822473,0.0,0.3559640894740773,0.7069768741759361,0.0,0.9931768412055689,0.0,1.0,0.3476227519321674,0.7656945592353839,0.5867255062973569,0.3691,0.9310442826030699,0.0,0.7099245655140303,0.4031793689485072,0.7396956666284991,0.6253582110679258,0.0,0.0,0.0,0.0,0.0,0.0,0.0,0.0,0.0,0.0,0.0,0.0,0.0,0.0,0.0,0.0,0.0,0.0,0.0,0.0,0.0,0.0,0.0,0.0,0.0,0.0,0.0,0.6844833316963147,0.6183736637449483,1.0,1.0,0.734,0.734,0.0,0.0,0.487,0.695,0.6414503233585096,0.6193785981633132,1.0,0.8885896823454796,0.3691,0.734,0.0,0.0,0.695,0.695,0.6031595901863545,0.7262326868152932,1.0,0.8749046291436108,0.734,0.734,0.0,0.0,0.487,0.487,0.7815968610445732,0.6537419890497134,1.0,0.9680567416862065,0.3691,0.734,0.0,0.0,0.7948467821282651,0.6535954889766304,1.0,0.8690969479891633,0.734,0.734,0.0,0.0,0.7743028403228238,0.6334544116559206,1.0,0.9362548014777714,0.734,0.734,0.0,0.0,0.6063408157191411,0.7259920299136824,1.0,0.9504482502351028,0.734,0.0,0.0,0.695,0.487,0.6673528661783973,0.7209395339623819,1.0,0.9452074451097521,0.3691,0.3691,0.0,0.0,0.695,0.695,0.6362918685386422,0.5772166950781435,1.0,0.9189846249516106,0.3691,0.734,0.0,0.0,0.487,0.695,0.7050440737941877,0.6651546648439816,1.0,0.8897249158348572,0.734,0.3691,0.0,0.0,0.695,0.695,0.7035852504093891,0.6776502282421069,1.0,0.9035237418491153,0.734,0.734,0.0,0.0,0.487,0.487,0.7857930763222551,0.7501601399415851,1.0,0.9863529605355152,0.0,0.695,0.487,0.7734463721686576,0.6919575564083487,1.0,1.0,0.3691,0.3691,0.0,0.0,0.695,0.695,0.6697629488741318,0.6706990380191442,1.0,0.9217455289127913,0.734,0.3691,0.0,0.0,0.6930824181228477,0.6283749531982945,1.0,1.0,0.734,0.3691,0.0,0.0,0.7056954685174133,0.6926492925725012,1.0,0.8908282182535489,0.3691,0.734,0.0,0.0,0.7505473598423393,0.6544297635529768,1.0,0.8667178476796307,0.734,0.3691,0.0,0.0,0.6664527665398859,0.7367400575804752,1.0,0.9405107672905276,0.734,0.3691,0.0,0.0,0.7766267076725436,0.6602748026646413,1.0,0.9480001161289544,0.3691,0.3691,0.0,0.0,0.7551540539983403,0.6521534551440108,1.0,0.974035152476818,0.734,0.3691,0.0,0.0,0.6037595718066143,0.7580664513203148,1.0,1.0,0.734,0.734,0.0,0.0,0.487,0.487,0.6429798894434376,0.7274268695158322,1.0,0.8952950811823618,0.3691,0.734,0.0,0.0,0.7052214971424946,0.7114111038185129,1.0,0.9513949429607855,0.3691,0.734,0.0,0.0,0.695,0.487,0.7075348763296561,0.7347175053834236,1.0,1.0,0.734,0.734,0.0,0.0,0.7981123389398725,0.6730589209552794,1.0,0.8682152790570337,0.734,0.734,0.0,0.0,0.608617665529581,0.6188736622236718,1.0,1.0,0.734,0.3691,0.0,0.0,0.6936817832311731,0.6157418823873333,1.0,1.0,0.3691,0.3691,0.0,0.0
,103,1.0,0.6303968696510183,0.6882293142442287,0.6056560799349204,0.6466030593664538,0.697714222872073,0.9581373709730283,0.000603,1.0,0.7915648155449517,0.40296957629521346,0.6168986650264882,0.6096699517882309,0.6706022132038294,0.8243688553594826,0.9402126776070373,0.7134,0.8759218267234544,0.000603,1.0,0.6538220012512035,0.3848860684718029,0.6501036385085025,0.7002080494951828,0.6401465449837918,0.728790053794636,0.5869560276473428,0.7890605202809375,0.9502936471993672,0.698,0.363,0.8992592419356868,0.000603,0.6627904007507421,0.3778671155192016,0.7821306902591401,0.6262801640705205,0.6205420148299704,0.9687564351449601,0.000603,0.4121201514362443,0.6036925543078344,0.6599680189804955,1.0,0.3876961773904154,0.363,0.000603,0.6491897854778756,0.350968747231707,0.6330308098254467,0.6375586341982825,0.6943716721501532,1.0,0.9401854429146376,0.000603,1.0,0.6872300453655826,0.34995249175834897,0.6489750983648239,0.7541437328097504,0.7797065220957119,0.7034147624771449,0.6329983022299696,0.641249959036905,1.0,0.7134,0.9145188133393503,0.000603,1.0,0.6477632266391913,0.36473909802276644,0.6521403756873969,0.8143477083759627,0.7734180432162429,0.794753085107319,0.6700108738193912,0.78344547406917,0.9499947124611163,0.7134,1.0,0.0,1.0,0.6928571193534776,0.3899037492249947,0.8126702967467353,0.7684246154613616,0.7161755575908053,0.5776754433850069,1.0,0.7134,1.0,0.0,1.0,0.673552809135292,0.3714245045213854,0.8463619652499644,0.6228676793930482,0.7003229399046066,0.716842002952762,0.6970396132539209,0.8894220951645697,0.363,0.9652774619998398,0.000603,1.0,0.6749618649499094,0.6572734077882969,0.7048138529218912,0.7230204227761736,0.8131846123481934,0.5034,1.0,0.0,1.0,0.6371484492658124,0.8188879975986941,0.6918000828845772,0.6361263505993878,0.6661708580202069,0.9997402697741588,0.7134,0.8773081556249636,0.0,1.0,0.7484606305101678,0.4231309725265856,0.7663394362078656,0.7474793774579025,0.7120445063854954,0.5857002407356635,0.8040468698883105,0.363,1.0,0.000603,0.7187747127387776,0.8714669035325767,0.0,1.0,0.7932168380145643,0.4285621237302773,0.7866157131911696,0.7522369959391404,0.9480110647124889,0.0,0.6583129580021885,0.37325620612818855,0.8152588668266763,0.6822135592349616,0.6522277226515196,0.6923761490980951,1.0,0.363,1.0,0.000603,0.7134,0.0,0.6445775037598782,0.7547711379496317,0.0,1.0,0.7723220143874565,0.39201507985684114,0.633399365439097,0.8308719536629766,0.6587474718366363,0.7043786560447065,0.6474643660720723,0.6422265834025624,0.9466446732437792,0.363,0.9276095800653118,0.000603,1.0,0.753033873525676,0.3467993906226546,0.750442895676156,0.848011665133217,0.6747167308666613,0.7119386346150673,0.6380415633359424,0.7139100681262938,1.0,0.363,0.9575321640479066,0.000603,0.6788919097596801,0.34281454149605733,0.737922446402141,0.6156520444257478,0.9333371064630581,0.0,1.0,0.7197110010687394,0.3931148976058049,0.7690196527698567,0.8121349735547422,0.6708202060457087,0.6587540355023382,0.649254371022564,0.803257451278935,0.8722061335464584,0.698,0.9262587484822473,0.0,0.3559640894740773,0.7069768741759361,0.0,0.9931768412055689,0.000603,1.0,0.3476227519321674,0.7656945592353839,0.5867255062973569,0.363,0.9310442826030699,0.0,0.7099245655140303,0.4031793689485072,0.7396956666284991,0.6253582110679258,0.0004921314754511657,0.00047481214345356567,0.0,0.00048178317134750834,0.0004759825008970614,0.0004884444289309219,0.0,0.0,0.00047826149252120753,0.00048382167350646815,0.0,0.00047221593431491906,0.0,0.0,0.0,0.0,0.0,0.0,0.0004848822000147716,0.0004857556395141755,0.00047570513750766193,0.0004917834653093015,0.0,0.00048172610416998153,0.0004888152575189986,0.0,0.0,0.6844833316963147,0.6183736637449483,1.0,1.0,0.7134,0.7134,0.0,0.000603,0.5034,0.698,0.6414503233585096,0.6193785981633132,1.0,0.8885896823454796,0.363,0.7134,0.000603,0.000603,0.698,0.698,0.6031595901863545,0.7262326868152932,1.0,0.8749046291436108,0.7134,0.7134,0.0,0.0,0.5034,0.5034,0.7815968610445732,0.6537419890497134,1.0,0.9680567416862065,0.363,0.7134,0.000603,0.0,0.7948467821282651,0.6535954889766304,1.0,0.8690969479891633,0.7134,0.7134,0.0,0.0,0.7743028403228238,0.6334544116559206,1.0,0.9362548014777714,0.7134,0.7134,0.000603,0.000603,0.6063408157191411,0.7259920299136824,1.0,0.9504482502351028,0.7134,0.0,0.0,0.698,0.5034,0.6673528661783973,0.7209395339623819,1.0,0.9452074451097521,0.363,0.363,0.0,0.0,0.698,0.698,0.6362918685386422,0.5772166950781435,1.0,0.9189846249516106,0.363,0.7134,0.000603,0.000603,0.5034,0.698,0.7050440737941877,0.6651546648439816,1.0,0.8897249158348572,0.7134,0.363,0.000603,0.0,0.698,0.698,0.7035852504093891,0.6776502282421069,1.0,0.9035237418491153,0.7134,0.7134,0.000603,0.000603,0.5034,0.5034,0.7857930763222551,0.7501601399415851,1.0,0.9863529605355152,0.000603,0.698,0.5034,0.7734463721686576,0.6919575564083487,1.0,1.0,0.363,0.363,0.000603,0.0,0.698,0.698,0.6697629488741318,0.6706990380191442,1.0,0.9217455289127913,0.7134,0.363,0.0,0.0,0.6930824181228477,0.6283749531982945,1.0,1.0,0.7134,0.363,0.000603,0.000603,0.7056954685174133,0.6926492925725012,1.0,0.8908282182535489,0.363,0.7134,0.0,0.000603,0.7505473598423393,0.6544297635529768,1.0,0.8667178476796307,0.7134,0.363,0.0,0.0,0.6664527665398859,0.7367400575804752,1.0,0.9405107672905276,0.7134,0.363,0.0,0.000603,0.7766267076725436,0.6602748026646413,1.0,0.9480001161289544,0.363,0.363,0.000603,0.000603,0.7551540539983403,0.6521534551440108,1.0,0.974035152476818,0.7134,0.363,0.000603,0.0,0.6037595718066143,0.7580664513203148,1.0,1.0,0.7134,0.7134,0.0,0.0,0.5034,0.5034,0.6429798894434376,0.7274268695158322,1.0,0.8952950811823618,0.363,0.7134,0.000603,0.000603,0.7052214971424946,0.7114111038185129,1.0,0.9513949429607855,0.363,0.7134,0.0,0.0,0.698,0.5034,0.7075348763296561,0.7347175053834236,1.0,1.0,0.7134,0.7134,0.000603,0.000603,0.7981123389398725,0.6730589209552794,1.0,0.8682152790570337,0.7134,0.7134,0.0,0.000603,0.608617665529581,0.6188736622236718,1.0,1.0,0.7134,0.363,0.0,0.000603,0.6936817832311731,0.6157418823873333,1.0,1.0,0.363,0.363,0.0,0.000603
,104,1.0,0.6303968696510183,0.6882293142442287,0.6056560799349204,0.6466030593664538,0.697714222872073,0.9581373709730283,0.1329,1.0,0.7915648155449517,0.40296957629521346,0.6168986650264882,0.6096699517882309,0.6706022132038294,0.8243688553594826,0.9402126776070373,0.677,0.8759218267234544,0.1329,1.0,0.6538220012512035,0.3848860684718029,0.6501036385085025,0.7002080494951828,0.6401465449837918,0.728790053794636,0.5869560276473428,0.7890605202809375,0.9502936471993672,0.6875,0.3164,0.8992592419356868,0.1329,0.6627904007507421,0.3778671155192016,0.7821306902591401,0.6262801640705205,0.6205420148299704,0.9687564351449601,0.1329,0.4121201514362443,0.6036925543078344,0.6599680189804955,1.0,0.3876961773904154,0.3164,0.1329,0.6491897854778756,0.350968747231707,0.6330308098254467,0.6375586341982825,0.6943716721501532,1.0,0.9401854429146376,0.1329,1.0,0.6872300453655826,0.34995249175834897,0.6489750983648239,0.7541437328097504,0.7797065220957119,0.7034147624771449,0.6329983022299696,0.641249959036905,1.0,0.677,0.9145188133393503,0.1329,1.0,0.6477632266391913,0.36473909802276644,0.6521403756873969,0.8143477083759627,0.7734180432162429,0.794753085107319,0.6700108738193912,0.78344547406917,0.9499947124611163,0.677,1.0,0.02524,1.0,0.6928571193534776,0.3899037492249947,0.8126702967467353,0.7684246154613616,0.7161755575908053,0.5776754433850069,1.0,0.677,1.0,0.02524,1.0,0.673552809135292,0.3714245045213854,0.8463619652499644,0.6228676793930482,0.7003229399046066,0.716842002952762,0.6970396132539209,0.8894220951645697,0.3164,0.9652774619998398,0.1329,1.0,0.6749618649499094,0.6572734077882969,0.7048138529218912,0.7230204227761736,0.8131846123481934,0.51,1.0,0.02524,1.0,0.6371484492658124,0.8188879975986941,0.6918000828845772,0.6361263505993878,0.6661708580202069,0.9997402697741588,0.677,0.8773081556249636,0.02524,1.0,0.7484606305101678,0.4231309725265856,0.7663394362078656,0.7474793774579025,0.7120445063854954,0.5857002407356635,0.8040468698883105,0.3164,1.0,0.1329,0.7187747127387776,0.8714669035325767,0.02524,1.0,0.7932168380145643,0.4285621237302773,0.7866157131911696,0.7522369959391404,0.9480110647124889,0.02524,0.6583129580021885,0.37325620612818855,0.8152588668266763,0.6822135592349616,0.6522277226515196,0.6923761490980951,1.0,0.3164,1.0,0.1329,0.677,0.02524,0.6445775037598782,0.7547711379496317,0.02524,1.0,0.7723220143874565,0.39201507985684114,0.633399365439097,0.8308719536629766,0.6587474718366363,0.7043786560447065,0.6474643660720723,0.6422265834025624,0.9466446732437792,0.3164,0.9276095800653118,0.1329,1.0,0.753033873525676,0.3467993906226546,0.750442895676156,0.848011665133217,0.6747167308666613,0.7119386346150673,0.6380415633359424,0.7139100681262938,1.0,0.3164,0.9575321640479066,0.1329,0.6788919097596801,0.34281454149605733,0.737922446402141,0.6156520444257478,0.9333371064630581,0.02524,1.0,0.7197110010687394,0.3931148976058049,0.7690196527698567,0.8121349735547422,0.6708202060457087,0.6587540355023382,0.649254371022564,0.803257451278935,0.8722061335464584,0.6875,0.9262587484822473,0.02524,0.3559640894740773,0.7069768741759361,0.02524,0.9931768412055689,0.1329,1.0,0.3476227519321674,0.7656945592353839,0.5867255062973569,0.3164,0.9310442826030699,0.02524,0.7099245655140303,0.4031793689485072,0.7396956666284991,0.6253582110679258,0.10846479782331661,0.10464765151737791,0.019598197604440974,0.10618405219251054,0.10490559596885483,0.10765218010766088,0.020691093954815176,0.0201670309545288,0.10540788118750992,0.10663333401162456,0.01963604422723189,0.10407545218980555,0.020003153863327416,0.0202133583735975,0.02023703363021503,0.01978713359632422,0.020210582942832664,0.019629753088917005,0.10686707194355413,0.1070595762710347,0.10484446562979813,0.10838809708060725,0.01960943901215754,0.10617147470015016,0.10773390999050567,0.02055403189582757,0.020746538746045522,0.6844833316963147,0.6183736637449483,1.0,1.0,0.677,0.677,0.02524,0.1329,0.51,0.6875,0.6414503233585096,0.6193785981633132,1.0,0.8885896823454796,0.3164,0.677,0.1329,0.1329,0.6875,0.6875,0.6031595901863545,0.7262326868152932,1.0,0.8749046291436108,0.677,0.677,0.02524,0.02524,0.51,0.51,0.7815968610445732,0.6537419890497134,1.0,0.9680567416862065,0.3164,0.677,0.1329,0.02524,0.7948467821282651,0.6535954889766304,1.0,0.8690969479891633,0.677,0.677,0.02524,0.02524,0.7743028403228238,0.6334544116559206,1.0,0.9362548014777714,0.677,0.677,0.1329,0.1329,0.6063408157191411,0.7259920299136824,1.0,0.9504482502351028,0.677,0.02524,0.02524,0.6875,0.51,0.6673528661783973,0.7209395339623819,1.0,0.9452074451097521,0.3164,0.3164,0.02524,0.02524,0.6875,0.6875,0.6362918685386422,0.5772166950781435,1.0,0.9189846249516106,0.3164,0.677,0.1329,0.1329,0.51,0.6875,0.7050440737941877,0.6651546648439816,1.0,0.8897249158348572,0.677,0.3164,0.1329,0.02524,0.6875,0.6875,0.7035852504093891,0.6776502282421069,1.0,0.9035237418491153,0.677,0.677,0.1329,0.1329,0.51,0.51,0.7857930763222551,0.7501601399415851,1.0,0.9863529605355152,0.1329,0.6875,0.51,0.7734463721686576,0.6919575564083487,1.0,1.0,0.3164,0.3164,0.1329,0.02524,0.6875,0.6875,0.6697629488741318,0.6706990380191442,1.0,0.9217455289127913,0.677,0.3164,0.02524,0.02524,0.6930824181228477,0.6283749531982945,1.0,1.0,0.677,0.3164,0.1329,0.1329,0.7056954685174133,0.6926492925725012,1.0,0.8908282182535489,0.3164,0.677,0.02524,0.1329,0.7505473598423393,0.6544297635529768,1.0,0.8667178476796307,0.677,0.3164,0.02524,0.02524,0.6664527665398859,0.7367400575804752,1.0,0.9405107672905276,0.677,0.3164,0.02524,0.1329,0.7766267076725436,0.6602748026646413,1.0,0.9480001161289544,0.3164,0.3164,0.1329,0.1329,0.7551540539983403,0.6521534551440108,1.0,0.974035152476818,0.677,0.3164,0.1329,0.02524,0.6037595718066143,0.7580664513203148,1.0,1.0,0.677,0.677,0.02524,0.02524,0.51,0.51,0.6429798894434376,0.7274268695158322,1.0,0.8952950811823618,0.3164,0.677,0.1329,0.1329,0.7052214971424946,0.7114111038185129,1.0,0.9513949429607855,0.3164,0.677,0.02524,0.02524,0.6875,0.51,0.7075348763296561,0.7347175053834236,1.0,1.0,0.677,0.677,0.1329,0.1329,0.7981123389398725,0.6730589209552794,1.0,0.8682152790570337,0.677,0.677,0.02524,0.1329,0.608617665529581,0.6188736622236718,1.0,1.0,0.677,0.3164,0.02524,0.1329,0.6936817832311731,0.6157418823873333,1.0,1.0,0.3164,0.3164,0.02524,0.1329
,105,1.0,0.6303968696510183,0.6882293142442287,0.6056560799349204,0.6466030593664538,0.697714222872073,0.9581373709730283,0.3962,1.0,0.7915648155449517,0.40296957629521346,0.6168986650264882,0.6096699517882309,0.6706022132038294,0.8243688553594826,0.9402126776070373,0.5215,0.8759218267234544,0.3962,1.0,0.6538220012512035,0.3848860684718029,0.6501036385085025,0.7002080494951828,0.6401465449837918,0.728790053794636,0.5869560276473428,0.7890605202809375,0.9502936471993672,0.661,0.2238,0.8992592419356868,0.3962,0.6627904007507421,0.3778671155192016,0.7821306902591401,0.6262801640705205,0.6205420148299704,0.9687564351449601,0.3962,0.4121201514362443,0.6036925543078344,0.6599680189804955,1.0,0.3876961773904154,0.2238,0.3962,0.6491897854778756,0.350968747231707,0.6330308098254467,0.6375586341982825,0.6943716721501532,1.0,0.9401854429146376,0.3962,1.0,0.6872300453655826,0.34995249175834897,0.6489750983648239,0.7541437328097504,0.7797065220957119,0.7034147624771449,0.6329983022299696,0.641249959036905,1.0,0.5215,0.9145188133393503,0.3962,1.0,0.6477632266391913,0.36473909802276644,0.6521403756873969,0.8143477083759627,0.7734180432162429,0.794753085107319,0.6700108738193912,0.78344547406917,0.9499947124611163,0.5215,1.0,0.1067,1.0,0.6928571193534776,0.3899037492249947,0.8126702967467353,0.7684246154613616,0.7161755575908053,0.5776754433850069,1.0,0.5215,1.0,0.1067,1.0,0.673552809135292,0.3714245045213854,0.8463619652499644,0.6228676793930482,0.7003229399046066,0.716842002952762,0.6970396132539209,0.8894220951645697,0.2238,0.9652774619998398,0.3962,1.0,0.6749618649499094,0.6572734077882969,0.7048138529218912,0.7230204227761736,0.8131846123481934,0.4993,1.0,0.1067,1.0,0.6371484492658124,0.8188879975986941,0.6918000828845772,0.6361263505993878,0.6661708580202069,0.9997402697741588,0.5215,0.8773081556249636,0.1067,1.0,0.7484606305101678,0.4231309725265856,0.7663394362078656,0.7474793774579025,0.7120445063854954,0.5857002407356635,0.8040468698883105,0.2238,1.0,0.3962,0.7187747127387776,0.8714669035325767,0.1067,1.0,0.7932168380145643,0.4285621237302773,0.7866157131911696,0.7522369959391404,0.9480110647124889,0.1067,0.6583129580021885,0.37325620612818855,0.8152588668266763,0.6822135592349616,0.6522277226515196,0.6923761490980951,1.0,0.2238,1.0,0.3962,0.5215,0.1067,0.6445775037598782,0.7547711379496317,0.1067,1.0,0.7723220143874565,0.39201507985684114,0.633399365439097,0.8308719536629766,0.6587474718366363,0.7043786560447065,0.6474643660720723,0.6422265834025624,0.9466446732437792,0.2238,0.9276095800653118,0.3962,1.0,0.753033873525676,0.3467993906226546,0.750442895676156,0.848011665133217,0.6747167308666613,0.7119386346150673,0.6380415633359424,0.7139100681262938,1.0,0.2238,0.9575321640479066,0.3962,0.6788919097596801,0.34281454149605733,0.737922446402141,0.6156520444257478,0.9333371064630581,0.1067,1.0,0.7197110010687394,0.3931148976058049,0.7690196527698567,0.8121349735547422,0.6708202060457087,0.6587540355023382,0.649254371022564,0.803257451278935,0.8722061335464584,0.661,0.9262587484822473,0.1067,0.3559640894740773,0.7069768741759361,0.1067,0.9931768412055689,0.3962,1.0,0.3476227519321674,0.7656945592353839,0.5867255062973569,0.2238,0.9310442826030699,0.1067,0.7099245655140303,0.4031793689485072,0.7396956666284991,0.6253582110679258,0.32335404738598983,0.3119744133272019,0.08284974977788637,0.3165547139102534,0.3127433944534258,0.32093148050154435,0.08746987816873135,0.08525444543772674,0.3142408015537354,0.3178941078661073,0.08300974322684797,0.3102685790639651,0.08456166866945464,0.08545029074733967,0.08555037592487891,0.08364846096385874,0.08543855784470068,0.08298314796305248,0.31859092478582507,0.3191648165431448,0.31256115336738916,0.3231253879859789,0.08289727189370878,0.316517218030094,0.32117513271812154,0.08689045971809832,0.08770426641058071,0.6844833316963147,0.6183736637449483,1.0,1.0,0.5215,0.5215,0.1067,0.3962,0.4993,0.661,0.6414503233585096,0.6193785981633132,1.0,0.8885896823454796,0.2238,0.5215,0.3962,0.3962,0.661,0.661,0.6031595901863545,0.7262326868152932,1.0,0.8749046291436108,0.5215,0.5215,0.1067,0.1067,0.4993,0.4993,0.7815968610445732,0.6537419890497134,1.0,0.9680567416862065,0.2238,0.5215,0.3962,0.1067,0.7948467821282651,0.6535954889766304,1.0,0.8690969479891633,0.5215,0.5215,0.1067,0.1067,0.7743028403228238,0.6334544116559206,1.0,0.9362548014777714,0.5215,0.5215,0.3962,0.3962,0.6063408157191411,0.7259920299136824,1.0,0.9504482502351028,0.5215,0.1067,0.1067,0.661,0.4993,0.6673528661783973,0.7209395339623819,1.0,0.9452074451097521,0.2238,0.2238,0.1067,0.1067,0.661,0.661,0.6362918685386422,0.5772166950781435,1.0,0.9189846249516106,0.2238,0.5215,0.3962,0.3962,0.4993,0.661,0.7050440737941877,0.6651546648439816,1.0,0.8897249158348572,0.5215,0.2238,0.3962,0.1067,0.661,0.661,0.7035852504093891,0.6776502282421069,1.0,0.9035237418491153,0.5215,0.5215,0.3962,0.3962,0.4993,0.4993,0.7857930763222551,0.7501601399415851,1.0,0.9863529605355152,0.3962,0.661,0.4993,0.7734463721686576,0.6919575564083487,1.0,1.0,0.2238,0.2238,0.3962,0.1067,0.661,0.661,0.6697629488741318,0.6706990380191442,1.0,0.9217455289127913,0.5215,0.2238,0.1067,0.1067,0.6930824181228477,0.6283749531982945,1.0,1.0,0.5215,0.2238,0.3962,0.3962,0.7056954685174133,0.6926492925725012,1.0,0.8908282182535489,0.2238,0.5215,0.1067,0.3962,0.7505473598423393,0.6544297635529768,1.0,0.8667178476796307,0.5215,0.2238,0.1067,0.1067,0.6664527665398859,0.7367400575804752,1.0,0.9405107672905276,0.5215,0.2238,0.1067,0.3962,0.7766267076725436,0.6602748026646413,1.0,0.9480001161289544,0.2238,0.2238,0.3962,0.3962,0.7551540539983403,0.6521534551440108,1.0,0.974035152476818,0.5215,0.2238,0.3962,0.1067,0.6037595718066143,0.7580664513203148,1.0,1.0,0.5215,0.5215,0.1067,0.1067,0.4993,0.4993,0.6429798894434376,0.7274268695158322,1.0,0.8952950811823618,0.2238,0.5215,0.3962,0.3962,0.7052214971424946,0.7114111038185129,1.0,0.9513949429607855,0.2238,0.5215,0.1067,0.1067,0.661,0.4993,0.7075348763296561,0.7347175053834236,1.0,1.0,0.5215,0.5215,0.3962,0.3962,0.7981123389398725,0.6730589209552794,1.0,0.8682152790570337,0.5215,0.5215,0.1067,0.3962,0.608617665529581,0.6188736622236718,1.0,1.0,0.5215,0.2238,0.1067,0.3962,0.6936817832311731,0.6157418823873333,1.0,1.0,0.2238,0.2238,0.1067,0.3962
,106,1.0,0.6303968696510183,0.6882293142442287,0.6056560799349204,0.6466030593664538,0.697714222872073,0.9581373709730283,0.4612,1.0,0.7915648155449517,0.40296957629521346,0.6168986650264882,0.6096699517882309,0.6706022132038294,0.8243688553594826,0.9402126776070373,0.3572,0.8759218267234544,0.4612,1.0,0.6538220012512035,0.3848860684718029,0.6501036385085025,0.7002080494951828,0.6401465449837918,0.728790053794636,0.5869560276473428,0.7890605202809375,0.9502936471993672,0.6006,0.2052,0.8992592419356868,0.4612,0.6627904007507421,0.3778671155192016,0.7821306902591401,0.6262801640705205,0.6205420148299704,0.9687564351449601,0.4612,0.4121201514362443,0.6036925543078344,0.6599680189804955,1.0,0.3876961773904154,0.2052,0.4612,0.6491897854778756,0.350968747231707,0.6330308098254467,0.6375586341982825,0.6943716721501532,1.0,0.9401854429146376,0.4612,1.0,0.6872300453655826,0.34995249175834897,0.6489750983648239,0.7541437328097504,0.7797065220957119,0.7034147624771449,0.6329983022299696,0.641249959036905,1.0,0.3572,0.9145188133393503,0.4612,1.0,0.6477632266391913,0.36473909802276644,0.6521403756873969,0.8143477083759627,0.7734180432162429,0.794753085107319,0.6700108738193912,0.78344547406917,0.9499947124611163,0.3572,1.0,0.1664,1.0,0.6928571193534776,0.3899037492249947,0.8126702967467353,0.7684246154613616,0.7161755575908053,0.5776754433850069,1.0,0.3572,1.0,0.1664,1.0,0.673552809135292,0.3714245045213854,0.8463619652499644,0.6228676793930482,0.7003229399046066,0.716842002952762,0.6970396132539209,0.8894220951645697,0.2052,0.9652774619998398,0.4612,1.0,0.6749618649499094,0.6572734077882969,0.7048138529218912,0.7230204227761736,0.8131846123481934,0.463,1.0,0.1664,1.0,0.6371484492658124,0.8188879975986941,0.6918000828845772,0.6361263505993878,0.6661708580202069,0.9997402697741588,0.3572,0.8773081556249636,0.1664,1.0,0.7484606305101678,0.4231309725265856,0.7663394362078656,0.7474793774579025,0.7120445063854954,0.5857002407356635,0.8040468698883105,0.2052,1.0,0.4612,0.7187747127387776,0.8714669035325767,0.1664,1.0,0.7932168380145643,0.4285621237302773,0.7866157131911696,0.7522369959391404,0.9480110647124889,0.1664,0.6583129580021885,0.37325620612818855,0.8152588668266763,0.6822135592349616,0.6522277226515196,0.6923761490980951,1.0,0.2052,1.0,0.4612,0.3572,0.1664,0.6445775037598782,0.7547711379496317,0.1664,1.0,0.7723220143874565,0.39201507985684114,0.633399365439097,0.8308719536629766,0.6587474718366363,0.7043786560447065,0.6474643660720723,0.6422265834025624,0.9466446732437792,0.2052,0.9276095800653118,0.4612,1.0,0.753033873525676,0.3467993906226546,0.750442895676156,0.848011665133217,0.6747167308666613,0.7119386346150673,0.6380415633359424,0.7139100681262938,1.0,0.2052,0.9575321640479066,0.4612,0.6788919097596801,0.34281454149605733,0.737922446402141,0.6156520444257478,0.9333371064630581,0.1664,1.0,0.7197110010687394,0.3931148976058049,0.7690196527698567,0.8121349735547422,0.6708202060457087,0.6587540355023382,0.649254371022564,0.803257451278935,0.8722061335464584,0.6006,0.9262587484822473,0.1664,0.3559640894740773,0.7069768741759361,0.1664,0.9931768412055689,0.4612,1.0,0.3476227519321674,0.7656945592353839,0.5867255062973569,0.2052,0.9310442826030699,0.1664,0.7099245655140303,0.4031793689485072,0.7396956666284991,0.6253582110679258,0.37640304556895127,0.36315648517543037,0.12920523301818454,0.3684882232594873,0.36405162423503273,0.3735830358589406,0.13641038169893996,0.13295538632462725,0.3657946937823896,0.370047356254035,0.12945474482612465,0.3611707942057059,0.13187499218929005,0.13326080956286146,0.13341689366354123,0.13045083321823892,0.1332425119527478,0.12941326917574442,0.3708584919515964,0.3715265355620858,0.36383948493952517,0.37613687263789364,0.12927934435907346,0.36844457585936236,0.37386666130640495,0.13550677129420394,0.1367759131276535,0.6844833316963147,0.6183736637449483,1.0,1.0,0.3572,0.3572,0.1664,0.4612,0.463,0.6006,0.6414503233585096,0.6193785981633132,1.0,0.8885896823454796,0.2052,0.3572,0.4612,0.4612,0.6006,0.6006,0.6031595901863545,0.7262326868152932,1.0,0.8749046291436108,0.3572,0.3572,0.1664,0.1664,0.463,0.463,0.7815968610445732,0.6537419890497134,1.0,0.9680567416862065,0.2052,0.3572,0.4612,0.1664,0.7948467821282651,0.6535954889766304,1.0,0.8690969479891633,0.3572,0.3572,0.1664,0.1664,0.7743028403228238,0.6334544116559206,1.0,0.9362548014777714,0.3572,0.3572,0.4612,0.4612,0.6063408157191411,0.7259920299136824,1.0,0.9504482502351028,0.3572,0.1664,0.1664,0.6006,0.463,0.6673528661783973,0.7209395339623819,1.0,0.9452074451097521,0.2052,0.2052,0.1664,0.1664,0.6006,0.6006,0.6362918685386422,0.5772166950781435,1.0,0.9189846249516106,0.2052,0.3572,0.4612,0.4612,0.463,0.6006,0.7050440737941877,0.6651546648439816,1.0,0.8897249158348572,0.3572,0.2052,0.4612,0.1664,0.6006,0.6006,0.7035852504093891,0.6776502282421069,1.0,0.9035237418491153,0.3572,0.3572,0.4612,0.4612,0.463,0.463,0.7857930763222551,0.7501601399415851,1.0,0.9863529605355152,0.4612,0.6006,0.463,0.7734463721686576,0.6919575564083487,1.0,1.0,0.2052,0.2052,0.4612,0.1664,0.6006,0.6006,0.6697629488741318,0.6706990380191442,1.0,0.9217455289127913,0.3572,0.2052,0.1664,0.1664,0.6930824181228477,0.6283749531982945,1.0,1.0,0.3572,0.2052,0.4612,0.4612,0.7056954685174133,0.6926492925725012,1.0,0.8908282182535489,0.2052,0.3572,0.1664,0.4612,0.7505473598423393,0.6544297635529768,1.0,0.8667178476796307,0.3572,0.2052,0.1664,0.1664,0.6664527665398859,0.7367400575804752,1.0,0.9405107672905276,0.3572,0.2052,0.1664,0.4612,0.7766267076725436,0.6602748026646413,1.0,0.9480001161289544,0.2052,0.2052,0.4612,0.4612,0.7551540539983403,0.6521534551440108,1.0,0.974035152476818,0.3572,0.2052,0.4612,0.1664,0.6037595718066143,0.7580664513203148,1.0,1.0,0.3572,0.3572,0.1664,0.1664,0.463,0.463,0.6429798894434376,0.7274268695158322,1.0,0.8952950811823618,0.2052,0.3572,0.4612,0.4612,0.7052214971424946,0.7114111038185129,1.0,0.9513949429607855,0.2052,0.3572,0.1664,0.1664,0.6006,0.463,0.7075348763296561,0.7347175053834236,1.0,1.0,0.3572,0.3572,0.4612,0.4612,0.7981123389398725,0.6730589209552794,1.0,0.8682152790570337,0.3572,0.3572,0.1664,0.4612,0.608617665529581,0.6188736622236718,1.0,1.0,0.3572,0.2052,0.1664,0.4612,0.6936817832311731,0.6157418823873333,1.0,1.0,0.2052,0.2052,0.1664,0.4612
,107,1.0,0.6303968696510183,0.6882293142442287,0.6056560799349204,0.6466030593664538,0.697714222872073,0.9581373709730283,0.4365,1.0,0.7915648155449517,0.40296957629521346,0.6168986650264882,0.6096699517882309,0.6706022132038294,0.8243688553594826,0.9402126776070373,0.3132,0.8759218267234544,0.4365,1.0,0.6538220012512035,0.3848860684718029,0.6501036385085025,0.7002080494951828,0.6401465449837918,0.728790053794636,0.5869560276473428,0.7890605202809375,0.9502936471993672,0.5557,0.2147,0.8992592419356868,0.4365,0.6627904007507421,0.3778671155192016,0.7821306902591401,0.6262801640705205,0.6205420148299704,0.9687564351449601,0.4365,0.4121201514362443,0.6036925543078344,0.6599680189804955,1.0,0.3876961773904154,0.2147,0.4365,0.6491897854778756,0.350968747231707,0.6330308098254467,0.6375586341982825,0.6943716721501532,1.0,0.9401854429146376,0.4365,1.0,0.6872300453655826,0.34995249175834897,0.6489750983648239,0.7541437328097504,0.7797065220957119,0.7034147624771449,0.6329983022299696,0.641249959036905,1.0,0.3132,0.9145188133393503,0.4365,1.0,0.6477632266391913,0.36473909802276644,0.6521403756873969,0.8143477083759627,0.7734180432162429,0.794753085107319,0.6700108738193912,0.78344547406917,0.9499947124611163,0.3132,1.0,0.1913,1.0,0.6928571193534776,0.3899037492249947,0.8126702967467353,0.7684246154613616,0.7161755575908053,0.5776754433850069,1.0,0.3132,1.0,0.1913,1.0,0.673552809135292,0.3714245045213854,0.8463619652499644,0.6228676793930482,0.7003229399046066,0.716842002952762,0.6970396132539209,0.8894220951645697,0.2147,0.9652774619998398,0.4365,1.0,0.6749618649499094,0.6572734077882969,0.7048138529218912,0.7230204227761736,0.8131846123481934,0.4292,1.0,0.1913,1.0,0.6371484492658124,0.8188879975986941,0.6918000828845772,0.6361263505993878,0.6661708580202069,0.9997402697741588,0.3132,0.8773081556249636,0.1913,1.0,0.7484606305101678,0.4231309725265856,0.7663394362078656,0.7474793774579025,0.7120445063854954,0.5857002407356635,0.8040468698883105,0.2147,1.0,0.4365,0.7187747127387776,0.8714669035325767,0.1913,1.0,0.7932168380145643,0.4285621237302773,0.7866157131911696,0.7522369959391404,0.9480110647124889,0.1913,0.6583129580021885,0.37325620612818855,0.8152588668266763,0.6822135592349616,0.6522277226515196,0.6923761490980951,1.0,0.2147,1.0,0.4365,0.3132,0.1913,0.6445775037598782,0.7547711379496317,0.1913,1.0,0.7723220143874565,0.39201507985684114,0.633399365439097,0.8308719536629766,0.6587474718366363,0.7043786560447065,0.6474643660720723,0.6422265834025624,0.9466446732437792,0.2147,0.9276095800653118,0.4365,1.0,0.753033873525676,0.3467993906226546,0.750442895676156,0.848011665133217,0.6747167308666613,0.7119386346150673,0.6380415633359424,0.7139100681262938,1.0,0.2147,0.9575321640479066,0.4365,0.6788919097596801,0.34281454149605733,0.737922446402141,0.6156520444257478,0.9333371064630581,0.1913,1.0,0.7197110010687394,0.3931148976058049,0.7690196527698567,0.8121349735547422,0.6708202060457087,0.6587540355023382,0.649254371022564,0.803257451278935,0.8722061335464584,0.5557,0.9262587484822473,0.1913,0.3559640894740773,0.7069768741759361,0.1913,0.9931768412055689,0.4365,1.0,0.3476227519321674,0.7656945592353839,0.5867255062973569,0.2147,0.9310442826030699,0.1913,0.7099245655140303,0.4031793689485072,0.7396956666284991,0.6253582110679258,0.35624442625942593,0.3437072978731035,0.14853942954554508,0.34875348970677844,0.3445544969180221,0.35357544482313,0.15682275251807223,0.1528507536292139,0.346204214735501,0.3502291218666225,0.14882627815647625,0.3418279524518444,0.1516086899387692,0.15320188022461179,0.15338132066006874,0.14997142064092012,0.15318084457067704,0.1487785961137014,0.3509968164286033,0.35162908233488827,0.3443537189421135,0.355992508470166,0.1486246308647281,0.34871217988424036,0.35384388044285725,0.15578392637368518,0.15724298185889493,0.6844833316963147,0.6183736637449483,1.0,1.0,0.3132,0.3132,0.1913,0.4365,0.4292,0.5557,0.6414503233585096,0.6193785981633132,1.0,0.8885896823454796,0.2147,0.3132,0.4365,0.4365,0.5557,0.5557,0.6031595901863545,0.7262326868152932,1.0,0.8749046291436108,0.3132,0.3132,0.1913,0.1913,0.4292,0.4292,0.7815968610445732,0.6537419890497134,1.0,0.9680567416862065,0.2147,0.3132,0.4365,0.1913,0.7948467821282651,0.6535954889766304,1.0,0.8690969479891633,0.3132,0.3132,0.1913,0.1913,0.7743028403228238,0.6334544116559206,1.0,0.9362548014777714,0.3132,0.3132,0.4365,0.4365,0.6063408157191411,0.7259920299136824,1.0,0.9504482502351028,0.3132,0.1913,0.1913,0.5557,0.4292,0.6673528661783973,0.7209395339623819,1.0,0.9452074451097521,0.2147,0.2147,0.1913,0.1913,0.5557,0.5557,0.6362918685386422,0.5772166950781435,1.0,0.9189846249516106,0.2147,0.3132,0.4365,0.4365,0.4292,0.5557,0.7050440737941877,0.6651546648439816,1.0,0.8897249158348572,0.3132,0.2147,0.4365,0.1913,0.5557,0.5557,0.7035852504093891,0.6776502282421069,1.0,0.9035237418491153,0.3132,0.3132,0.4365,0.4365,0.4292,0.4292,0.7857930763222551,0.7501601399415851,1.0,0.9863529605355152,0.4365,0.5557,0.4292,0.7734463721686576,0.6919575564083487,1.0,1.0,0.2147,0.2147,0.4365,0.1913,0.5557,0.5557,0.6697629488741318,0.6706990380191442,1.0,0.9217455289127913,0.3132,0.2147,0.1913,0.1913,0.6930824181228477,0.6283749531982945,1.0,1.0,0.3132,0.2147,0.4365,0.4365,0.7056954685174133,0.6926492925725012,1.0,0.8908282182535489,0.2147,0.3132,0.1913,0.4365,0.7505473598423393,0.6544297635529768,1.0,0.8667178476796307,0.3132,0.2147,0.1913,0.1913,0.6664527665398859,0.7367400575804752,1.0,0.9405107672905276,0.3132,0.2147,0.1913,0.4365,0.7766267076725436,0.6602748026646413,1.0,0.9480001161289544,0.2147,0.2147,0.4365,0.4365,0.7551540539983403,0.6521534551440108,1.0,0.974035152476818,0.3132,0.2147,0.4365,0.1913,0.6037595718066143,0.7580664513203148,1.0,1.0,0.3132,0.3132,0.1913,0.1913,0.4292,0.4292,0.6429798894434376,0.7274268695158322,1.0,0.8952950811823618,0.2147,0.3132,0.4365,0.4365,0.7052214971424946,0.7114111038185129,1.0,0.9513949429607855,0.2147,0.3132,0.1913,0.1913,0.5557,0.4292,0.7075348763296561,0.7347175053834236,1.0,1.0,0.3132,0.3132,0.4365,0.4365,0.7981123389398725,0.6730589209552794,1.0,0.8682152790570337,0.3132,0.3132,0.1913,0.4365,0.608617665529581,0.6188736622236718,1.0,1.0,0.3132,0.2147,0.1913,0.4365,0.6936817832311731,0.6157418823873333,1.0,1.0,0.2147,0.2147,0.1913,0.4365
,108,1.0,0.6303968696510183,0.6882293142442287,0.6056560799349204,0.6466030593664538,0.697714222872073,0.9581373709730283,0.391,1.0,0.7915648155449517,0.40296957629521346,0.6168986650264882,0.6096699517882309,0.6706022132038294,0.8243688553594826,0.9402126776070373,0.3164,0.8759218267234544,0.391,1.0,0.6538220012512035,0.3848860684718029,0.6501036385085025,0.7002080494951828,0.6401465449837918,0.728790053794636,0.5869560276473428,0.7890605202809375,0.9502936471993672,0.5034,0.2278,0.8992592419356868,0.391,0.6627904007507421,0.3778671155192016,0.7821306902591401,0.6262801640705205,0.6205420148299704,0.9687564351449601,0.391,0.4121201514362443,0.6036925543078344,0.6599680189804955,1.0,0.3876961773904154,0.2278,0.391,0.6491897854778756,0.350968747231707,0.6330308098254467,0.6375586341982825,0.6943716721501532,1.0,0.9401854429146376,0.391,1.0,0.6872300453655826,0.34995249175834897,0.6489750983648239,0.7541437328097504,0.7797065220957119,0.7034147624771449,0.6329983022299696,0.641249959036905,1.0,0.3164,0.9145188133393503,0.391,1.0,0.6477632266391913,0.36473909802276644,0.6521403756873969,0.8143477083759627,0.7734180432162429,0.794753085107319,0.6700108738193912,0.78344547406917,0.9499947124611163,0.3164,1.0,0.2047,1.0,0.6928571193534776,0.3899037492249947,0.8126702967467353,0.7684246154613616,0.7161755575908053,0.5776754433850069,1.0,0.3164,1.0,0.2047,1.0,0.673552809135292,0.3714245045213854,0.8463619652499644,0.6228676793930482,0.7003229399046066,0.716842002952762,0.6970396132539209,0.8894220951645697,0.2278,0.9652774619998398,0.391,1.0,0.6749618649499094,0.6572734077882969,0.7048138529218912,0.7230204227761736,0.8131846123481934,0.4172,1.0,0.2047,1.0,0.6371484492658124,0.8188879975986941,0.6918000828845772,0.6361263505993878,0.6661708580202069,0.9997402697741588,0.3164,0.8773081556249636,0.2047,1.0,0.7484606305101678,0.4231309725265856,0.7663394362078656,0.7474793774579025,0.7120445063854954,0.5857002407356635,0.8040468698883105,0.2278,1.0,0.391,0.7187747127387776,0.8714669035325767,0.2047,1.0,0.7932168380145643,0.4285621237302773,0.7866157131911696,0.7522369959391404,0.9480110647124889,0.2047,0.6583129580021885,0.37325620612818855,0.8152588668266763,0.6822135592349616,0.6522277226515196,0.6923761490980951,1.0,0.2278,1.0,0.391,0.3164,0.2047,0.6445775037598782,0.7547711379496317,0.2047,1.0,0.7723220143874565,0.39201507985684114,0.633399365439097,0.8308719536629766,0.6587474718366363,0.7043786560447065,0.6474643660720723,0.6422265834025624,0.9466446732437792,0.2278,0.9276095800653118,0.391,1.0,0.753033873525676,0.3467993906226546,0.750442895676156,0.848011665133217,0.6747167308666613,0.7119386346150673,0.6380415633359424,0.7139100681262938,1.0,0.2278,0.9575321640479066,0.391,0.6788919097596801,0.34281454149605733,0.737922446402141,0.6156520444257478,0.9333371064630581,0.2047,1.0,0.7197110010687394,0.3931148976058049,0.7690196527698567,0.8121349735547422,0.6708202060457087,0.6587540355023382,0.649254371022564,0.803257451278935,0.8722061335464584,0.5034,0.9262587484822473,0.2047,0.3559640894740773,0.7069768741759361,0.2047,0.9931768412055689,0.391,1.0,0.3476227519321674,0.7656945592353839,0.5867255062973569,0.2278,0.9310442826030699,0.2047,0.7099245655140303,0.4031793689485072,0.7396956666284991,0.6253582110679258,0.31911012753135287,0.3078798475793436,0.15894417787753834,0.3124000331623147,0.3086387360708972,0.31671935607295265,0.1678077231596936,0.16355749747987502,0.31011649017544307,0.313721847995073,0.15925111938646466,0.3061964018526258,0.1622284308963202,0.16393321945623646,0.16412522916422412,0.1604764757197927,0.16391071031687188,0.1592000973574212,0.31440951941256334,0.31497587902162955,0.3084588868416183,0.3188844692138257,0.15903534729749005,0.31236302940375255,0.31695981043105886,0.16669613031204056,0.16825738832470358,0.6844833316963147,0.6183736637449483,1.0,1.0,0.3164,0.3164,0.2047,0.391,0.4172,0.5034,0.6414503233585096,0.6193785981633132,1.0,0.8885896823454796,0.2278,0.3164,0.391,0.391,0.5034,0.5034,0.6031595901863545,0.7262326868152932,1.0,0.8749046291436108,0.3164,0.3164,0.2047,0.2047,0.4172,0.4172,0.7815968610445732,0.6537419890497134,1.0,0.9680567416862065,0.2278,0.3164,0.391,0.2047,0.7948467821282651,0.6535954889766304,1.0,0.8690969479891633,0.3164,0.3164,0.2047,0.2047,0.7743028403228238,0.6334544116559206,1.0,0.9362548014777714,0.3164,0.3164,0.391,0.391,0.6063408157191411,0.7259920299136824,1.0,0.9504482502351028,0.3164,0.2047,0.2047,0.5034,0.4172,0.6673528661783973,0.7209395339623819,1.0,0.9452074451097521,0.2278,0.2278,0.2047,0.2047,0.5034,0.5034,0.6362918685386422,0.5772166950781435,1.0,0.9189846249516106,0.2278,0.3164,0.391,0.391,0.4172,0.5034,0.7050440737941877,0.6651546648439816,1.0,0.8897249158348572,0.3164,0.2278,0.391,0.2047,0.5034,0.5034,0.7035852504093891,0.6776502282421069,1.0,0.9035237418491153,0.3164,0.3164,0.391,0.391,0.4172,0.4172,0.7857930763222551,0.7501601399415851,1.0,0.9863529605355152,0.391,0.5034,0.4172,0.7734463721686576,0.6919575564083487,1.0,1.0,0.2278,0.2278,0.391,0.2047,0.5034,0.5034,0.6697629488741318,0.6706990380191442,1.0,0.9217455289127913,0.3164,0.2278,0.2047,0.2047,0.6930824181228477,0.6283749531982945,1.0,1.0,0.3164,0.2278,0.391,0.391,0.7056954685174133,0.6926492925725012,1.0,0.8908282182535489,0.2278,0.3164,0.2047,0.391,0.7505473598423393,0.6544297635529768,1.0,0.8667178476796307,0.3164,0.2278,0.2047,0.2047,0.6664527665398859,0.7367400575804752,1.0,0.9405107672905276,0.3164,0.2278,0.2047,0.391,0.7766267076725436,0.6602748026646413,1.0,0.9480001161289544,0.2278,0.2278,0.391,0.391,0.7551540539983403,0.6521534551440108,1.0,0.974035152476818,0.3164,0.2278,0.391,0.2047,0.6037595718066143,0.7580664513203148,1.0,1.0,0.3164,0.3164,0.2047,0.2047,0.4172,0.4172,0.6429798894434376,0.7274268695158322,1.0,0.8952950811823618,0.2278,0.3164,0.391,0.391,0.7052214971424946,0.7114111038185129,1.0,0.9513949429607855,0.2278,0.3164,0.2047,0.2047,0.5034,0.4172,0.7075348763296561,0.7347175053834236,1.0,1.0,0.3164,0.3164,0.391,0.391,0.7981123389398725,0.6730589209552794,1.0,0.8682152790570337,0.3164,0.3164,0.2047,0.391,0.608617665529581,0.6188736622236718,1.0,1.0,0.3164,0.2278,0.2047,0.391,0.6936817832311731,0.6157418823873333,1.0,1.0,0.2278,0.2278,0.2047,0.391
,109,1.0,0.6303968696510183,0.6882293142442287,0.6056560799349204,0.6466030593664538,0.697714222872073,0.9581373709730283,0.3682,1.0,0.7915648155449517,0.40296957629521346,0.6168986650264882,0.6096699517882309,0.6706022132038294,0.8243688553594826,0.9402126776070373,0.3372,0.8759218267234544,0.3682,1.0,0.6538220012512035,0.3848860684718029,0.6501036385085025,0.7002080494951828,0.6401465449837918,0.728790053794636,0.5869560276473428,0.7890605202809375,0.9502936471993672,0.4722,0.2462,0.8992592419356868,0.3682,0.6627904007507421,0.3778671155192016,0.7821306902591401,0.6262801640705205,0.6205420148299704,0.9687564351449601,0.3682,0.4121201514362443,0.6036925543078344,0.6599680189804955,1.0,0.3876961773904154,0.2462,0.3682,0.6491897854778756,0.350968747231707,0.6330308098254467,0.6375586341982825,0.6943716721501532,1.0,0.9401854429146376,0.3682,1.0,0.6872300453655826,0.34995249175834897,0.6489750983648239,0.7541437328097504,0.7797065220957119,0.7034147624771449,0.6329983022299696,0.641249959036905,1.0,0.3372,0.9145188133393503,0.3682,1.0,0.6477632266391913,0.36473909802276644,0.6521403756873969,0.8143477083759627,0.7734180432162429,0.794753085107319,0.6700108738193912,0.78344547406917,0.9499947124611163,0.3372,1.0,0.2039,1.0,0.6928571193534776,0.3899037492249947,0.8126702967467353,0.7684246154613616,0.7161755575908053,0.5776754433850069,1.0,0.3372,1.0,0.2039,1.0,0.673552809135292,0.3714245045213854,0.8463619652499644,0.6228676793930482,0.7003229399046066,0.716842002952762,0.6970396132539209,0.8894220951645697,0.2462,0.9652774619998398,0.3682,1.0,0.6749618649499094,0.6572734077882969,0.7048138529218912,0.7230204227761736,0.8131846123481934,0.4224,1.0,0.2039,1.0,0.6371484492658124,0.8188879975986941,0.6918000828845772,0.6361263505993878,0.6661708580202069,0.9997402697741588,0.3372,0.8773081556249636,0.2039,1.0,0.7484606305101678,0.4231309725265856,0.7663394362078656,0.7474793774579025,0.7120445063854954,0.5857002407356635,0.8040468698883105,0.2462,1.0,0.3682,0.7187747127387776,0.8714669035325767,0.2039,1.0,0.7932168380145643,0.4285621237302773,0.7866157131911696,0.7522369959391404,0.9480110647124889,0.2039,0.6583129580021885,0.37325620612818855,0.8152588668266763,0.6822135592349616,0.6522277226515196,0.6923761490980951,1.0,0.2462,1.0,0.3682,0.3372,0.2039,0.6445775037598782,0.7547711379496317,0.2039,1.0,0.7723220143874565,0.39201507985684114,0.633399365439097,0.8308719536629766,0.6587474718366363,0.7043786560447065,0.6474643660720723,0.6422265834025624,0.9466446732437792,0.2462,0.9276095800653118,0.3682,1.0,0.753033873525676,0.3467993906226546,0.750442895676156,0.848011665133217,0.6747167308666613,0.7119386346150673,0.6380415633359424,0.7139100681262938,1.0,0.2462,0.9575321640479066,0.3682,0.6788919097596801,0.34281454149605733,0.737922446402141,0.6156520444257478,0.9333371064630581,0.2039,1.0,0.7197110010687394,0.3931148976058049,0.7690196527698567,0.8121349735547422,0.6708202060457087,0.6587540355023382,0.649254371022564,0.803257451278935,0.8722061335464584,0.4722,0.9262587484822473,0.2039,0.3559640894740773,0.7069768741759361,0.2039,0.9931768412055689,0.3682,1.0,0.3476227519321674,0.7656945592353839,0.5867255062973569,0.2462,0.9310442826030699,0.2039,0.7099245655140303,0.4031793689485072,0.7396956666284991,0.6253582110679258,0.3005021712456372,0.28992675160796505,0.1583229988726432,0.2941833560367373,0.29064138777827203,0.29825081050143526,0.16715190401691024,0.16291828889177584,0.29203297105523823,0.295428093175923,0.15862874080556985,0.2883414710029075,0.16159441651079476,0.16329254248718425,0.1634838017908417,0.15984930825239735,0.16327012131709906,0.15857791817869166,0.29607566508364663,0.2966089991196011,0.2904720259209306,0.3002896715205387,0.15841381198807142,0.2941485100421015,0.29847724348009175,0.1660446554500492,0.16759981181928216,0.6844833316963147,0.6183736637449483,1.0,1.0,0.3372,0.3372,0.2039,0.3682,0.4224,0.4722,0.6414503233585096,0.6193785981633132,1.0,0.8885896823454796,0.2462,0.3372,0.3682,0.3682,0.4722,0.4722,0.6031595901863545,0.7262326868152932,1.0,0.8749046291436108,0.3372,0.3372,0.2039,0.2039,0.4224,0.4224,0.7815968610445732,0.6537419890497134,1.0,0.9680567416862065,0.2462,0.3372,0.3682,0.2039,0.7948467821282651,0.6535954889766304,1.0,0.8690969479891633,0.3372,0.3372,0.2039,0.2039,0.7743028403228238,0.6334544116559206,1.0,0.9362548014777714,0.3372,0.3372,0.3682,0.3682,0.6063408157191411,0.7259920299136824,1.0,0.9504482502351028,0.3372,0.2039,0.2039,0.4722,0.4224,0.6673528661783973,0.7209395339623819,1.0,0.9452074451097521,0.2462,0.2462,0.2039,0.2039,0.4722,0.4722,0.6362918685386422,0.5772166950781435,1.0,0.9189846249516106,0.2462,0.3372,0.3682,0.3682,0.4224,0.4722,0.7050440737941877,0.6651546648439816,1.0,0.8897249158348572,0.3372,0.2462,0.3682,0.2039,0.4722,0.4722,0.7035852504093891,0.6776502282421069,1.0,0.9035237418491153,0.3372,0.3372,0.3682,0.3682,0.4224,0.4224,0.7857930763222551,0.7501601399415851,1.0,0.9863529605355152,0.3682,0.4722,0.4224,0.7734463721686576,0.6919575564083487,1.0,1.0,0.2462,0.2462,0.3682,0.2039,0.4722,0.4722,0.6697629488741318,0.6706990380191442,1.0,0.9217455289127913,0.3372,0.2462,0.2039,0.2039,0.6930824181228477,0.6283749531982945,1.0,1.0,0.3372,0.2462,0.3682,0.3682,0.7056954685174133,0.6926492925725012,1.0,0.8908282182535489,0.2462,0.3372,0.2039,0.3682,0.7505473598423393,0.6544297635529768,1.0,0.8667178476796307,0.3372,0.2462,0.2039,0.2039,0.6664527665398859,0.7367400575804752,1.0,0.9405107672905276,0.3372,0.2462,0.2039,0.3682,0.7766267076725436,0.6602748026646413,1.0,0.9480001161289544,0.2462,0.2462,0.3682,0.3682,0.7551540539983403,0.6521534551440108,1.0,0.974035152476818,0.3372,0.2462,0.3682,0.2039,0.6037595718066143,0.7580664513203148,1.0,1.0,0.3372,0.3372,0.2039,0.2039,0.4224,0.4224,0.6429798894434376,0.7274268695158322,1.0,0.8952950811823618,0.2462,0.3372,0.3682,0.3682,0.7052214971424946,0.7114111038185129,1.0,0.9513949429607855,0.2462,0.3372,0.2039,0.2039,0.4722,0.4224,0.7075348763296561,0.7347175053834236,1.0,1.0,0.3372,0.3372,0.3682,0.3682,0.7981123389398725,0.6730589209552794,1.0,0.8682152790570337,0.3372,0.3372,0.2039,0.3682,0.608617665529581,0.6188736622236718,1.0,1.0,0.3372,0.2462,0.2039,0.3682,0.6936817832311731,0.6157418823873333,1.0,1.0,0.2462,0.2462,0.2039,0.3682
,110,1.0,0.6303968696510183,0.6882293142442287,0.6056560799349204,0.6466030593664538,0.697714222872073,0.9581373709730283,0.3408,1.0,0.7915648155449517,0.40296957629521346,0.6168986650264882,0.6096699517882309,0.6706022132038294,0.8243688553594826,0.9402126776070373,0.355,0.8759218267234544,0.3408,1.0,0.6538220012512035,0.3848860684718029,0.6501036385085025,0.7002080494951828,0.6401465449837918,0.728790053794636,0.5869560276473428,0.7890605202809375,0.9502936471993672,0.4578,0.255,0.8992592419356868,0.3408,0.6627904007507421,0.3778671155192016,0.7821306902591401,0.6262801640705205,0.6205420148299704,0.9687564351449601,0.3408,0.4121201514362443,0.6036925543078344,0.6599680189804955,1.0,0.3876961773904154,0.255,0.3408,0.6491897854778756,0.350968747231707,0.6330308098254467,0.6375586341982825,0.6943716721501532,1.0,0.9401854429146376,0.3408,1.0,0.6872300453655826,0.34995249175834897,0.6489750983648239,0.7541437328097504,0.7797065220957119,0.7034147624771449,0.6329983022299696,0.641249959036905,1.0,0.355,0.9145188133393503,0.3408,1.0,0.6477632266391913,0.36473909802276644,0.6521403756873969,0.8143477083759627,0.7734180432162429,0.794753085107319,0.6700108738193912,0.78344547406917,0.9499947124611163,0.355,1.0,0.1757,1.0,0.6928571193534776,0.3899037492249947,0.8126702967467353,0.7684246154613616,0.7161755575908053,0.5776754433850069,1.0,0.355,1.0,0.1757,1.0,0.673552809135292,0.3714245045213854,0.8463619652499644,0.6228676793930482,0.7003229399046066,0.716842002952762,0.6970396132539209,0.8894220951645697,0.255,0.9652774619998398,0.3408,1.0,0.6749618649499094,0.6572734077882969,0.7048138529218912,0.7230204227761736,0.8131846123481934,0.4421,1.0,0.1757,1.0,0.6371484492658124,0.8188879975986941,0.6918000828845772,0.6361263505993878,0.6661708580202069,0.9997402697741588,0.355,0.8773081556249636,0.1757,1.0,0.7484606305101678,0.4231309725265856,0.7663394362078656,0.7474793774579025,0.7120445063854954,0.5857002407356635,0.8040468698883105,0.255,1.0,0.3408,0.7187747127387776,0.8714669035325767,0.1757,1.0,0.7932168380145643,0.4285621237302773,0.7866157131911696,0.7522369959391404,0.9480110647124889,0.1757,0.6583129580021885,0.37325620612818855,0.8152588668266763,0.6822135592349616,0.6522277226515196,0.6923761490980951,1.0,0.255,1.0,0.3408,0.355,0.1757,0.6445775037598782,0.7547711379496317,0.1757,1.0,0.7723220143874565,0.39201507985684114,0.633399365439097,0.8308719536629766,0.6587474718366363,0.7043786560447065,0.6474643660720723,0.6422265834025624,0.9466446732437792,0.255,0.9276095800653118,0.3408,1.0,0.753033873525676,0.3467993906226546,0.750442895676156,0.848011665133217,0.6747167308666613,0.7119386346150673,0.6380415633359424,0.7139100681262938,1.0,0.255,0.9575321640479066,0.3408,0.6788919097596801,0.34281454149605733,0.737922446402141,0.6156520444257478,0.9333371064630581,0.1757,1.0,0.7197110010687394,0.3931148976058049,0.7690196527698567,0.8121349735547422,0.6708202060457087,0.6587540355023382,0.649254371022564,0.803257451278935,0.8722061335464584,0.4578,0.9262587484822473,0.1757,0.3559640894740773,0.7069768741759361,0.1757,0.9931768412055689,0.3408,1.0,0.3476227519321674,0.7656945592353839,0.5867255062973569,0.255,0.9310442826030699,0.1757,0.7099245655140303,0.4031793689485072,0.7396956666284991,0.6253582110679258,0.2781399781654349,0.26835153978271176,0.13642643895009027,0.27229138440336786,0.2690129955318715,0.27605615485847124,0.14403427923379658,0.1403861861612801,0.27030102263885164,0.27344349308624266,0.13668989582902705,0.2668842295431582,0.13924540942102323,0.1407086793280935,0.14087348687911175,0.13774165502671018,0.1406893590751069,0.13664610212847533,0.2740428752322291,0.27453652064084744,0.2688562369197532,0.27794329183650074,0.13650469233106496,0.2722591315109945,0.2762657375828768,0.14308016656485356,0.1444202400031774,0.6844833316963147,0.6183736637449483,1.0,1.0,0.355,0.355,0.1757,0.3408,0.4421,0.4578,0.6414503233585096,0.6193785981633132,1.0,0.8885896823454796,0.255,0.355,0.3408,0.3408,0.4578,0.4578,0.6031595901863545,0.7262326868152932,1.0,0.8749046291436108,0.355,0.355,0.1757,0.1757,0.4421,0.4421,0.7815968610445732,0.6537419890497134,1.0,0.9680567416862065,0.255,0.355,0.3408,0.1757,0.7948467821282651,0.6535954889766304,1.0,0.8690969479891633,0.355,0.355,0.1757,0.1757,0.7743028403228238,0.6334544116559206,1.0,0.9362548014777714,0.355,0.355,0.3408,0.3408,0.6063408157191411,0.7259920299136824,1.0,0.9504482502351028,0.355,0.1757,0.1757,0.4578,0.4421,0.6673528661783973,0.7209395339623819,1.0,0.9452074451097521,0.255,0.255,0.1757,0.1757,0.4578,0.4578,0.6362918685386422,0.5772166950781435,1.0,0.9189846249516106,0.255,0.355,0.3408,0.3408,0.4421,0.4578,0.7050440737941877,0.6651546648439816,1.0,0.8897249158348572,0.355,0.255,0.3408,0.1757,0.4578,0.4578,0.7035852504093891,0.6776502282421069,1.0,0.9035237418491153,0.355,0.355,0.3408,0.3408,0.4421,0.4421,0.7857930763222551,0.7501601399415851,1.0,0.9863529605355152,0.3408,0.4578,0.4421,0.7734463721686576,0.6919575564083487,1.0,1.0,0.255,0.255,0.3408,0.1757,0.4578,0.4578,0.6697629488741318,0.6706990380191442,1.0,0.9217455289127913,0.355,0.255,0.1757,0.1757,0.6930824181228477,0.6283749531982945,1.0,1.0,0.355,0.255,0.3408,0.3408,0.7056954685174133,0.6926492925725012,1.0,0.8908282182535489,0.255,0.355,0.1757,0.3408,0.7505473598423393,0.6544297635529768,1.0,0.8667178476796307,0.355,0.255,0.1757,0.1757,0.6664527665398859,0.7367400575804752,1.0,0.9405107672905276,0.355,0.255,0.1757,0.3408,0.7766267076725436,0.6602748026646413,1.0,0.9480001161289544,0.255,0.255,0.3408,0.3408,0.7551540539983403,0.6521534551440108,1.0,0.974035152476818,0.355,0.255,0.3408,0.1757,0.6037595718066143,0.7580664513203148,1.0,1.0,0.355,0.355,0.1757,0.1757,0.4421,0.4421,0.6429798894434376,0.7274268695158322,1.0,0.8952950811823618,0.255,0.355,0.3408,0.3408,0.7052214971424946,0.7114111038185129,1.0,0.9513949429607855,0.255,0.355,0.1757,0.1757,0.4578,0.4421,0.7075348763296561,0.7347175053834236,1.0,1.0,0.355,0.355,0.3408,0.3408,0.7981123389398725,0.6730589209552794,1.0,0.8682152790570337,0.355,0.355,0.1757,0.3408,0.608617665529581,0.6188736622236718,1.0,1.0,0.355,0.255,0.1757,0.3408,0.6936817832311731,0.6157418823873333,1.0,1.0,0.255,0.255,0.1757,0.3408
,111,1.0,0.6303968696510183,0.6882293142442287,0.6056560799349204,0.6466030593664538,0.697714222872073,0.9581373709730283,0.2942,1.0,0.7915648155449517,0.40296957629521346,0.6168986650264882,0.6096699517882309,0.6706022132038294,0.8243688553594826,0.9402126776070373,0.3582,0.8759218267234544,0.2942,1.0,0.6538220012512035,0.3848860684718029,0.6501036385085025,0.7002080494951828,0.6401465449837918,0.728790053794636,0.5869560276473428,0.7890605202809375,0.9502936471993672,0.4558,0.2603,0.8992592419356868,0.2942,0.6627904007507421,0.3778671155192016,0.7821306902591401,0.6262801640705205,0.6205420148299704,0.9687564351449601,0.2942,0.4121201514362443,0.6036925543078344,0.6599680189804955,1.0,0.3876961773904154,0.2603,0.2942,0.6491897854778756,0.350968747231707,0.6330308098254467,0.6375586341982825,0.6943716721501532,1.0,0.9401854429146376,0.2942,1.0,0.6872300453655826,0.34995249175834897,0.6489750983648239,0.7541437328097504,0.7797065220957119,0.7034147624771449,0.6329983022299696,0.641249959036905,1.0,0.3582,0.9145188133393503,0.2942,1.0,0.6477632266391913,0.36473909802276644,0.6521403756873969,0.8143477083759627,0.7734180432162429,0.794753085107319,0.6700108738193912,0.78344547406917,0.9499947124611163,0.3582,1.0,0.1478,1.0,0.6928571193534776,0.3899037492249947,0.8126702967467353,0.7684246154613616,0.7161755575908053,0.5776754433850069,1.0,0.3582,1.0,0.1478,1.0,0.673552809135292,0.3714245045213854,0.8463619652499644,0.6228676793930482,0.7003229399046066,0.716842002952762,0.6970396132539209,0.8894220951645697,0.2603,0.9652774619998398,0.2942,1.0,0.6749618649499094,0.6572734077882969,0.7048138529218912,0.7230204227761736,0.8131846123481934,0.4634,1.0,0.1478,1.0,0.6371484492658124,0.8188879975986941,0.6918000828845772,0.6361263505993878,0.6661708580202069,0.9997402697741588,0.3582,0.8773081556249636,0.1478,1.0,0.7484606305101678,0.4231309725265856,0.7663394362078656,0.7474793774579025,0.7120445063854954,0.5857002407356635,0.8040468698883105,0.2603,1.0,0.2942,0.7187747127387776,0.8714669035325767,0.1478,1.0,0.7932168380145643,0.4285621237302773,0.7866157131911696,0.7522369959391404,0.9480110647124889,0.1478,0.6583129580021885,0.37325620612818855,0.8152588668266763,0.6822135592349616,0.6522277226515196,0.6923761490980951,1.0,0.2603,1.0,0.2942,0.3582,0.1478,0.6445775037598782,0.7547711379496317,0.1478,1.0,0.7723220143874565,0.39201507985684114,0.633399365439097,0.8308719536629766,0.6587474718366363,0.7043786560447065,0.6474643660720723,0.6422265834025624,0.9466446732437792,0.2603,0.9276095800653118,0.2942,1.0,0.753033873525676,0.3467993906226546,0.750442895676156,0.848011665133217,0.6747167308666613,0.7119386346150673,0.6380415633359424,0.7139100681262938,1.0,0.2603,0.9575321640479066,0.2942,0.6788919097596801,0.34281454149605733,0.737922446402141,0.6156520444257478,0.9333371064630581,0.1478,1.0,0.7197110010687394,0.3931148976058049,0.7690196527698567,0.8121349735547422,0.6708202060457087,0.6587540355023382,0.649254371022564,0.803257451278935,0.8722061335464584,0.4558,0.9262587484822473,0.1478,0.3559640894740773,0.7069768741759361,0.1478,0.9931768412055689,0.2942,1.0,0.3476227519321674,0.7656945592353839,0.5867255062973569,0.2603,0.9310442826030699,0.1478,0.7099245655140303,0.4031793689485072,0.7396956666284991,0.6253582110679258,0.24010792716041948,0.2316579313499818,0.11476282115437304,0.23505905308530176,0.23222894156536564,0.23830903978686108,0.12116258662922673,0.11809378665132156,0.23334084759492416,0.23605362578043604,0.11498444282031986,0.23039125684154096,0.11713415772582375,0.1183650700323974,0.1185037072324002,0.11586918960129634,0.11834881770802962,0.11494760327028261,0.2365710501564607,0.2369971959288067,0.2320936176695757,0.23993813514758958,0.11482864841509051,0.23503121035954988,0.23848996477958442,0.1203599807529047,0.12148725937660569,0.6844833316963147,0.6183736637449483,1.0,1.0,0.3582,0.3582,0.1478,0.2942,0.4634,0.4558,0.6414503233585096,0.6193785981633132,1.0,0.8885896823454796,0.2603,0.3582,0.2942,0.2942,0.4558,0.4558,0.6031595901863545,0.7262326868152932,1.0,0.8749046291436108,0.3582,0.3582,0.1478,0.1478,0.4634,0.4634,0.7815968610445732,0.6537419890497134,1.0,0.9680567416862065,0.2603,0.3582,0.2942,0.1478,0.7948467821282651,0.6535954889766304,1.0,0.8690969479891633,0.3582,0.3582,0.1478,0.1478,0.7743028403228238,0.6334544116559206,1.0,0.9362548014777714,0.3582,0.3582,0.2942,0.2942,0.6063408157191411,0.7259920299136824,1.0,0.9504482502351028,0.3582,0.1478,0.1478,0.4558,0.4634,0.6673528661783973,0.7209395339623819,1.0,0.9452074451097521,0.2603,0.2603,0.1478,0.1478,0.4558,0.4558,0.6362918685386422,0.5772166950781435,1.0,0.9189846249516106,0.2603,0.3582,0.2942,0.2942,0.4634,0.4558,0.7050440737941877,0.6651546648439816,1.0,0.8897249158348572,0.3582,0.2603,0.2942,0.1478,0.4558,0.4558,0.7035852504093891,0.6776502282421069,1.0,0.9035237418491153,0.3582,0.3582,0.2942,0.2942,0.4634,0.4634,0.7857930763222551,0.7501601399415851,1.0,0.9863529605355152,0.2942,0.4558,0.4634,0.7734463721686576,0.6919575564083487,1.0,1.0,0.2603,0.2603,0.2942,0.1478,0.4558,0.4558,0.6697629488741318,0.6706990380191442,1.0,0.9217455289127913,0.3582,0.2603,0.1478,0.1478,0.6930824181228477,0.6283749531982945,1.0,1.0,0.3582,0.2603,0.2942,0.2942,0.7056954685174133,0.6926492925725012,1.0,0.8908282182535489,0.2603,0.3582,0.1478,0.2942,0.7505473598423393,0.6544297635529768,1.0,0.8667178476796307,0.3582,0.2603,0.1478,0.1478,0.6664527665398859,0.7367400575804752,1.0,0.9405107672905276,0.3582,0.2603,0.1478,0.2942,0.7766267076725436,0.6602748026646413,1.0,0.9480001161289544,0.2603,0.2603,0.2942,0.2942,0.7551540539983403,0.6521534551440108,1.0,0.974035152476818,0.3582,0.2603,0.2942,0.1478,0.6037595718066143,0.7580664513203148,1.0,1.0,0.3582,0.3582,0.1478,0.1478,0.4634,0.4634,0.6429798894434376,0.7274268695158322,1.0,0.8952950811823618,0.2603,0.3582,0.2942,0.2942,0.7052214971424946,0.7114111038185129,1.0,0.9513949429607855,0.2603,0.3582,0.1478,0.1478,0.4558,0.4634,0.7075348763296561,0.7347175053834236,1.0,1.0,0.3582,0.3582,0.2942,0.2942,0.7981123389398725,0.6730589209552794,1.0,0.8682152790570337,0.3582,0.3582,0.1478,0.2942,0.608617665529581,0.6188736622236718,1.0,1.0,0.3582,0.2603,0.1478,0.2942,0.6936817832311731,0.6157418823873333,1.0,1.0,0.2603,0.2603,0.1478,0.2942
,112,1.0,0.6303968696510183,0.6882293142442287,0.6056560799349204,0.6466030593664538,0.697714222872073,0.9581373709730283,0.215,1.0,0.7915648155449517,0.40296957629521346,0.6168986650264882,0.6096699517882309,0.6706022132038294,0.8243688553594826,0.9402126776070373,0.3506,0.8759218267234544,0.215,1.0,0.6538220012512035,0.3848860684718029,0.6501036385085025,0.7002080494951828,0.6401465449837918,0.728790053794636,0.5869560276473428,0.7890605202809375,0.9502936471993672,0.4622,0.2551,0.8992592419356868,0.215,0.6627904007507421,0.3778671155192016,0.7821306902591401,0.6262801640705205,0.6205420148299704,0.9687564351449601,0.215,0.4121201514362443,0.6036925543078344,0.6599680189804955,1.0,0.3876961773904154,0.2551,0.215,0.6491897854778756,0.350968747231707,0.6330308098254467,0.6375586341982825,0.6943716721501532,1.0,0.9401854429146376,0.215,1.0,0.6872300453655826,0.34995249175834897,0.6489750983648239,0.7541437328097504,0.7797065220957119,0.7034147624771449,0.6329983022299696,0.641249959036905,1.0,0.3506,0.9145188133393503,0.215,1.0,0.6477632266391913,0.36473909802276644,0.6521403756873969,0.8143477083759627,0.7734180432162429,0.794753085107319,0.6700108738193912,0.78344547406917,0.9499947124611163,0.3506,1.0,0.1197,1.0,0.6928571193534776,0.3899037492249947,0.8126702967467353,0.7684246154613616,0.7161755575908053,0.5776754433850069,1.0,0.3506,1.0,0.1197,1.0,0.673552809135292,0.3714245045213854,0.8463619652499644,0.6228676793930482,0.7003229399046066,0.716842002952762,0.6970396132539209,0.8894220951645697,0.2551,0.9652774619998398,0.215,1.0,0.6749618649499094,0.6572734077882969,0.7048138529218912,0.7230204227761736,0.8131846123481934,0.4946,1.0,0.1197,1.0,0.6371484492658124,0.8188879975986941,0.6918000828845772,0.6361263505993878,0.6661708580202069,0.9997402697741588,0.3506,0.8773081556249636,0.1197,1.0,0.7484606305101678,0.4231309725265856,0.7663394362078656,0.7474793774579025,0.7120445063854954,0.5857002407356635,0.8040468698883105,0.2551,1.0,0.215,0.7187747127387776,0.8714669035325767,0.1197,1.0,0.7932168380145643,0.4285621237302773,0.7866157131911696,0.7522369959391404,0.9480110647124889,0.1197,0.6583129580021885,0.37325620612818855,0.8152588668266763,0.6822135592349616,0.6522277226515196,0.6923761490980951,1.0,0.2551,1.0,0.215,0.3506,0.1197,0.6445775037598782,0.7547711379496317,0.1197,1.0,0.7723220143874565,0.39201507985684114,0.633399365439097,0.8308719536629766,0.6587474718366363,0.7043786560447065,0.6474643660720723,0.6422265834025624,0.9466446732437792,0.2551,0.9276095800653118,0.215,1.0,0.753033873525676,0.3467993906226546,0.750442895676156,0.848011665133217,0.6747167308666613,0.7119386346150673,0.6380415633359424,0.7139100681262938,1.0,0.2551,0.9575321640479066,0.215,0.6788919097596801,0.34281454149605733,0.737922446402141,0.6156520444257478,0.9333371064630581,0.1197,1.0,0.7197110010687394,0.3931148976058049,0.7690196527698567,0.8121349735547422,0.6708202060457087,0.6587540355023382,0.649254371022564,0.803257451278935,0.8722061335464584,0.4622,0.9262587484822473,0.1197,0.3559640894740773,0.7069768741759361,0.1197,0.9931768412055689,0.215,1.0,0.3476227519321674,0.7656945592353839,0.5867255062973569,0.2551,0.9310442826030699,0.1197,0.7099245655140303,0.4031793689485072,0.7396956666284991,0.6253582110679258,0.1754697632205649,0.16929454534414035,0.09294390860743204,0.17178006938592752,0.1697118369699307,0.17415514464369522,0.09812693923896104,0.09564158499433825,0.1705244127563178,0.17250689851391485,0.09312339516638897,0.16836886546883517,0.09486440243424293,0.09586129149443823,0.09597357074234307,0.09383993230903365,0.09584812909100911,0.09309355961740752,0.1728850298560131,0.17319645521649707,0.16961294289244996,0.1753456800024873,0.0929972206717614,0.1717597220506568,0.17428736379201445,0.09747692622545802,0.09838988462367865,0.6844833316963147,0.6183736637449483,1.0,1.0,0.3506,0.3506,0.1197,0.215,0.4946,0.4622,0.6414503233585096,0.6193785981633132,1.0,0.8885896823454796,0.2551,0.3506,0.215,0.215,0.4622,0.4622,0.6031595901863545,0.7262326868152932,1.0,0.8749046291436108,0.3506,0.3506,0.1197,0.1197,0.4946,0.4946,0.7815968610445732,0.6537419890497134,1.0,0.9680567416862065,0.2551,0.3506,0.215,0.1197,0.7948467821282651,0.6535954889766304,1.0,0.8690969479891633,0.3506,0.3506,0.1197,0.1197,0.7743028403228238,0.6334544116559206,1.0,0.9362548014777714,0.3506,0.3506,0.215,0.215,0.6063408157191411,0.7259920299136824,1.0,0.9504482502351028,0.3506,0.1197,0.1197,0.4622,0.4946,0.6673528661783973,0.7209395339623819,1.0,0.9452074451097521,0.2551,0.2551,0.1197,0.1197,0.4622,0.4622,0.6362918685386422,0.5772166950781435,1.0,0.9189846249516106,0.2551,0.3506,0.215,0.215,0.4946,0.4622,0.7050440737941877,0.6651546648439816,1.0,0.8897249158348572,0.3506,0.2551,0.215,0.1197,0.4622,0.4622,0.7035852504093891,0.6776502282421069,1.0,0.9035237418491153,0.3506,0.3506,0.215,0.215,0.4946,0.4946,0.7857930763222551,0.7501601399415851,1.0,0.9863529605355152,0.215,0.4622,0.4946,0.7734463721686576,0.6919575564083487,1.0,1.0,0.2551,0.2551,0.215,0.1197,0.4622,0.4622,0.6697629488741318,0.6706990380191442,1.0,0.9217455289127913,0.3506,0.2551,0.1197,0.1197,0.6930824181228477,0.6283749531982945,1.0,1.0,0.3506,0.2551,0.215,0.215,0.7056954685174133,0.6926492925725012,1.0,0.8908282182535489,0.2551,0.3506,0.1197,0.215,0.7505473598423393,0.6544297635529768,1.0,0.8667178476796307,0.3506,0.2551,0.1197,0.1197,0.6664527665398859,0.7367400575804752,1.0,0.9405107672905276,0.3506,0.2551,0.1197,0.215,0.7766267076725436,0.6602748026646413,1.0,0.9480001161289544,0.2551,0.2551,0.215,0.215,0.7551540539983403,0.6521534551440108,1.0,0.974035152476818,0.3506,0.2551,0.215,0.1197,0.6037595718066143,0.7580664513203148,1.0,1.0,0.3506,0.3506,0.1197,0.1197,0.4946,0.4946,0.6429798894434376,0.7274268695158322,1.0,0.8952950811823618,0.2551,0.3506,0.215,0.215,0.7052214971424946,0.7114111038185129,1.0,0.9513949429607855,0.2551,0.3506,0.1197,0.1197,0.4622,0.4946,0.7075348763296561,0.7347175053834236,1.0,1.0,0.3506,0.3506,0.215,0.215,0.7981123389398725,0.6730589209552794,1.0,0.8682152790570337,0.3506,0.3506,0.1197,0.215,0.608617665529581,0.6188736622236718,1.0,1.0,0.3506,0.2551,0.1197,0.215,0.6936817832311731,0.6157418823873333,1.0,1.0,0.2551,0.2551,0.1197,0.215
,113,1.0,0.6303968696510183,0.6882293142442287,0.6056560799349204,0.6466030593664538,0.697714222872073,0.9581373709730283,0.0674,1.0,0.7915648155449517,0.40296957629521346,0.6168986650264882,0.6096699517882309,0.6706022132038294,0.8243688553594826,0.9402126776070373,0.4268,0.8759218267234544,0.0674,1.0,0.6538220012512035,0.3848860684718029,0.6501036385085025,0.7002080494951828,0.6401465449837918,0.728790053794636,0.5869560276473428,0.7890605202809375,0.9502936471993672,0.489,0.2512,0.8992592419356868,0.0674,0.6627904007507421,0.3778671155192016,0.7821306902591401,0.6262801640705205,0.6205420148299704,0.9687564351449601,0.0674,0.4121201514362443,0.6036925543078344,0.6599680189804955,1.0,0.3876961773904154,0.2512,0.0674,0.6491897854778756,0.350968747231707,0.6330308098254467,0.6375586341982825,0.6943716721501532,1.0,0.9401854429146376,0.0674,1.0,0.6872300453655826,0.34995249175834897,0.6489750983648239,0.7541437328097504,0.7797065220957119,0.7034147624771449,0.6329983022299696,0.641249959036905,1.0,0.4268,0.9145188133393503,0.0674,1.0,0.6477632266391913,0.36473909802276644,0.6521403756873969,0.8143477083759627,0.7734180432162429,0.794753085107319,0.6700108738193912,0.78344547406917,0.9499947124611163,0.4268,1.0,0.03604,1.0,0.6928571193534776,0.3899037492249947,0.8126702967467353,0.7684246154613616,0.7161755575908053,0.5776754433850069,1.0,0.4268,1.0,0.03604,1.0,0.673552809135292,0.3714245045213854,0.8463619652499644,0.6228676793930482,0.7003229399046066,0.716842002952762,0.6970396132539209,0.8894220951645697,0.2512,0.9652774619998398,0.0674,1.0,0.6749618649499094,0.6572734077882969,0.7048138529218912,0.7230204227761736,0.8131846123481934,0.5273,1.0,0.03604,1.0,0.6371484492658124,0.8188879975986941,0.6918000828845772,0.6361263505993878,0.6661708580202069,0.9997402697741588,0.4268,0.8773081556249636,0.03604,1.0,0.7484606305101678,0.4231309725265856,0.7663394362078656,0.7474793774579025,0.7120445063854954,0.5857002407356635,0.8040468698883105,0.2512,1.0,0.0674,0.7187747127387776,0.8714669035325767,0.03604,1.0,0.7932168380145643,0.4285621237302773,0.7866157131911696,0.7522369959391404,0.9480110647124889,0.03604,0.6583129580021885,0.37325620612818855,0.8152588668266763,0.6822135592349616,0.6522277226515196,0.6923761490980951,1.0,0.2512,1.0,0.0674,0.4268,0.03604,0.6445775037598782,0.7547711379496317,0.03604,1.0,0.7723220143874565,0.39201507985684114,0.633399365439097,0.8308719536629766,0.6587474718366363,0.7043786560447065,0.6474643660720723,0.6422265834025624,0.9466446732437792,0.2512,0.9276095800653118,0.0674,1.0,0.753033873525676,0.3467993906226546,0.750442895676156,0.848011665133217,0.6747167308666613,0.7119386346150673,0.6380415633359424,0.7139100681262938,1.0,0.2512,0.9575321640479066,0.0674,0.6788919097596801,0.34281454149605733,0.737922446402141,0.6156520444257478,0.9333371064630581,0.03604,1.0,0.7197110010687394,0.3931148976058049,0.7690196527698567,0.8121349735547422,0.6708202060457087,0.6587540355023382,0.649254371022564,0.803257451278935,0.8722061335464584,0.489,0.9262587484822473,0.03604,0.3559640894740773,0.7069768741759361,0.03604,0.9931768412055689,0.0674,1.0,0.3476227519321674,0.7656945592353839,0.5867255062973569,0.2512,0.9310442826030699,0.03604,0.7099245655140303,0.4031793689485072,0.7396956666284991,0.6253582110679258,0.055007730423563134,0.053071871424163065,0.027984114170525067,0.053851054309821,0.05320268749662013,0.05459561278597701,0.02954465238239061,0.028796346893867588,0.05345742055709683,0.05407890678994354,0.0280381550693121,0.05278168154697437,0.02856234806792076,0.028862497455802452,0.028896303170877564,0.028253894406161845,0.02885853443976582,0.028029172001765804,0.05419744656881527,0.054295074798101875,0.053171685353261056,0.054968831777523916,0.028000165689308947,0.053844675656810545,0.05463706195154314,0.029348942532711,0.02962382156923457,0.6844833316963147,0.6183736637449483,1.0,1.0,0.4268,0.4268,0.03604,0.0674,0.5273,0.489,0.6414503233585096,0.6193785981633132,1.0,0.8885896823454796,0.2512,0.4268,0.0674,0.0674,0.489,0.489,0.6031595901863545,0.7262326868152932,1.0,0.8749046291436108,0.4268,0.4268,0.03604,0.03604,0.5273,0.5273,0.7815968610445732,0.6537419890497134,1.0,0.9680567416862065,0.2512,0.4268,0.0674,0.03604,0.7948467821282651,0.6535954889766304,1.0,0.8690969479891633,0.4268,0.4268,0.03604,0.03604,0.7743028403228238,0.6334544116559206,1.0,0.9362548014777714,0.4268,0.4268,0.0674,0.0674,0.6063408157191411,0.7259920299136824,1.0,0.9504482502351028,0.4268,0.03604,0.03604,0.489,0.5273,0.6673528661783973,0.7209395339623819,1.0,0.9452074451097521,0.2512,0.2512,0.03604,0.03604,0.489,0.489,0.6362918685386422,0.5772166950781435,1.0,0.9189846249516106,0.2512,0.4268,0.0674,0.0674,0.5273,0.489,0.7050440737941877,0.6651546648439816,1.0,0.8897249158348572,0.4268,0.2512,0.0674,0.03604,0.489,0.489,0.7035852504093891,0.6776502282421069,1.0,0.9035237418491153,0.4268,0.4268,0.0674,0.0674,0.5273,0.5273,0.7857930763222551,0.7501601399415851,1.0,0.9863529605355152,0.0674,0.489,0.5273,0.7734463721686576,0.6919575564083487,1.0,1.0,0.2512,0.2512,0.0674,0.03604,0.489,0.489,0.6697629488741318,0.6706990380191442,1.0,0.9217455289127913,0.4268,0.2512,0.03604,0.03604,0.6930824181228477,0.6283749531982945,1.0,1.0,0.4268,0.2512,0.0674,0.0674,0.7056954685174133,0.6926492925725012,1.0,0.8908282182535489,0.2512,0.4268,0.03604,0.0674,0.7505473598423393,0.6544297635529768,1.0,0.8667178476796307,0.4268,0.2512,0.03604,0.03604,0.6664527665398859,0.7367400575804752,1.0,0.9405107672905276,0.4268,0.2512,0.03604,0.0674,0.7766267076725436,0.6602748026646413,1.0,0.9480001161289544,0.2512,0.2512,0.0674,0.0674,0.7551540539983403,0.6521534551440108,1.0,0.974035152476818,0.4268,0.2512,0.0674,0.03604,0.6037595718066143,0.7580664513203148,1.0,1.0,0.4268,0.4268,0.03604,0.03604,0.5273,0.5273,0.6429798894434376,0.7274268695158322,1.0,0.8952950811823618,0.2512,0.4268,0.0674,0.0674,0.7052214971424946,0.7114111038185129,1.0,0.9513949429607855,0.2512,0.4268,0.03604,0.03604,0.489,0.5273,0.7075348763296561,0.7347175053834236,1.0,1.0,0.4268,0.4268,0.0674,0.0674,0.7981123389398725,0.6730589209552794,1.0,0.8682152790570337,0.4268,0.4268,0.03604,0.0674,0.608617665529581,0.6188736622236718,1.0,1.0,0.4268,0.2512,0.03604,0.0674,0.6936817832311731,0.6157418823873333,1.0,1.0,0.2512,0.2512,0.03604,0.0674
,114,1.0,0.6303968696510183,0.6882293142442287,0.6056560799349204,0.6466030593664538,0.697714222872073,0.9581373709730283,7.546e-05,1.0,0.7915648155449517,0.40296957629521346,0.6168986650264882,0.6096699517882309,0.6706022132038294,0.8243688553594826,0.9402126776070373,0.5044,0.8759218267234544,7.546e-05,1.0,0.6538220012512035,0.3848860684718029,0.6501036385085025,0.7002080494951828,0.6401465449837918,0.728790053794636,0.5869560276473428,0.7890605202809375,0.9502936471993672,0.5005,0.304,0.8992592419356868,7.546e-05,0.6627904007507421,0.3778671155192016,0.7821306902591401,0.6262801640705205,0.6205420148299704,0.9687564351449601,7.546e-05,0.4121201514362443,0.6036925543078344,0.6599680189804955,1.0,0.3876961773904154,0.304,7.546e-05,0.6491897854778756,0.350968747231707,0.6330308098254467,0.6375586341982825,0.6943716721501532,1.0,0.9401854429146376,7.546e-05,1.0,0.6872300453655826,0.34995249175834897,0.6489750983648239,0.7541437328097504,0.7797065220957119,0.7034147624771449,0.6329983022299696,0.641249959036905,1.0,0.5044,0.9145188133393503,7.546e-05,1.0,0.6477632266391913,0.36473909802276644,0.6521403756873969,0.8143477083759627,0.7734180432162429,0.794753085107319,0.6700108738193912,0.78344547406917,0.9499947124611163,0.5044,1.0,0.0,1.0,0.6928571193534776,0.3899037492249947,0.8126702967467353,0.7684246154613616,0.7161755575908053,0.5776754433850069,1.0,0.5044,1.0,0.0,1.0,0.673552809135292,0.3714245045213854,0.8463619652499644,0.6228676793930482,0.7003229399046066,0.716842002952762,0.6970396132539209,0.8894220951645697,0.304,0.9652774619998398,7.546e-05,1.0,0.6749618649499094,0.6572734077882969,0.7048138529218912,0.7230204227761736,0.8131846123481934,0.556,1.0,0.0,1.0,0.6371484492658124,0.8188879975986941,0.6918000828845772,0.6361263505993878,0.6661708580202069,0.9997402697741588,0.5044,0.8773081556249636,0.0,1.0,0.7484606305101678,0.4231309725265856,0.7663394362078656,0.7474793774579025,0.7120445063854954,0.5857002407356635,0.8040468698883105,0.304,1.0,7.546e-05,0.7187747127387776,0.8714669035325767,0.0,1.0,0.7932168380145643,0.4285621237302773,0.7866157131911696,0.7522369959391404,0.9480110647124889,0.0,0.6583129580021885,0.37325620612818855,0.8152588668266763,0.6822135592349616,0.6522277226515196,0.6923761490980951,1.0,0.304,1.0,7.546e-05,0.5044,0.0,0.6445775037598782,0.7547711379496317,0.0,1.0,0.7723220143874565,0.39201507985684114,0.633399365439097,0.8308719536629766,0.6587474718366363,0.7043786560447065,0.6474643660720723,0.6422265834025624,0.9466446732437792,0.304,0.9276095800653118,7.546e-05,1.0,0.753033873525676,0.3467993906226546,0.750442895676156,0.848011665133217,0.6747167308666613,0.7119386346150673,0.6380415633359424,0.7139100681262938,1.0,0.304,0.9575321640479066,7.546e-05,0.6788919097596801,0.34281454149605733,0.737922446402141,0.6156520444257478,0.9333371064630581,0.0,1.0,0.7197110010687394,0.3931148976058049,0.7690196527698567,0.8121349735547422,0.6708202060457087,0.6587540355023382,0.649254371022564,0.803257451278935,0.8722061335464584,0.5005,0.9262587484822473,0.0,0.3559640894740773,0.7069768741759361,0.0,0.9931768412055689,7.546e-05,1.0,0.3476227519321674,0.7656945592353839,0.5867255062973569,0.304,0.9310442826030699,0.0,0.7099245655140303,0.4031793689485072,0.7396956666284991,0.6253582110679258,6.158580619825036e-05,5.94184483333434e-05,0.0,6.0290809469126e-05,5.95649079895394e-05,6.112440565029414e-05,0.0,0.0,5.985010319344995e-05,6.054590959004658e-05,0.0,5.9093556224550236e-05,0.0,0.0,0.0,0.0,0.0,0.0,6.067862489737092e-05,6.078792795645055e-05,5.953019846820592e-05,6.154225587436135e-05,0.0,6.0283668027639816e-05,6.117081149649028e-05,0.0,0.0,0.6844833316963147,0.6183736637449483,1.0,1.0,0.5044,0.5044,0.0,7.546e-05,0.556,0.5005,0.6414503233585096,0.6193785981633132,1.0,0.8885896823454796,0.304,0.5044,7.546e-05,7.546e-05,0.5005,0.5005,0.6031595901863545,0.7262326868152932,1.0,0.8749046291436108,0.5044,0.5044,0.0,0.0,0.556,0.556,0.7815968610445732,0.6537419890497134,1.0,0.9680567416862065,0.304,0.5044,7.546e-05,0.0,0.7948467821282651,0.6535954889766304,1.0,0.8690969479891633,0.5044,0.5044,0.0,0.0,0.7743028403228238,0.6334544116559206,1.0,0.9362548014777714,0.5044,0.5044,7.546e-05,7.546e-05,0.6063408157191411,0.7259920299136824,1.0,0.9504482502351028,0.5044,0.0,0.0,0.5005,0.556,0.6673528661783973,0.7209395339623819,1.0,0.9452074451097521,0.304,0.304,0.0,0.0,0.5005,0.5005,0.6362918685386422,0.5772166950781435,1.0,0.9189846249516106,0.304,0.5044,7.546e-05,7.546e-05,0.556,0.5005,0.7050440737941877,0.6651546648439816,1.0,0.8897249158348572,0.5044,0.304,7.546e-05,0.0,0.5005,0.5005,0.7035852504093891,0.6776502282421069,1.0,0.9035237418491153,0.5044,0.5044,7.546e-05,7.546e-05,0.556,0.556,0.7857930763222551,0.7501601399415851,1.0,0.9863529605355152,7.546e-05,0.5005,0.556,0.7734463721686576,0.6919575564083487,1.0,1.0,0.304,0.304,7.546e-05,0.0,0.5005,0.5005,0.6697629488741318,0.6706990380191442,1.0,0.9217455289127913,0.5044,0.304,0.0,0.0,0.6930824181228477,0.6283749531982945,1.0,1.0,0.5044,0.304,7.546e-05,7.546e-05,0.7056954685174133,0.6926492925725012,1.0,0.8908282182535489,0.304,0.5044,0.0,7.546e-05,0.7505473598423393,0.6544297635529768,1.0,0.8667178476796307,0.5044,0.304,0.0,0.0,0.6664527665398859,0.7367400575804752,1.0,0.9405107672905276,0.5044,0.304,0.0,7.546e-05,0.7766267076725436,0.6602748026646413,1.0,0.9480001161289544,0.304,0.304,7.546e-05,7.546e-05,0.7551540539983403,0.6521534551440108,1.0,0.974035152476818,0.5044,0.304,7.546e-05,0.0,0.6037595718066143,0.7580664513203148,1.0,1.0,0.5044,0.5044,0.0,0.0,0.556,0.556,0.6429798894434376,0.7274268695158322,1.0,0.8952950811823618,0.304,0.5044,7.546e-05,7.546e-05,0.7052214971424946,0.7114111038185129,1.0,0.9513949429607855,0.304,0.5044,0.0,0.0,0.5005,0.556,0.7075348763296561,0.7347175053834236,1.0,1.0,0.5044,0.5044,7.546e-05,7.546e-05,0.7981123389398725,0.6730589209552794,1.0,0.8682152790570337,0.5044,0.5044,0.0,7.546e-05,0.608617665529581,0.6188736622236718,1.0,1.0,0.5044,0.304,0.0,7.546e-05,0.6936817832311731,0.6157418823873333,1.0,1.0,0.304,0.304,0.0,7.546e-05
,115,1.0,0.6303968696510183,0.6882293142442287,0.6056560799349204,0.6466030593664538,0.697714222872073,0.9581373709730283,0.0,1.0,0.7915648155449517,0.40296957629521346,0.6168986650264882,0.6096699517882309,0.6706022132038294,0.8243688553594826,0.9402126776070373,0.515,0.8759218267234544,0.0,1.0,0.6538220012512035,0.3848860684718029,0.6501036385085025,0.7002080494951828,0.6401465449837918,0.728790053794636,0.5869560276473428,0.7890605202809375,0.9502936471993672,0.5166,0.3418,0.8992592419356868,0.0,0.6627904007507421,0.3778671155192016,0.7821306902591401,0.6262801640705205,0.6205420148299704,0.9687564351449601,0.0,0.4121201514362443,0.6036925543078344,0.6599680189804955,1.0,0.3876961773904154,0.3418,0.0,0.6491897854778756,0.350968747231707,0.6330308098254467,0.6375586341982825,0.6943716721501532,1.0,0.9401854429146376,0.0,1.0,0.6872300453655826,0.34995249175834897,0.6489750983648239,0.7541437328097504,0.7797065220957119,0.7034147624771449,0.6329983022299696,0.641249959036905,1.0,0.515,0.9145188133393503,0.0,1.0,0.6477632266391913,0.36473909802276644,0.6521403756873969,0.8143477083759627,0.7734180432162429,0.794753085107319,0.6700108738193912,0.78344547406917,0.9499947124611163,0.515,1.0,0.0,1.0,0.6928571193534776,0.3899037492249947,0.8126702967467353,0.7684246154613616,0.7161755575908053,0.5776754433850069,1.0,0.515,1.0,0.0,1.0,0.673552809135292,0.3714245045213854,0.8463619652499644,0.6228676793930482,0.7003229399046066,0.716842002952762,0.6970396132539209,0.8894220951645697,0.3418,0.9652774619998398,0.0,1.0,0.6749618649499094,0.6572734077882969,0.7048138529218912,0.7230204227761736,0.8131846123481934,0.59,1.0,0.0,1.0,0.6371484492658124,0.8188879975986941,0.6918000828845772,0.6361263505993878,0.6661708580202069,0.9997402697741588,0.515,0.8773081556249636,0.0,1.0,0.7484606305101678,0.4231309725265856,0.7663394362078656,0.7474793774579025,0.7120445063854954,0.5857002407356635,0.8040468698883105,0.3418,1.0,0.0,0.7187747127387776,0.8714669035325767,0.0,1.0,0.7932168380145643,0.4285621237302773,0.7866157131911696,0.7522369959391404,0.9480110647124889,0.0,0.6583129580021885,0.37325620612818855,0.8152588668266763,0.6822135592349616,0.6522277226515196,0.6923761490980951,1.0,0.3418,1.0,0.0,0.515,0.0,0.6445775037598782,0.7547711379496317,0.0,1.0,0.7723220143874565,0.39201507985684114,0.633399365439097,0.8308719536629766,0.6587474718366363,0.7043786560447065,0.6474643660720723,0.6422265834025624,0.9466446732437792,0.3418,0.9276095800653118,0.0,1.0,0.753033873525676,0.3467993906226546,0.750442895676156,0.848011665133217,0.6747167308666613,0.7119386346150673,0.6380415633359424,0.7139100681262938,1.0,0.3418,0.9575321640479066,0.0,0.6788919097596801,0.34281454149605733,0.737922446402141,0.6156520444257478,0.9333371064630581,0.0,1.0,0.7197110010687394,0.3931148976058049,0.7690196527698567,0.8121349735547422,0.6708202060457087,0.6587540355023382,0.649254371022564,0.803257451278935,0.8722061335464584,0.5166,0.9262587484822473,0.0,0.3559640894740773,0.7069768741759361,0.0,0.9931768412055689,0.0,1.0,0.3476227519321674,0.7656945592353839,0.5867255062973569,0.3418,0.9310442826030699,0.0,0.7099245655140303,0.4031793689485072,0.7396956666284991,0.6253582110679258,0.0,0.0,0.0,0.0,0.0,0.0,0.0,0.0,0.0,0.0,0.0,0.0,0.0,0.0,0.0,0.0,0.0,0.0,0.0,0.0,0.0,0.0,0.0,0.0,0.0,0.0,0.0,0.6844833316963147,0.6183736637449483,1.0,1.0,0.515,0.515,0.0,0.0,0.59,0.5166,0.6414503233585096,0.6193785981633132,1.0,0.8885896823454796,0.3418,0.515,0.0,0.0,0.5166,0.5166,0.6031595901863545,0.7262326868152932,1.0,0.8749046291436108,0.515,0.515,0.0,0.0,0.59,0.59,0.7815968610445732,0.6537419890497134,1.0,0.9680567416862065,0.3418,0.515,0.0,0.0,0.7948467821282651,0.6535954889766304,1.0,0.8690969479891633,0.515,0.515,0.0,0.0,0.7743028403228238,0.6334544116559206,1.0,0.9362548014777714,0.515,0.515,0.0,0.0,0.6063408157191411,0.7259920299136824,1.0,0.9504482502351028,0.515,0.0,0.0,0.5166,0.59,0.6673528661783973,0.7209395339623819,1.0,0.9452074451097521,0.3418,0.3418,0.0,0.0,0.5166,0.5166,0.6362918685386422,0.5772166950781435,1.0,0.9189846249516106,0.3418,0.515,0.0,0.0,0.59,0.5166,0.7050440737941877,0.6651546648439816,1.0,0.8897249158348572,0.515,0.3418,0.0,0.0,0.5166,0.5166,0.7035852504093891,0.6776502282421069,1.0,0.9035237418491153,0.515,0.515,0.0,0.0,0.59,0.59,0.7857930763222551,0.7501601399415851,1.0,0.9863529605355152,0.0,0.5166,0.59,0.7734463721686576,0.6919575564083487,1.0,1.0,0.3418,0.3418,0.0,0.0,0.5166,0.5166,0.6697629488741318,0.6706990380191442,1.0,0.9217455289127913,0.515,0.3418,0.0,0.0,0.6930824181228477,0.6283749531982945,1.0,1.0,0.515,0.3418,0.0,0.0,0.7056954685174133,0.6926492925725012,1.0,0.8908282182535489,0.3418,0.515,0.0,0.0,0.7505473598423393,0.6544297635529768,1.0,0.8667178476796307,0.515,0.3418,0.0,0.0,0.6664527665398859,0.7367400575804752,1.0,0.9405107672905276,0.515,0.3418,0.0,0.0,0.7766267076725436,0.6602748026646413,1.0,0.9480001161289544,0.3418,0.3418,0.0,0.0,0.7551540539983403,0.6521534551440108,1.0,0.974035152476818,0.515,0.3418,0.0,0.0,0.6037595718066143,0.7580664513203148,1.0,1.0,0.515,0.515,0.0,0.0,0.59,0.59,0.6429798894434376,0.7274268695158322,1.0,0.8952950811823618,0.3418,0.515,0.0,0.0,0.7052214971424946,0.7114111038185129,1.0,0.9513949429607855,0.3418,0.515,0.0,0.0,0.5166,0.59,0.7075348763296561,0.7347175053834236,1.0,1.0,0.515,0.515,0.0,0.0,0.7981123389398725,0.6730589209552794,1.0,0.8682152790570337,0.515,0.515,0.0,0.0,0.608617665529581,0.6188736622236718,1.0,1.0,0.515,0.3418,0.0,0.0,0.6936817832311731,0.6157418823873333,1.0,1.0,0.3418,0.3418,0.0,0.0
,116,1.0,0.6303968696510183,0.6882293142442287,0.6056560799349204,0.6466030593664538,0.697714222872073,0.9581373709730283,0.0,1.0,0.7915648155449517,0.40296957629521346,0.6168986650264882,0.6096699517882309,0.6706022132038294,0.8243688553594826,0.9402126776070373,0.488,0.8759218267234544,0.0,1.0,0.6538220012512035,0.3848860684718029,0.6501036385085025,0.7002080494951828,0.6401465449837918,0.728790053794636,0.5869560276473428,0.7890605202809375,0.9502936471993672,0.538,0.3596,0.8992592419356868,0.0,0.6627904007507421,0.3778671155192016,0.7821306902591401,0.6262801640705205,0.6205420148299704,0.9687564351449601,0.0,0.4121201514362443,0.6036925543078344,0.6599680189804955,1.0,0.3876961773904154,0.3596,0.0,0.6491897854778756,0.350968747231707,0.6330308098254467,0.6375586341982825,0.6943716721501532,1.0,0.9401854429146376,0.0,1.0,0.6872300453655826,0.34995249175834897,0.6489750983648239,0.7541437328097504,0.7797065220957119,0.7034147624771449,0.6329983022299696,0.641249959036905,1.0,0.488,0.9145188133393503,0.0,1.0,0.6477632266391913,0.36473909802276644,0.6521403756873969,0.8143477083759627,0.7734180432162429,0.794753085107319,0.6700108738193912,0.78344547406917,0.9499947124611163,0.488,1.0,0.0,1.0,0.6928571193534776,0.3899037492249947,0.8126702967467353,0.7684246154613616,0.7161755575908053,0.5776754433850069,1.0,0.488,1.0,0.0,1.0,0.673552809135292,0.3714245045213854,0.8463619652499644,0.6228676793930482,0.7003229399046066,0.716842002952762,0.6970396132539209,0.8894220951645697,0.3596,0.9652774619998398,0.0,1.0,0.6749618649499094,0.6572734077882969,0.7048138529218912,0.7230204227761736,0.8131846123481934,0.5913,1.0,0.0,1.0,0.6371484492658124,0.8188879975986941,0.6918000828845772,0.6361263505993878,0.6661708580202069,0.9997402697741588,0.488,0.8773081556249636,0.0,1.0,0.7484606305101678,0.4231309725265856,0.7663394362078656,0.7474793774579025,0.7120445063854954,0.5857002407356635,0.8040468698883105,0.3596,1.0,0.0,0.7187747127387776,0.8714669035325767,0.0,1.0,0.7932168380145643,0.4285621237302773,0.7866157131911696,0.7522369959391404,0.9480110647124889,0.0,0.6583129580021885,0.37325620612818855,0.8152588668266763,0.6822135592349616,0.6522277226515196,0.6923761490980951,1.0,0.3596,1.0,0.0,0.488,0.0,0.6445775037598782,0.7547711379496317,0.0,1.0,0.7723220143874565,0.39201507985684114,0.633399365439097,0.8308719536629766,0.6587474718366363,0.7043786560447065,0.6474643660720723,0.6422265834025624,0.9466446732437792,0.3596,0.9276095800653118,0.0,1.0,0.753033873525676,0.3467993906226546,0.750442895676156,0.848011665133217,0.6747167308666613,0.7119386346150673,0.6380415633359424,0.7139100681262938,1.0,0.3596,0.9575321640479066,0.0,0.6788919097596801,0.34281454149605733,0.737922446402141,0.6156520444257478,0.9333371064630581,0.0,1.0,0.7197110010687394,0.3931148976058049,0.7690196527698567,0.8121349735547422,0.6708202060457087,0.6587540355023382,0.649254371022564,0.803257451278935,0.8722061335464584,0.538,0.9262587484822473,0.0,0.3559640894740773,0.7069768741759361,0.0,0.9931768412055689,0.0,1.0,0.3476227519321674,0.7656945592353839,0.5867255062973569,0.3596,0.9310442826030699,0.0,0.7099245655140303,0.4031793689485072,0.7396956666284991,0.6253582110679258,0.0,0.0,0.0,0.0,0.0,0.0,0.0,0.0,0.0,0.0,0.0,0.0,0.0,0.0,0.0,0.0,0.0,0.0,0.0,0.0,0.0,0.0,0.0,0.0,0.0,0.0,0.0,0.6844833316963147,0.6183736637449483,1.0,1.0,0.488,0.488,0.0,0.0,0.5913,0.538,0.6414503233585096,0.6193785981633132,1.0,0.8885896823454796,0.3596,0.488,0.0,0.0,0.538,0.538,0.6031595901863545,0.7262326868152932,1.0,0.8749046291436108,0.488,0.488,0.0,0.0,0.5913,0.5913,0.7815968610445732,0.6537419890497134,1.0,0.9680567416862065,0.3596,0.488,0.0,0.0,0.7948467821282651,0.6535954889766304,1.0,0.8690969479891633,0.488,0.488,0.0,0.0,0.7743028403228238,0.6334544116559206,1.0,0.9362548014777714,0.488,0.488,0.0,0.0,0.6063408157191411,0.7259920299136824,1.0,0.9504482502351028,0.488,0.0,0.0,0.538,0.5913,0.6673528661783973,0.7209395339623819,1.0,0.9452074451097521,0.3596,0.3596,0.0,0.0,0.538,0.538,0.6362918685386422,0.5772166950781435,1.0,0.9189846249516106,0.3596,0.488,0.0,0.0,0.5913,0.538,0.7050440737941877,0.6651546648439816,1.0,0.8897249158348572,0.488,0.3596,0.0,0.0,0.538,0.538,0.7035852504093891,0.6776502282421069,1.0,0.9035237418491153,0.488,0.488,0.0,0.0,0.5913,0.5913,0.7857930763222551,0.7501601399415851,1.0,0.9863529605355152,0.0,0.538,0.5913,0.7734463721686576,0.6919575564083487,1.0,1.0,0.3596,0.3596,0.0,0.0,0.538,0.538,0.6697629488741318,0.6706990380191442,1.0,0.9217455289127913,0.488,0.3596,0.0,0.0,0.6930824181228477,0.6283749531982945,1.0,1.0,0.488,0.3596,0.0,0.0,0.7056954685174133,0.6926492925725012,1.0,0.8908282182535489,0.3596,0.488,0.0,0.0,0.7505473598423393,0.6544297635529768,1.0,0.8667178476796307,0.488,0.3596,0.0,0.0,0.6664527665398859,0.7367400575804752,1.0,0.9405107672905276,0.488,0.3596,0.0,0.0,0.7766267076725436,0.6602748026646413,1.0,0.9480001161289544,0.3596,0.3596,0.0,0.0,0.7551540539983403,0.6521534551440108,1.0,0.974035152476818,0.488,0.3596,0.0,0.0,0.6037595718066143,0.7580664513203148,1.0,1.0,0.488,0.488,0.0,0.0,0.5913,0.5913,0.6429798894434376,0.7274268695158322,1.0,0.8952950811823618,0.3596,0.488,0.0,0.0,0.7052214971424946,0.7114111038185129,1.0,0.9513949429607855,0.3596,0.488,0.0,0.0,0.538,0.5913,0.7075348763296561,0.7347175053834236,1.0,1.0,0.488,0.488,0.0,0.0,0.7981123389398725,0.6730589209552794,1.0,0.8682152790570337,0.488,0.488,0.0,0.0,0.608617665529581,0.6188736622236718,1.0,1.0,0.488,0.3596,0.0,0.0,0.6936817832311731,0.6157418823873333,1.0,1.0,0.3596,0.3596,0.0,0.0
,117,1.0,0.6303968696510183,0.6882293142442287,0.6056560799349204,0.6466030593664538,0.697714222872073,0.9581373709730283,0.0,1.0,0.7915648155449517,0.40296957629521346,0.6168986650264882,0.6096699517882309,0.6706022132038294,0.8243688553594826,0.9402126776070373,0.448,0.8759218267234544,0.0,1.0,0.6538220012512035,0.3848860684718029,0.6501036385085025,0.7002080494951828,0.6401465449837918,0.728790053794636,0.5869560276473428,0.7890605202809375,0.9502936471993672,0.546,0.3684,0.8992592419356868,0.0,0.6627904007507421,0.3778671155192016,0.7821306902591401,0.6262801640705205,0.6205420148299704,0.9687564351449601,0.0,0.4121201514362443,0.6036925543078344,0.6599680189804955,1.0,0.3876961773904154,0.3684,0.0,0.6491897854778756,0.350968747231707,0.6330308098254467,0.6375586341982825,0.6943716721501532,1.0,0.9401854429146376,0.0,1.0,0.6872300453655826,0.34995249175834897,0.6489750983648239,0.7541437328097504,0.7797065220957119,0.7034147624771449,0.6329983022299696,0.641249959036905,1.0,0.448,0.9145188133393503,0.0,1.0,0.6477632266391913,0.36473909802276644,0.6521403756873969,0.8143477083759627,0.7734180432162429,0.794753085107319,0.6700108738193912,0.78344547406917,0.9499947124611163,0.448,1.0,0.0,1.0,0.6928571193534776,0.3899037492249947,0.8126702967467353,0.7684246154613616,0.7161755575908053,0.5776754433850069,1.0,0.448,1.0,0.0,1.0,0.673552809135292,0.3714245045213854,0.8463619652499644,0.6228676793930482,0.7003229399046066,0.716842002952762,0.6970396132539209,0.8894220951645697,0.3684,0.9652774619998398,0.0,1.0,0.6749618649499094,0.6572734077882969,0.7048138529218912,0.7230204227761736,0.8131846123481934,0.572,1.0,0.0,1.0,0.6371484492658124,0.8188879975986941,0.6918000828845772,0.6361263505993878,0.6661708580202069,0.9997402697741588,0.448,0.8773081556249636,0.0,1.0,0.7484606305101678,0.4231309725265856,0.7663394362078656,0.7474793774579025,0.7120445063854954,0.5857002407356635,0.8040468698883105,0.3684,1.0,0.0,0.7187747127387776,0.8714669035325767,0.0,1.0,0.7932168380145643,0.4285621237302773,0.7866157131911696,0.7522369959391404,0.9480110647124889,0.0,0.6583129580021885,0.37325620612818855,0.8152588668266763,0.6822135592349616,0.6522277226515196,0.6923761490980951,1.0,0.3684,1.0,0.0,0.448,0.0,0.6445775037598782,0.7547711379496317,0.0,1.0,0.7723220143874565,0.39201507985684114,0.633399365439097,0.8308719536629766,0.6587474718366363,0.7043786560447065,0.6474643660720723,0.6422265834025624,0.9466446732437792,0.3684,0.9276095800653118,0.0,1.0,0.753033873525676,0.3467993906226546,0.750442895676156,0.848011665133217,0.6747167308666613,0.7119386346150673,0.6380415633359424,0.7139100681262938,1.0,0.3684,0.9575321640479066,0.0,0.6788919097596801,0.34281454149605733,0.737922446402141,0.6156520444257478,0.9333371064630581,0.0,1.0,0.7197110010687394,0.3931148976058049,0.7690196527698567,0.8121349735547422,0.6708202060457087,0.6587540355023382,0.649254371022564,0.803257451278935,0.8722061335464584,0.546,0.9262587484822473,0.0,0.3559640894740773,0.7069768741759361,0.0,0.9931768412055689,0.0,1.0,0.3476227519321674,0.7656945592353839,0.5867255062973569,0.3684,0.9310442826030699,0.0,0.7099245655140303,0.4031793689485072,0.7396956666284991,0.6253582110679258,0.0,0.0,0.0,0.0,0.0,0.0,0.0,0.0,0.0,0.0,0.0,0.0,0.0,0.0,0.0,0.0,0.0,0.0,0.0,0.0,0.0,0.0,0.0,0.0,0.0,0.0,0.0,0.6844833316963147,0.6183736637449483,1.0,1.0,0.448,0.448,0.0,0.0,0.572,0.546,0.6414503233585096,0.6193785981633132,1.0,0.8885896823454796,0.3684,0.448,0.0,0.0,0.546,0.546,0.6031595901863545,0.7262326868152932,1.0,0.8749046291436108,0.448,0.448,0.0,0.0,0.572,0.572,0.7815968610445732,0.6537419890497134,1.0,0.9680567416862065,0.3684,0.448,0.0,0.0,0.7948467821282651,0.6535954889766304,1.0,0.8690969479891633,0.448,0.448,0.0,0.0,0.7743028403228238,0.6334544116559206,1.0,0.9362548014777714,0.448,0.448,0.0,0.0,0.6063408157191411,0.7259920299136824,1.0,0.9504482502351028,0.448,0.0,0.0,0.546,0.572,0.6673528661783973,0.7209395339623819,1.0,0.9452074451097521,0.3684,0.3684,0.0,0.0,0.546,0.546,0.6362918685386422,0.5772166950781435,1.0,0.9189846249516106,0.3684,0.448,0.0,0.0,0.572,0.546,0.7050440737941877,0.6651546648439816,1.0,0.8897249158348572,0.448,0.3684,0.0,0.0,0.546,0.546,0.7035852504093891,0.6776502282421069,1.0,0.9035237418491153,0.448,0.448,0.0,0.0,0.572,0.572,0.7857930763222551,0.7501601399415851,1.0,0.9863529605355152,0.0,0.546,0.572,0.7734463721686576,0.6919575564083487,1.0,1.0,0.3684,0.3684,0.0,0.0,0.546,0.546,0.6697629488741318,0.6706990380191442,1.0,0.9217455289127913,0.448,0.3684,0.0,0.0,0.6930824181228477,0.6283749531982945,1.0,1.0,0.448,0.3684,0.0,0.0,0.7056954685174133,0.6926492925725012,1.0,0.8908282182535489,0.3684,0.448,0.0,0.0,0.7505473598423393,0.6544297635529768,1.0,0.8667178476796307,0.448,0.3684,0.0,0.0,0.6664527665398859,0.7367400575804752,1.0,0.9405107672905276,0.448,0.3684,0.0,0.0,0.7766267076725436,0.6602748026646413,1.0,0.9480001161289544,0.3684,0.3684,0.0,0.0,0.7551540539983403,0.6521534551440108,1.0,0.974035152476818,0.448,0.3684,0.0,0.0,0.6037595718066143,0.7580664513203148,1.0,1.0,0.448,0.448,0.0,0.0,0.572,0.572,0.6429798894434376,0.7274268695158322,1.0,0.8952950811823618,0.3684,0.448,0.0,0.0,0.7052214971424946,0.7114111038185129,1.0,0.9513949429607855,0.3684,0.448,0.0,0.0,0.546,0.572,0.7075348763296561,0.7347175053834236,1.0,1.0,0.448,0.448,0.0,0.0,0.7981123389398725,0.6730589209552794,1.0,0.8682152790570337,0.448,0.448,0.0,0.0,0.608617665529581,0.6188736622236718,1.0,1.0,0.448,0.3684,0.0,0.0,0.6936817832311731,0.6157418823873333,1.0,1.0,0.3684,0.3684,0.0,0.0
,118,1.0,0.6303968696510183,0.6882293142442287,0.6056560799349204,0.6466030593664538,0.697714222872073,0.9581373709730283,0.0,1.0,0.7915648155449517,0.40296957629521346,0.6168986650264882,0.6096699517882309,0.6706022132038294,0.8243688553594826,0.9402126776070373,0.4033,0.8759218267234544,0.0,1.0,0.6538220012512035,0.3848860684718029,0.6501036385085025,0.7002080494951828,0.6401465449837918,0.728790053794636,0.5869560276473428,0.7890605202809375,0.9502936471993672,0.554,0.3762,0.8992592419356868,0.0,0.6627904007507421,0.3778671155192016,0.7821306902591401,0.6262801640705205,0.6205420148299704,0.9687564351449601,0.0,0.4121201514362443,0.6036925543078344,0.6599680189804955,1.0,0.3876961773904154,0.3762,0.0,0.6491897854778756,0.350968747231707,0.6330308098254467,0.6375586341982825,0.6943716721501532,1.0,0.9401854429146376,0.0,1.0,0.6872300453655826,0.34995249175834897,0.6489750983648239,0.7541437328097504,0.7797065220957119,0.7034147624771449,0.6329983022299696,0.641249959036905,1.0,0.4033,0.9145188133393503,0.0,1.0,0.6477632266391913,0.36473909802276644,0.6521403756873969,0.8143477083759627,0.7734180432162429,0.794753085107319,0.6700108738193912,0.78344547406917,0.9499947124611163,0.4033,1.0,0.0,1.0,0.6928571193534776,0.3899037492249947,0.8126702967467353,0.7684246154613616,0.7161755575908053,0.5776754433850069,1.0,0.4033,1.0,0.0,1.0,0.673552809135292,0.3714245045213854,0.8463619652499644,0.6228676793930482,0.7003229399046066,0.716842002952762,0.6970396132539209,0.8894220951645697,0.3762,0.9652774619998398,0.0,1.0,0.6749618649499094,0.6572734077882969,0.7048138529218912,0.7230204227761736,0.8131846123481934,0.5474,1.0,0.0,1.0,0.6371484492658124,0.8188879975986941,0.6918000828845772,0.6361263505993878,0.6661708580202069,0.9997402697741588,0.4033,0.8773081556249636,0.0,1.0,0.7484606305101678,0.4231309725265856,0.7663394362078656,0.7474793774579025,0.7120445063854954,0.5857002407356635,0.8040468698883105,0.3762,1.0,0.0,0.7187747127387776,0.8714669035325767,0.0,1.0,0.7932168380145643,0.4285621237302773,0.7866157131911696,0.7522369959391404,0.9480110647124889,0.0,0.6583129580021885,0.37325620612818855,0.8152588668266763,0.6822135592349616,0.6522277226515196,0.6923761490980951,1.0,0.3762,1.0,0.0,0.4033,0.0,0.6445775037598782,0.7547711379496317,0.0,1.0,0.7723220143874565,0.39201507985684114,0.633399365439097,0.8308719536629766,0.6587474718366363,0.7043786560447065,0.6474643660720723,0.6422265834025624,0.9466446732437792,0.3762,0.9276095800653118,0.0,1.0,0.753033873525676,0.3467993906226546,0.750442895676156,0.848011665133217,0.6747167308666613,0.7119386346150673,0.6380415633359424,0.7139100681262938,1.0,0.3762,0.9575321640479066,0.0,0.6788919097596801,0.34281454149605733,0.737922446402141,0.6156520444257478,0.9333371064630581,0.0,1.0,0.7197110010687394,0.3931148976058049,0.7690196527698567,0.8121349735547422,0.6708202060457087,0.6587540355023382,0.649254371022564,0.803257451278935,0.8722061335464584,0.554,0.9262587484822473,0.0,0.3559640894740773,0.7069768741759361,0.0,0.9931768412055689,0.0,1.0,0.3476227519321674,0.7656945592353839,0.5867255062973569,0.3762,0.9310442826030699,0.0,0.7099245655140303,0.4031793689485072,0.7396956666284991,0.6253582110679258,0.0,0.0,0.0,0.0,0.0,0.0,0.0,0.0,0.0,0.0,0.0,0.0,0.0,0.0,0.0,0.0,0.0,0.0,0.0,0.0,0.0,0.0,0.0,0.0,0.0,0.0,0.0,0.6844833316963147,0.6183736637449483,1.0,1.0,0.4033,0.4033,0.0,0.0,0.5474,0.554,0.6414503233585096,0.6193785981633132,1.0,0.8885896823454796,0.3762,0.4033,0.0,0.0,0.554,0.554,0.6031595901863545,0.7262326868152932,1.0,0.8749046291436108,0.4033,0.4033,0.0,0.0,0.5474,0.5474,0.7815968610445732,0.6537419890497134,1.0,0.9680567416862065,0.3762,0.4033,0.0,0.0,0.7948467821282651,0.6535954889766304,1.0,0.8690969479891633,0.4033,0.4033,0.0,0.0,0.7743028403228238,0.6334544116559206,1.0,0.9362548014777714,0.4033,0.4033,0.0,0.0,0.6063408157191411,0.7259920299136824,1.0,0.9504482502351028,0.4033,0.0,0.0,0.554,0.5474,0.6673528661783973,0.7209395339623819,1.0,0.9452074451097521,0.3762,0.3762,0.0,0.0,0.554,0.554,0.6362918685386422,0.5772166950781435,1.0,0.9189846249516106,0.3762,0.4033,0.0,0.0,0.5474,0.554,0.7050440737941877,0.6651546648439816,1.0,0.8897249158348572,0.4033,0.3762,0.0,0.0,0.554,0.554,0.7035852504093891,0.6776502282421069,1.0,0.9035237418491153,0.4033,0.4033,0.0,0.0,0.5474,0.5474,0.7857930763222551,0.7501601399415851,1.0,0.9863529605355152,0.0,0.554,0.5474,0.7734463721686576,0.6919575564083487,1.0,1.0,0.3762,0.3762,0.0,0.0,0.554,0.554,0.6697629488741318,0.6706990380191442,1.0,0.9217455289127913,0.4033,0.3762,0.0,0.0,0.6930824181228477,0.6283749531982945,1.0,1.0,0.4033,0.3762,0.0,0.0,0.7056954685174133,0.6926492925725012,1.0,0.8908282182535489,0.3762,0.4033,0.0,0.0,0.7505473598423393,0.6544297635529768,1.0,0.8667178476796307,0.4033,0.3762,0.0,0.0,0.6664527665398859,0.7367400575804752,1.0,0.9405107672905276,0.4033,0.3762,0.0,0.0,0.7766267076725436,0.6602748026646413,1.0,0.9480001161289544,0.3762,0.3762,0.0,0.0,0.7551540539983403,0.6521534551440108,1.0,0.974035152476818,0.4033,0.3762,0.0,0.0,0.6037595718066143,0.7580664513203148,1.0,1.0,0.4033,0.4033,0.0,0.0,0.5474,0.5474,0.6429798894434376,0.7274268695158322,1.0,0.8952950811823618,0.3762,0.4033,0.0,0.0,0.7052214971424946,0.7114111038185129,1.0,0.9513949429607855,0.3762,0.4033,0.0,0.0,0.554,0.5474,0.7075348763296561,0.7347175053834236,1.0,1.0,0.4033,0.4033,0.0,0.0,0.7981123389398725,0.6730589209552794,1.0,0.8682152790570337,0.4033,0.4033,0.0,0.0,0.608617665529581,0.6188736622236718,1.0,1.0,0.4033,0.3762,0.0,0.0,0.6936817832311731,0.6157418823873333,1.0,1.0,0.3762,0.3762,0.0,0.0
,119,1.0,0.6303968696510183,0.6882293142442287,0.6056560799349204,0.6466030593664538,0.697714222872073,0.9581373709730283,0.0,1.0,0.7915648155449517,0.40296957629521346,0.6168986650264882,0.6096699517882309,0.6706022132038294,0.8243688553594826,0.9402126776070373,0.3633,0.8759218267234544,0.0,1.0,0.6538220012512035,0.3848860684718029,0.6501036385085025,0.7002080494951828,0.6401465449837918,0.728790053794636,0.5869560276473428,0.7890605202809375,0.9502936471993672,0.575,0.39,0.8992592419356868,0.0,0.6627904007507421,0.3778671155192016,0.7821306902591401,0.6262801640705205,0.6205420148299704,0.9687564351449601,0.0,0.4121201514362443,0.6036925543078344,0.6599680189804955,1.0,0.3876961773904154,0.39,0.0,0.6491897854778756,0.350968747231707,0.6330308098254467,0.6375586341982825,0.6943716721501532,1.0,0.9401854429146376,0.0,1.0,0.6872300453655826,0.34995249175834897,0.6489750983648239,0.7541437328097504,0.7797065220957119,0.7034147624771449,0.6329983022299696,0.641249959036905,1.0,0.3633,0.9145188133393503,0.0,1.0,0.6477632266391913,0.36473909802276644,0.6521403756873969,0.8143477083759627,0.7734180432162429,0.794753085107319,0.6700108738193912,0.78344547406917,0.9499947124611163,0.3633,1.0,0.0,1.0,0.6928571193534776,0.3899037492249947,0.8126702967467353,0.7684246154613616,0.7161755575908053,0.5776754433850069,1.0,0.3633,1.0,0.0,1.0,0.673552809135292,0.3714245045213854,0.8463619652499644,0.6228676793930482,0.7003229399046066,0.716842002952762,0.6970396132539209,0.8894220951645697,0.39,0.9652774619998398,0.0,1.0,0.6749618649499094,0.6572734077882969,0.7048138529218912,0.7230204227761736,0.8131846123481934,0.4858,1.0,0.0,1.0,0.6371484492658124,0.8188879975986941,0.6918000828845772,0.6361263505993878,0.6661708580202069,0.9997402697741588,0.3633,0.8773081556249636,0.0,1.0,0.7484606305101678,0.4231309725265856,0.7663394362078656,0.7474793774579025,0.7120445063854954,0.5857002407356635,0.8040468698883105,0.39,1.0,0.0,0.7187747127387776,0.8714669035325767,0.0,1.0,0.7932168380145643,0.4285621237302773,0.7866157131911696,0.7522369959391404,0.9480110647124889,0.0,0.6583129580021885,0.37325620612818855,0.8152588668266763,0.6822135592349616,0.6522277226515196,0.6923761490980951,1.0,0.39,1.0,0.0,0.3633,0.0,0.6445775037598782,0.7547711379496317,0.0,1.0,0.7723220143874565,0.39201507985684114,0.633399365439097,0.8308719536629766,0.6587474718366363,0.7043786560447065,0.6474643660720723,0.6422265834025624,0.9466446732437792,0.39,0.9276095800653118,0.0,1.0,0.753033873525676,0.3467993906226546,0.750442895676156,0.848011665133217,0.6747167308666613,0.7119386346150673,0.6380415633359424,0.7139100681262938,1.0,0.39,0.9575321640479066,0.0,0.6788919097596801,0.34281454149605733,0.737922446402141,0.6156520444257478,0.9333371064630581,0.0,1.0,0.7197110010687394,0.3931148976058049,0.7690196527698567,0.8121349735547422,0.6708202060457087,0.6587540355023382,0.649254371022564,0.803257451278935,0.8722061335464584,0.575,0.9262587484822473,0.0,0.3559640894740773,0.7069768741759361,0.0,0.9931768412055689,0.0,1.0,0.3476227519321674,0.7656945592353839,0.5867255062973569,0.39,0.9310442826030699,0.0,0.7099245655140303,0.4031793689485072,0.7396956666284991,0.6253582110679258,0.0,0.0,0.0,0.0,0.0,0.0,0.0,0.0,0.0,0.0,0.0,0.0,0.0,0.0,0.0,0.0,0.0,0.0,0.0,0.0,0.0,0.0,0.0,0.0,0.0,0.0,0.0,0.6844833316963147,0.6183736637449483,1.0,1.0,0.3633,0.3633,0.0,0.0,0.4858,0.575,0.6414503233585096,0.6193785981633132,1.0,0.8885896823454796,0.39,0.3633,0.0,0.0,0.575,0.575,0.6031595901863545,0.7262326868152932,1.0,0.8749046291436108,0.3633,0.3633,0.0,0.0,0.4858,0.4858,0.7815968610445732,0.6537419890497134,1.0,0.9680567416862065,0.39,0.3633,0.0,0.0,0.7948467821282651,0.6535954889766304,1.0,0.8690969479891633,0.3633,0.3633,0.0,0.0,0.7743028403228238,0.6334544116559206,1.0,0.9362548014777714,0.3633,0.3633,0.0,0.0,0.6063408157191411,0.7259920299136824,1.0,0.9504482502351028,0.3633,0.0,0.0,0.575,0.4858,0.6673528661783973,0.7209395339623819,1.0,0.9452074451097521,0.39,0.39,0.0,0.0,0.575,0.575,0.6362918685386422,0.5772166950781435,1.0,0.9189846249516106,0.39,0.3633,0.0,0.0,0.4858,0.575,0.7050440737941877,0.6651546648439816,1.0,0.8897249158348572,0.3633,0.39,0.0,0.0,0.575,0.575,0.7035852504093891,0.6776502282421069,1.0,0.9035237418491153,0.3633,0.3633,0.0,0.0,0.4858,0.4858,0.7857930763222551,0.7501601399415851,1.0,0.9863529605355152,0.0,0.575,0.4858,0.7734463721686576,0.6919575564083487,1.0,1.0,0.39,0.39,0.0,0.0,0.575,0.575,0.6697629488741318,0.6706990380191442,1.0,0.9217455289127913,0.3633,0.39,0.0,0.0,0.6930824181228477,0.6283749531982945,1.0,1.0,0.3633,0.39,0.0,0.0,0.7056954685174133,0.6926492925725012,1.0,0.8908282182535489,0.39,0.3633,0.0,0.0,0.7505473598423393,0.6544297635529768,1.0,0.8667178476796307,0.3633,0.39,0.0,0.0,0.6664527665398859,0.7367400575804752,1.0,0.9405107672905276,0.3633,0.39,0.0,0.0,0.7766267076725436,0.6602748026646413,1.0,0.9480001161289544,0.39,0.39,0.0,0.0,0.7551540539983403,0.6521534551440108,1.0,0.974035152476818,0.3633,0.39,0.0,0.0,0.6037595718066143,0.7580664513203148,1.0,1.0,0.3633,0.3633,0.0,0.0,0.4858,0.4858,0.6429798894434376,0.7274268695158322,1.0,0.8952950811823618,0.39,0.3633,0.0,0.0,0.7052214971424946,0.7114111038185129,1.0,0.9513949429607855,0.39,0.3633,0.0,0.0,0.575,0.4858,0.7075348763296561,0.7347175053834236,1.0,1.0,0.3633,0.3633,0.0,0.0,0.7981123389398725,0.6730589209552794,1.0,0.8682152790570337,0.3633,0.3633,0.0,0.0,0.608617665529581,0.6188736622236718,1.0,1.0,0.3633,0.39,0.0,0.0,0.6936817832311731,0.6157418823873333,1.0,1.0,0.39,0.39,0.0,0.0
,120,1.0,0.7206300468857034,0.6055248023854698,0.6590834696903604,0.6858257949843642,0.7691927608653113,0.9478456368463667,0.0,1.0,0.7008142044477372,0.4234148686450009,0.7512253012450402,0.7679723706615673,0.6291674400804105,0.6636265615336046,1.0,0.8096,1.0,0.0,1.0,0.7210204978690755,0.3745088759456044,0.8243014360963764,0.8481387093182783,0.6753635402031886,0.6099481470579711,0.7380809497214011,0.7997060286647562,0.9053816584809345,0.412,0.8096,0.9382387186313932,0.0,0.7963327644253708,0.42524608878020786,0.6564982137416163,0.7467735393981605,0.7452294608306402,0.8941261123940113,0.0,0.3546417032640787,0.6922629046307018,0.7131300001876517,1.0,0.41137652911563694,0.8096,0.0,0.7786737048628604,0.3997842529252621,0.651268558588036,0.7119041485376123,0.6953421153737842,1.0,0.8631076109123672,0.0,1.0,0.8002710718320106,0.3748470345842596,0.7088670522599219,0.6866867228167108,0.7675302975316656,0.7628337814109043,0.7191341470742412,0.8236111672842491,0.9752705651960574,0.8096,0.9366373856076171,0.0,1.0,0.7976054239636889,0.3642589553887573,0.7679750694409615,0.7257405608218946,0.7111240699385644,0.6920079913965,0.7653437093999573,0.6380372546642844,0.894624574322356,0.4446,0.9714284345519056,0.0,1.0,0.6544276909315463,0.3645735468824425,0.7932020157856097,0.6941648936669522,0.6735425156740392,0.7015940444010625,0.9725555342727347,0.4446,0.9848094778028575,0.0,1.0,0.7327716724704109,0.3416714231990149,0.7959284811451435,0.7117920894256691,0.6962749438688458,0.595496881850965,0.7556213929874671,0.971346619389828,0.8096,0.9675267108837332,0.0,1.0,0.6822654702245241,0.6009704135215856,0.629306188677042,0.7612783987603036,0.6372037247685323,0.7417,1.0,0.0,1.0,0.7647351143979735,0.678989371305528,0.7757744929403235,0.7276123880147476,0.6097364888317403,0.9891433680382206,0.4446,0.93504658205805,0.0,1.0,0.6297512028986623,0.43450349902650576,0.716807550228026,0.6087510542286861,0.779606089182354,0.6327501731551802,0.8017637189243234,0.8096,1.0,0.0,0.669091307502266,0.9167969993062488,0.0,1.0,0.7454960544231788,0.3768063408766531,0.7399626493514351,0.5916385213478037,0.8574990678641013,0.0,0.6820007904923273,0.37845757286190396,0.6580886189483784,0.7609201122495216,0.7926301192792167,0.741278351508148,0.9315370055237563,0.8096,0.8988910585553566,0.0,0.8096,0.0,0.7465306276920547,0.5926707843242476,0.0,1.0,0.8096754513345388,0.3795226008634867,0.7755928571181975,0.8138943560742229,0.8003290442821378,0.6164822772316365,0.6004981676063645,0.6553775365308747,0.980745680162032,0.8096,1.0,0.0,1.0,0.6879764592544539,0.39351732458809163,0.6759628764388714,0.808205333180589,0.6877518679305701,0.7171144286477473,0.6903299218790704,0.7439313763101901,0.9816258012919925,0.8096,0.9521774265106405,0.0,0.7732245073143797,0.395230142865112,0.7071050573721223,0.6735100907127871,1.0,0.0,1.0,0.7475069922020416,0.3509204163841194,0.7769098039703835,0.7127350964733026,0.6250542508557371,0.7614620762245224,0.6559523343691274,0.720834634099337,0.918336556838526,0.7417,0.8801252476858629,0.0,0.4186579979499421,0.792114130266911,0.0,0.9994943324540959,0.0,1.0,0.3562367903793599,0.7542126929441024,0.6960672105994365,0.4446,1.0,0.0,0.6390899014672546,0.4367853381772474,0.7348635267591919,0.6396383507394781,0.0,0.0,0.0,0.0,0.0,0.0,0.0,0.0,0.0,0.0,0.0,0.0,0.0,0.0,0.0,0.0,0.0,0.0,0.0,0.0,0.0,0.0,0.0,0.0,0.0,0.0,0.0,0.7632459047906215,0.6514127088363447,1.0,0.9932705776063538,0.4446,0.4446,0.0,0.0,0.7417,0.412,0.7497284809685595,0.6876265898716917,1.0,1.0,0.4446,0.4446,0.0,0.0,0.7417,0.7417,0.6342006430474264,0.6116988408676026,1.0,0.8797137376487819,0.8096,0.4446,0.0,0.0,0.412,0.412,0.7292847266096031,0.7335948756998519,1.0,0.9843187424699883,0.8096,0.8096,0.0,0.0,0.7984931369074427,0.575854049760816,1.0,0.9476761423437651,0.4446,0.8096,0.0,0.0,0.745230070629656,0.6547095655781491,1.0,0.96745454054282,0.4446,0.8096,0.0,0.0,0.6538324063425451,0.6005917792751536,1.0,0.94803351264431,0.4446,0.0,0.0,0.412,0.412,0.6681203025040069,0.6321299124303823,1.0,0.9233239021767916,0.8096,0.8096,0.0,0.0,0.412,0.412,0.677436394423963,0.5880824962486937,1.0,1.0,0.8096,0.4446,0.0,0.0,0.412,0.412,0.7195996088288816,0.7415204058838755,1.0,1.0,0.4446,0.8096,0.0,0.0,0.412,0.7417,0.6663733526569864,0.7684310959832995,1.0,0.9746226904731607,0.8096,0.4446,0.0,0.0,0.7417,0.412,0.6537113055079194,0.6356178674580407,1.0,0.9141731545184606,0.0,0.7417,0.7417,0.6351960634902634,0.5886034336487772,1.0,0.9792809506389594,0.4446,0.4446,0.0,0.0,0.412,0.7417,0.7781131986305768,0.6445328951357743,1.0,0.994263693890687,0.8096,0.8096,0.0,0.0,0.7420398917239037,0.6601907242600085,1.0,0.9781439674905397,0.4446,0.4446,0.0,0.0,0.6420312719146613,0.6835188103835151,1.0,0.9032284262803116,0.8096,0.8096,0.0,0.0,0.7951263920385189,0.5997722148445781,1.0,1.0,0.4446,0.4446,0.0,0.0,0.7582069934795395,0.5856435616609893,1.0,1.0,0.8096,0.8096,0.0,0.0,0.6035510617364638,0.7016466121966567,1.0,1.0,0.4446,0.8096,0.0,0.0,0.7297962010692146,0.6541817189862267,1.0,0.9897429326899567,0.8096,0.8096,0.0,0.0,0.7942910471000955,0.7593930819234933,1.0,0.963712231285636,0.8096,0.8096,0.0,0.0,0.7417,0.7417,0.6343679879136503,0.7155101870063326,1.0,0.9454787820673142,0.8096,0.4446,0.0,0.0,0.7133237516624338,0.5968144470705873,1.0,0.9747366737390899,0.4446,0.4446,0.0,0.0,0.412,0.7417,0.6553398147640348,0.6116516419863286,1.0,0.9587833822729052,0.8096,0.4446,0.0,0.0,0.6385228135030594,0.6892177992830898,1.0,0.9687459532213141,0.8096,0.8096,0.0,0.0,0.7972335274932638,0.6624880647613873,1.0,0.9407748384865243,0.8096,0.8096,0.0,0.0,0.7405896115321944,0.5816377978535006,1.0,0.9303098354517367,0.8096,0.8096,0.0,0.0
,121,1.0,0.7206300468857034,0.6055248023854698,0.6590834696903604,0.6858257949843642,0.7691927608653113,0.9478456368463667,0.0,1.0,0.7008142044477372,0.4234148686450009,0.7512253012450402,0.7679723706615673,0.6291674400804105,0.6636265615336046,1.0,0.8135,1.0,0.0,1.0,0.7210204978690755,0.3745088759456044,0.8243014360963764,0.8481387093182783,0.6753635402031886,0.6099481470579711,0.7380809497214011,0.7997060286647562,0.9053816584809345,0.407,0.8135,0.9382387186313932,0.0,0.7963327644253708,0.42524608878020786,0.6564982137416163,0.7467735393981605,0.7452294608306402,0.8941261123940113,0.0,0.3546417032640787,0.6922629046307018,0.7131300001876517,1.0,0.41137652911563694,0.8135,0.0,0.7786737048628604,0.3997842529252621,0.651268558588036,0.7119041485376123,0.6953421153737842,1.0,0.8631076109123672,0.0,1.0,0.8002710718320106,0.3748470345842596,0.7088670522599219,0.6866867228167108,0.7675302975316656,0.7628337814109043,0.7191341470742412,0.8236111672842491,0.9752705651960574,0.8135,0.9366373856076171,0.0,1.0,0.7976054239636889,0.3642589553887573,0.7679750694409615,0.7257405608218946,0.7111240699385644,0.6920079913965,0.7653437093999573,0.6380372546642844,0.894624574322356,0.42,0.9714284345519056,0.0,1.0,0.6544276909315463,0.3645735468824425,0.7932020157856097,0.6941648936669522,0.6735425156740392,0.7015940444010625,0.9725555342727347,0.42,0.9848094778028575,0.0,1.0,0.7327716724704109,0.3416714231990149,0.7959284811451435,0.7117920894256691,0.6962749438688458,0.595496881850965,0.7556213929874671,0.971346619389828,0.8135,0.9675267108837332,0.0,1.0,0.6822654702245241,0.6009704135215856,0.629306188677042,0.7612783987603036,0.6372037247685323,0.723,1.0,0.0,1.0,0.7647351143979735,0.678989371305528,0.7757744929403235,0.7276123880147476,0.6097364888317403,0.9891433680382206,0.42,0.93504658205805,0.0,1.0,0.6297512028986623,0.43450349902650576,0.716807550228026,0.6087510542286861,0.779606089182354,0.6327501731551802,0.8017637189243234,0.8135,1.0,0.0,0.669091307502266,0.9167969993062488,0.0,1.0,0.7454960544231788,0.3768063408766531,0.7399626493514351,0.5916385213478037,0.8574990678641013,0.0,0.6820007904923273,0.37845757286190396,0.6580886189483784,0.7609201122495216,0.7926301192792167,0.741278351508148,0.9315370055237563,0.8135,0.8988910585553566,0.0,0.8135,0.0,0.7465306276920547,0.5926707843242476,0.0,1.0,0.8096754513345388,0.3795226008634867,0.7755928571181975,0.8138943560742229,0.8003290442821378,0.6164822772316365,0.6004981676063645,0.6553775365308747,0.980745680162032,0.8135,1.0,0.0,1.0,0.6879764592544539,0.39351732458809163,0.6759628764388714,0.808205333180589,0.6877518679305701,0.7171144286477473,0.6903299218790704,0.7439313763101901,0.9816258012919925,0.8135,0.9521774265106405,0.0,0.7732245073143797,0.395230142865112,0.7071050573721223,0.6735100907127871,1.0,0.0,1.0,0.7475069922020416,0.3509204163841194,0.7769098039703835,0.7127350964733026,0.6250542508557371,0.7614620762245224,0.6559523343691274,0.720834634099337,0.918336556838526,0.723,0.8801252476858629,0.0,0.4186579979499421,0.792114130266911,0.0,0.9994943324540959,0.0,1.0,0.3562367903793599,0.7542126929441024,0.6960672105994365,0.42,1.0,0.0,0.6390899014672546,0.4367853381772474,0.7348635267591919,0.6396383507394781,0.0,0.0,0.0,0.0,0.0,0.0,0.0,0.0,0.0,0.0,0.0,0.0,0.0,0.0,0.0,0.0,0.0,0.0,0.0,0.0,0.0,0.0,0.0,0.0,0.0,0.0,0.0,0.7632459047906215,0.6514127088363447,1.0,0.9932705776063538,0.42,0.42,0.0,0.0,0.723,0.407,0.7497284809685595,0.6876265898716917,1.0,1.0,0.42,0.42,0.0,0.0,0.723,0.723,0.6342006430474264,0.6116988408676026,1.0,0.8797137376487819,0.8135,0.42,0.0,0.0,0.407,0.407,0.7292847266096031,0.7335948756998519,1.0,0.9843187424699883,0.8135,0.8135,0.0,0.0,0.7984931369074427,0.575854049760816,1.0,0.9476761423437651,0.42,0.8135,0.0,0.0,0.745230070629656,0.6547095655781491,1.0,0.96745454054282,0.42,0.8135,0.0,0.0,0.6538324063425451,0.6005917792751536,1.0,0.94803351264431,0.42,0.0,0.0,0.407,0.407,0.6681203025040069,0.6321299124303823,1.0,0.9233239021767916,0.8135,0.8135,0.0,0.0,0.407,0.407,0.677436394423963,0.5880824962486937,1.0,1.0,0.8135,0.42,0.0,0.0,0.407,0.407,0.7195996088288816,0.7415204058838755,1.0,1.0,0.42,0.8135,0.0,0.0,0.407,0.723,0.6663733526569864,0.7684310959832995,1.0,0.9746226904731607,0.8135,0.42,0.0,0.0,0.723,0.407,0.6537113055079194,0.6356178674580407,1.0,0.9141731545184606,0.0,0.723,0.723,0.6351960634902634,0.5886034336487772,1.0,0.9792809506389594,0.42,0.42,0.0,0.0,0.407,0.723,0.7781131986305768,0.6445328951357743,1.0,0.994263693890687,0.8135,0.8135,0.0,0.0,0.7420398917239037,0.6601907242600085,1.0,0.9781439674905397,0.42,0.42,0.0,0.0,0.6420312719146613,0.6835188103835151,1.0,0.9032284262803116,0.8135,0.8135,0.0,0.0,0.7951263920385189,0.5997722148445781,1.0,1.0,0.42,0.42,0.0,0.0,0.7582069934795395,0.5856435616609893,1.0,1.0,0.8135,0.8135,0.0,0.0,0.6035510617364638,0.7016466121966567,1.0,1.0,0.42,0.8135,0.0,0.0,0.7297962010692146,0.6541817189862267,1.0,0.9897429326899567,0.8135,0.8135,0.0,0.0,0.7942910471000955,0.7593930819234933,1.0,0.963712231285636,0.8135,0.8135,0.0,0.0,0.723,0.723,0.6343679879136503,0.7155101870063326,1.0,0.9454787820673142,0.8135,0.42,0.0,0.0,0.7133237516624338,0.5968144470705873,1.0,0.9747366737390899,0.42,0.42,0.0,0.0,0.407,0.723,0.6553398147640348,0.6116516419863286,1.0,0.9587833822729052,0.8135,0.42,0.0,0.0,0.6385228135030594,0.6892177992830898,1.0,0.9687459532213141,0.8135,0.8135,0.0,0.0,0.7972335274932638,0.6624880647613873,1.0,0.9407748384865243,0.8135,0.8135,0.0,0.0,0.7405896115321944,0.5816377978535006,1.0,0.9303098354517367,0.8135,0.8135,0.0,0.0
,122,1.0,0.7206300468857034,0.6055248023854698,0.6590834696903604,0.6858257949843642,0.7691927608653113,0.9478456368463667,0.0,1.0,0.7008142044477372,0.4234148686450009,0.7512253012450402,0.7679723706615673,0.6291674400804105,0.6636265615336046,1.0,0.812,1.0,0.0,1.0,0.7210204978690755,0.3745088759456044,0.8243014360963764,0.8481387093182783,0.6753635402031886,0.6099481470579711,0.7380809497214011,0.7997060286647562,0.9053816584809345,0.4133,0.812,0.9382387186313932,0.0,0.7963327644253708,0.42524608878020786,0.6564982137416163,0.7467735393981605,0.7452294608306402,0.8941261123940113,0.0,0.3546417032640787,0.6922629046307018,0.7131300001876517,1.0,0.41137652911563694,0.812,0.0,0.7786737048628604,0.3997842529252621,0.651268558588036,0.7119041485376123,0.6953421153737842,1.0,0.8631076109123672,0.0,1.0,0.8002710718320106,0.3748470345842596,0.7088670522599219,0.6866867228167108,0.7675302975316656,0.7628337814109043,0.7191341470742412,0.8236111672842491,0.9752705651960574,0.812,0.9366373856076171,0.0,1.0,0.7976054239636889,0.3642589553887573,0.7679750694409615,0.7257405608218946,0.7111240699385644,0.6920079913965,0.7653437093999573,0.6380372546642844,0.894624574322356,0.4016,0.9714284345519056,0.0,1.0,0.6544276909315463,0.3645735468824425,0.7932020157856097,0.6941648936669522,0.6735425156740392,0.7015940444010625,0.9725555342727347,0.4016,0.9848094778028575,0.0,1.0,0.7327716724704109,0.3416714231990149,0.7959284811451435,0.7117920894256691,0.6962749438688458,0.595496881850965,0.7556213929874671,0.971346619389828,0.812,0.9675267108837332,0.0,1.0,0.6822654702245241,0.6009704135215856,0.629306188677042,0.7612783987603036,0.6372037247685323,0.7256,1.0,0.0,1.0,0.7647351143979735,0.678989371305528,0.7757744929403235,0.7276123880147476,0.6097364888317403,0.9891433680382206,0.4016,0.93504658205805,0.0,1.0,0.6297512028986623,0.43450349902650576,0.716807550228026,0.6087510542286861,0.779606089182354,0.6327501731551802,0.8017637189243234,0.812,1.0,0.0,0.669091307502266,0.9167969993062488,0.0,1.0,0.7454960544231788,0.3768063408766531,0.7399626493514351,0.5916385213478037,0.8574990678641013,0.0,0.6820007904923273,0.37845757286190396,0.6580886189483784,0.7609201122495216,0.7926301192792167,0.741278351508148,0.9315370055237563,0.812,0.8988910585553566,0.0,0.812,0.0,0.7465306276920547,0.5926707843242476,0.0,1.0,0.8096754513345388,0.3795226008634867,0.7755928571181975,0.8138943560742229,0.8003290442821378,0.6164822772316365,0.6004981676063645,0.6553775365308747,0.980745680162032,0.812,1.0,0.0,1.0,0.6879764592544539,0.39351732458809163,0.6759628764388714,0.808205333180589,0.6877518679305701,0.7171144286477473,0.6903299218790704,0.7439313763101901,0.9816258012919925,0.812,0.9521774265106405,0.0,0.7732245073143797,0.395230142865112,0.7071050573721223,0.6735100907127871,1.0,0.0,1.0,0.7475069922020416,0.3509204163841194,0.7769098039703835,0.7127350964733026,0.6250542508557371,0.7614620762245224,0.6559523343691274,0.720834634099337,0.918336556838526,0.7256,0.8801252476858629,0.0,0.4186579979499421,0.792114130266911,0.0,0.9994943324540959,0.0,1.0,0.3562367903793599,0.7542126929441024,0.6960672105994365,0.4016,1.0,0.0,0.6390899014672546,0.4367853381772474,0.7348635267591919,0.6396383507394781,0.0,0.0,0.0,0.0,0.0,0.0,0.0,0.0,0.0,0.0,0.0,0.0,0.0,0.0,0.0,0.0,0.0,0.0,0.0,0.0,0.0,0.0,0.0,0.0,0.0,0.0,0.0,0.7632459047906215,0.6514127088363447,1.0,0.9932705776063538,0.4016,0.4016,0.0,0.0,0.7256,0.4133,0.7497284809685595,0.6876265898716917,1.0,1.0,0.4016,0.4016,0.0,0.0,0.7256,0.7256,0.6342006430474264,0.6116988408676026,1.0,0.8797137376487819,0.812,0.4016,0.0,0.0,0.4133,0.4133,0.7292847266096031,0.7335948756998519,1.0,0.9843187424699883,0.812,0.812,0.0,0.0,0.7984931369074427,0.575854049760816,1.0,0.9476761423437651,0.4016,0.812,0.0,0.0,0.745230070629656,0.6547095655781491,1.0,0.96745454054282,0.4016,0.812,0.0,0.0,0.6538324063425451,0.6005917792751536,1.0,0.94803351264431,0.4016,0.0,0.0,0.4133,0.4133,0.6681203025040069,0.6321299124303823,1.0,0.9233239021767916,0.812,0.812,0.0,0.0,0.4133,0.4133,0.677436394423963,0.5880824962486937,1.0,1.0,0.812,0.4016,0.0,0.0,0.4133,0.4133,0.7195996088288816,0.7415204058838755,1.0,1.0,0.4016,0.812,0.0,0.0,0.4133,0.7256,0.6663733526569864,0.7684310959832995,1.0,0.9746226904731607,0.812,0.4016,0.0,0.0,0.7256,0.4133,0.6537113055079194,0.6356178674580407,1.0,0.9141731545184606,0.0,0.7256,0.7256,0.6351960634902634,0.5886034336487772,1.0,0.9792809506389594,0.4016,0.4016,0.0,0.0,0.4133,0.7256,0.7781131986305768,0.6445328951357743,1.0,0.994263693890687,0.812,0.812,0.0,0.0,0.7420398917239037,0.6601907242600085,1.0,0.9781439674905397,0.4016,0.4016,0.0,0.0,0.6420312719146613,0.6835188103835151,1.0,0.9032284262803116,0.812,0.812,0.0,0.0,0.7951263920385189,0.5997722148445781,1.0,1.0,0.4016,0.4016,0.0,0.0,0.7582069934795395,0.5856435616609893,1.0,1.0,0.812,0.812,0.0,0.0,0.6035510617364638,0.7016466121966567,1.0,1.0,0.4016,0.812,0.0,0.0,0.7297962010692146,0.6541817189862267,1.0,0.9897429326899567,0.812,0.812,0.0,0.0,0.7942910471000955,0.7593930819234933,1.0,0.963712231285636,0.812,0.812,0.0,0.0,0.7256,0.7256,0.6343679879136503,0.7155101870063326,1.0,0.9454787820673142,0.812,0.4016,0.0,0.0,0.7133237516624338,0.5968144470705873,1.0,0.9747366737390899,0.4016,0.4016,0.0,0.0,0.4133,0.7256,0.6553398147640348,0.6116516419863286,1.0,0.9587833822729052,0.812,0.4016,0.0,0.0,0.6385228135030594,0.6892177992830898,1.0,0.9687459532213141,0.812,0.812,0.0,0.0,0.7972335274932638,0.6624880647613873,1.0,0.9407748384865243,0.812,0.812,0.0,0.0,0.7405896115321944,0.5816377978535006,1.0,0.9303098354517367,0.812,0.812,0.0,0.0
,123,1.0,0.7206300468857034,0.6055248023854698,0.6590834696903604,0.6858257949843642,0.7691927608653113,0.9478456368463667,0.0,1.0,0.7008142044477372,0.4234148686450009,0.7512253012450402,0.7679723706615673,0.6291674400804105,0.6636265615336046,1.0,0.801,1.0,0.0,1.0,0.7210204978690755,0.3745088759456044,0.8243014360963764,0.8481387093182783,0.6753635402031886,0.6099481470579711,0.7380809497214011,0.7997060286647562,0.9053816584809345,0.4453,0.801,0.9382387186313932,0.0,0.7963327644253708,0.42524608878020786,0.6564982137416163,0.7467735393981605,0.7452294608306402,0.8941261123940113,0.0,0.3546417032640787,0.6922629046307018,0.7131300001876517,1.0,0.41137652911563694,0.801,0.0,0.7786737048628604,0.3997842529252621,0.651268558588036,0.7119041485376123,0.6953421153737842,1.0,0.8631076109123672,0.0,1.0,0.8002710718320106,0.3748470345842596,0.7088670522599219,0.6866867228167108,0.7675302975316656,0.7628337814109043,0.7191341470742412,0.8236111672842491,0.9752705651960574,0.801,0.9366373856076171,0.0,1.0,0.7976054239636889,0.3642589553887573,0.7679750694409615,0.7257405608218946,0.7111240699385644,0.6920079913965,0.7653437093999573,0.6380372546642844,0.894624574322356,0.3923,0.9714284345519056,0.0,1.0,0.6544276909315463,0.3645735468824425,0.7932020157856097,0.6941648936669522,0.6735425156740392,0.7015940444010625,0.9725555342727347,0.3923,0.9848094778028575,0.0,1.0,0.7327716724704109,0.3416714231990149,0.7959284811451435,0.7117920894256691,0.6962749438688458,0.595496881850965,0.7556213929874671,0.971346619389828,0.801,0.9675267108837332,0.0,1.0,0.6822654702245241,0.6009704135215856,0.629306188677042,0.7612783987603036,0.6372037247685323,0.7134,1.0,0.0,1.0,0.7647351143979735,0.678989371305528,0.7757744929403235,0.7276123880147476,0.6097364888317403,0.9891433680382206,0.3923,0.93504658205805,0.0,1.0,0.6297512028986623,0.43450349902650576,0.716807550228026,0.6087510542286861,0.779606089182354,0.6327501731551802,0.8017637189243234,0.801,1.0,0.0,0.669091307502266,0.9167969993062488,0.0,1.0,0.7454960544231788,0.3768063408766531,0.7399626493514351,0.5916385213478037,0.8574990678641013,0.0,0.6820007904923273,0.37845757286190396,0.6580886189483784,0.7609201122495216,0.7926301192792167,0.741278351508148,0.9315370055237563,0.801,0.8988910585553566,0.0,0.801,0.0,0.7465306276920547,0.5926707843242476,0.0,1.0,0.8096754513345388,0.3795226008634867,0.7755928571181975,0.8138943560742229,0.8003290442821378,0.6164822772316365,0.6004981676063645,0.6553775365308747,0.980745680162032,0.801,1.0,0.0,1.0,0.6879764592544539,0.39351732458809163,0.6759628764388714,0.808205333180589,0.6877518679305701,0.7171144286477473,0.6903299218790704,0.7439313763101901,0.9816258012919925,0.801,0.9521774265106405,0.0,0.7732245073143797,0.395230142865112,0.7071050573721223,0.6735100907127871,1.0,0.0,1.0,0.7475069922020416,0.3509204163841194,0.7769098039703835,0.7127350964733026,0.6250542508557371,0.7614620762245224,0.6559523343691274,0.720834634099337,0.918336556838526,0.7134,0.8801252476858629,0.0,0.4186579979499421,0.792114130266911,0.0,0.9994943324540959,0.0,1.0,0.3562367903793599,0.7542126929441024,0.6960672105994365,0.3923,1.0,0.0,0.6390899014672546,0.4367853381772474,0.7348635267591919,0.6396383507394781,0.0,0.0,0.0,0.0,0.0,0.0,0.0,0.0,0.0,0.0,0.0,0.0,0.0,0.0,0.0,0.0,0.0,0.0,0.0,0.0,0.0,0.0,0.0,0.0,0.0,0.0,0.0,0.7632459047906215,0.6514127088363447,1.0,0.9932705776063538,0.3923,0.3923,0.0,0.0,0.7134,0.4453,0.7497284809685595,0.6876265898716917,1.0,1.0,0.3923,0.3923,0.0,0.0,0.7134,0.7134,0.6342006430474264,0.6116988408676026,1.0,0.8797137376487819,0.801,0.3923,0.0,0.0,0.4453,0.4453,0.7292847266096031,0.7335948756998519,1.0,0.9843187424699883,0.801,0.801,0.0,0.0,0.7984931369074427,0.575854049760816,1.0,0.9476761423437651,0.3923,0.801,0.0,0.0,0.745230070629656,0.6547095655781491,1.0,0.96745454054282,0.3923,0.801,0.0,0.0,0.6538324063425451,0.6005917792751536,1.0,0.94803351264431,0.3923,0.0,0.0,0.4453,0.4453,0.6681203025040069,0.6321299124303823,1.0,0.9233239021767916,0.801,0.801,0.0,0.0,0.4453,0.4453,0.677436394423963,0.5880824962486937,1.0,1.0,0.801,0.3923,0.0,0.0,0.4453,0.4453,0.7195996088288816,0.7415204058838755,1.0,1.0,0.3923,0.801,0.0,0.0,0.4453,0.7134,0.6663733526569864,0.7684310959832995,1.0,0.9746226904731607,0.801,0.3923,0.0,0.0,0.7134,0.4453,0.6537113055079194,0.6356178674580407,1.0,0.9141731545184606,0.0,0.7134,0.7134,0.6351960634902634,0.5886034336487772,1.0,0.9792809506389594,0.3923,0.3923,0.0,0.0,0.4453,0.7134,0.7781131986305768,0.6445328951357743,1.0,0.994263693890687,0.801,0.801,0.0,0.0,0.7420398917239037,0.6601907242600085,1.0,0.9781439674905397,0.3923,0.3923,0.0,0.0,0.6420312719146613,0.6835188103835151,1.0,0.9032284262803116,0.801,0.801,0.0,0.0,0.7951263920385189,0.5997722148445781,1.0,1.0,0.3923,0.3923,0.0,0.0,0.7582069934795395,0.5856435616609893,1.0,1.0,0.801,0.801,0.0,0.0,0.6035510617364638,0.7016466121966567,1.0,1.0,0.3923,0.801,0.0,0.0,0.7297962010692146,0.6541817189862267,1.0,0.9897429326899567,0.801,0.801,0.0,0.0,0.7942910471000955,0.7593930819234933,1.0,0.963712231285636,0.801,0.801,0.0,0.0,0.7134,0.7134,0.6343679879136503,0.7155101870063326,1.0,0.9454787820673142,0.801,0.3923,0.0,0.0,0.7133237516624338,0.5968144470705873,1.0,0.9747366737390899,0.3923,0.3923,0.0,0.0,0.4453,0.7134,0.6553398147640348,0.6116516419863286,1.0,0.9587833822729052,0.801,0.3923,0.0,0.0,0.6385228135030594,0.6892177992830898,1.0,0.9687459532213141,0.801,0.801,0.0,0.0,0.7972335274932638,0.6624880647613873,1.0,0.9407748384865243,0.801,0.801,0.0,0.0,0.7405896115321944,0.5816377978535006,1.0,0.9303098354517367,0.801,0.801,0.0,0.0
,124,1.0,0.7206300468857034,0.6055248023854698,0.6590834696903604,0.6858257949843642,0.7691927608653113,0.9478456368463667,0.0,1.0,0.7008142044477372,0.4234148686450009,0.7512253012450402,0.7679723706615673,0.6291674400804105,0.6636265615336046,1.0,0.7793,1.0,0.0,1.0,0.7210204978690755,0.3745088759456044,0.8243014360963764,0.8481387093182783,0.6753635402031886,0.6099481470579711,0.7380809497214011,0.7997060286647562,0.9053816584809345,0.4714,0.7793,0.9382387186313932,0.0,0.7963327644253708,0.42524608878020786,0.6564982137416163,0.7467735393981605,0.7452294608306402,0.8941261123940113,0.0,0.3546417032640787,0.6922629046307018,0.7131300001876517,1.0,0.41137652911563694,0.7793,0.0,0.7786737048628604,0.3997842529252621,0.651268558588036,0.7119041485376123,0.6953421153737842,1.0,0.8631076109123672,0.0,1.0,0.8002710718320106,0.3748470345842596,0.7088670522599219,0.6866867228167108,0.7675302975316656,0.7628337814109043,0.7191341470742412,0.8236111672842491,0.9752705651960574,0.7793,0.9366373856076171,0.0,1.0,0.7976054239636889,0.3642589553887573,0.7679750694409615,0.7257405608218946,0.7111240699385644,0.6920079913965,0.7653437093999573,0.6380372546642844,0.894624574322356,0.384,0.9714284345519056,0.0,1.0,0.6544276909315463,0.3645735468824425,0.7932020157856097,0.6941648936669522,0.6735425156740392,0.7015940444010625,0.9725555342727347,0.384,0.9848094778028575,0.0,1.0,0.7327716724704109,0.3416714231990149,0.7959284811451435,0.7117920894256691,0.6962749438688458,0.595496881850965,0.7556213929874671,0.971346619389828,0.7793,0.9675267108837332,0.0,1.0,0.6822654702245241,0.6009704135215856,0.629306188677042,0.7612783987603036,0.6372037247685323,0.702,1.0,0.0,1.0,0.7647351143979735,0.678989371305528,0.7757744929403235,0.7276123880147476,0.6097364888317403,0.9891433680382206,0.384,0.93504658205805,0.0,1.0,0.6297512028986623,0.43450349902650576,0.716807550228026,0.6087510542286861,0.779606089182354,0.6327501731551802,0.8017637189243234,0.7793,1.0,0.0,0.669091307502266,0.9167969993062488,0.0,1.0,0.7454960544231788,0.3768063408766531,0.7399626493514351,0.5916385213478037,0.8574990678641013,0.0,0.6820007904923273,0.37845757286190396,0.6580886189483784,0.7609201122495216,0.7926301192792167,0.741278351508148,0.9315370055237563,0.7793,0.8988910585553566,0.0,0.7793,0.0,0.7465306276920547,0.5926707843242476,0.0,1.0,0.8096754513345388,0.3795226008634867,0.7755928571181975,0.8138943560742229,0.8003290442821378,0.6164822772316365,0.6004981676063645,0.6553775365308747,0.980745680162032,0.7793,1.0,0.0,1.0,0.6879764592544539,0.39351732458809163,0.6759628764388714,0.808205333180589,0.6877518679305701,0.7171144286477473,0.6903299218790704,0.7439313763101901,0.9816258012919925,0.7793,0.9521774265106405,0.0,0.7732245073143797,0.395230142865112,0.7071050573721223,0.6735100907127871,1.0,0.0,1.0,0.7475069922020416,0.3509204163841194,0.7769098039703835,0.7127350964733026,0.6250542508557371,0.7614620762245224,0.6559523343691274,0.720834634099337,0.918336556838526,0.702,0.8801252476858629,0.0,0.4186579979499421,0.792114130266911,0.0,0.9994943324540959,0.0,1.0,0.3562367903793599,0.7542126929441024,0.6960672105994365,0.384,1.0,0.0,0.6390899014672546,0.4367853381772474,0.7348635267591919,0.6396383507394781,0.0,0.0,0.0,0.0,0.0,0.0,0.0,0.0,0.0,0.0,0.0,0.0,0.0,0.0,0.0,0.0,0.0,0.0,0.0,0.0,0.0,0.0,0.0,0.0,0.0,0.0,0.0,0.7632459047906215,0.6514127088363447,1.0,0.9932705776063538,0.384,0.384,0.0,0.0,0.702,0.4714,0.7497284809685595,0.6876265898716917,1.0,1.0,0.384,0.384,0.0,0.0,0.702,0.702,0.6342006430474264,0.6116988408676026,1.0,0.8797137376487819,0.7793,0.384,0.0,0.0,0.4714,0.4714,0.7292847266096031,0.7335948756998519,1.0,0.9843187424699883,0.7793,0.7793,0.0,0.0,0.7984931369074427,0.575854049760816,1.0,0.9476761423437651,0.384,0.7793,0.0,0.0,0.745230070629656,0.6547095655781491,1.0,0.96745454054282,0.384,0.7793,0.0,0.0,0.6538324063425451,0.6005917792751536,1.0,0.94803351264431,0.384,0.0,0.0,0.4714,0.4714,0.6681203025040069,0.6321299124303823,1.0,0.9233239021767916,0.7793,0.7793,0.0,0.0,0.4714,0.4714,0.677436394423963,0.5880824962486937,1.0,1.0,0.7793,0.384,0.0,0.0,0.4714,0.4714,0.7195996088288816,0.7415204058838755,1.0,1.0,0.384,0.7793,0.0,0.0,0.4714,0.702,0.6663733526569864,0.7684310959832995,1.0,0.9746226904731607,0.7793,0.384,0.0,0.0,0.702,0.4714,0.6537113055079194,0.6356178674580407,1.0,0.9141731545184606,0.0,0.702,0.702,0.6351960634902634,0.5886034336487772,1.0,0.9792809506389594,0.384,0.384,0.0,0.0,0.4714,0.702,0.7781131986305768,0.6445328951357743,1.0,0.994263693890687,0.7793,0.7793,0.0,0.0,0.7420398917239037,0.6601907242600085,1.0,0.9781439674905397,0.384,0.384,0.0,0.0,0.6420312719146613,0.6835188103835151,1.0,0.9032284262803116,0.7793,0.7793,0.0,0.0,0.7951263920385189,0.5997722148445781,1.0,1.0,0.384,0.384,0.0,0.0,0.7582069934795395,0.5856435616609893,1.0,1.0,0.7793,0.7793,0.0,0.0,0.6035510617364638,0.7016466121966567,1.0,1.0,0.384,0.7793,0.0,0.0,0.7297962010692146,0.6541817189862267,1.0,0.9897429326899567,0.7793,0.7793,0.0,0.0,0.7942910471000955,0.7593930819234933,1.0,0.963712231285636,0.7793,0.7793,0.0,0.0,0.702,0.702,0.6343679879136503,0.7155101870063326,1.0,0.9454787820673142,0.7793,0.384,0.0,0.0,0.7133237516624338,0.5968144470705873,1.0,0.9747366737390899,0.384,0.384,0.0,0.0,0.4714,0.702,0.6553398147640348,0.6116516419863286,1.0,0.9587833822729052,0.7793,0.384,0.0,0.0,0.6385228135030594,0.6892177992830898,1.0,0.9687459532213141,0.7793,0.7793,0.0,0.0,0.7972335274932638,0.6624880647613873,1.0,0.9407748384865243,0.7793,0.7793,0.0,0.0,0.7405896115321944,0.5816377978535006,1.0,0.9303098354517367,0.7793,0.7793,0.0,0.0
,125,1.0,0.7206300468857034,0.6055248023854698,0.6590834696903604,0.6858257949843642,0.7691927608653113,0.9478456368463667,0.0,1.0,0.7008142044477372,0.4234148686450009,0.7512253012450402,0.7679723706615673,0.6291674400804105,0.6636265615336046,1.0,0.7573,1.0,0.0,1.0,0.7210204978690755,0.3745088759456044,0.8243014360963764,0.8481387093182783,0.6753635402031886,0.6099481470579711,0.7380809497214011,0.7997060286647562,0.9053816584809345,0.4856,0.7573,0.9382387186313932,0.0,0.7963327644253708,0.42524608878020786,0.6564982137416163,0.7467735393981605,0.7452294608306402,0.8941261123940113,0.0,0.3546417032640787,0.6922629046307018,0.7131300001876517,1.0,0.41137652911563694,0.7573,0.0,0.7786737048628604,0.3997842529252621,0.651268558588036,0.7119041485376123,0.6953421153737842,1.0,0.8631076109123672,0.0,1.0,0.8002710718320106,0.3748470345842596,0.7088670522599219,0.6866867228167108,0.7675302975316656,0.7628337814109043,0.7191341470742412,0.8236111672842491,0.9752705651960574,0.7573,0.9366373856076171,0.0,1.0,0.7976054239636889,0.3642589553887573,0.7679750694409615,0.7257405608218946,0.7111240699385644,0.6920079913965,0.7653437093999573,0.6380372546642844,0.894624574322356,0.3752,0.9714284345519056,0.0,1.0,0.6544276909315463,0.3645735468824425,0.7932020157856097,0.6941648936669522,0.6735425156740392,0.7015940444010625,0.9725555342727347,0.3752,0.9848094778028575,0.0,1.0,0.7327716724704109,0.3416714231990149,0.7959284811451435,0.7117920894256691,0.6962749438688458,0.595496881850965,0.7556213929874671,0.971346619389828,0.7573,0.9675267108837332,0.0,1.0,0.6822654702245241,0.6009704135215856,0.629306188677042,0.7612783987603036,0.6372037247685323,0.699,1.0,0.0,1.0,0.7647351143979735,0.678989371305528,0.7757744929403235,0.7276123880147476,0.6097364888317403,0.9891433680382206,0.3752,0.93504658205805,0.0,1.0,0.6297512028986623,0.43450349902650576,0.716807550228026,0.6087510542286861,0.779606089182354,0.6327501731551802,0.8017637189243234,0.7573,1.0,0.0,0.669091307502266,0.9167969993062488,0.0,1.0,0.7454960544231788,0.3768063408766531,0.7399626493514351,0.5916385213478037,0.8574990678641013,0.0,0.6820007904923273,0.37845757286190396,0.6580886189483784,0.7609201122495216,0.7926301192792167,0.741278351508148,0.9315370055237563,0.7573,0.8988910585553566,0.0,0.7573,0.0,0.7465306276920547,0.5926707843242476,0.0,1.0,0.8096754513345388,0.3795226008634867,0.7755928571181975,0.8138943560742229,0.8003290442821378,0.6164822772316365,0.6004981676063645,0.6553775365308747,0.980745680162032,0.7573,1.0,0.0,1.0,0.6879764592544539,0.39351732458809163,0.6759628764388714,0.808205333180589,0.6877518679305701,0.7171144286477473,0.6903299218790704,0.7439313763101901,0.9816258012919925,0.7573,0.9521774265106405,0.0,0.7732245073143797,0.395230142865112,0.7071050573721223,0.6735100907127871,1.0,0.0,1.0,0.7475069922020416,0.3509204163841194,0.7769098039703835,0.7127350964733026,0.6250542508557371,0.7614620762245224,0.6559523343691274,0.720834634099337,0.918336556838526,0.699,0.8801252476858629,0.0,0.4186579979499421,0.792114130266911,0.0,0.9994943324540959,0.0,1.0,0.3562367903793599,0.7542126929441024,0.6960672105994365,0.3752,1.0,0.0,0.6390899014672546,0.4367853381772474,0.7348635267591919,0.6396383507394781,0.0,0.0,0.0,0.0,0.0,0.0,0.0,0.0,0.0,0.0,0.0,0.0,0.0,0.0,0.0,0.0,0.0,0.0,0.0,0.0,0.0,0.0,0.0,0.0,0.0,0.0,0.0,0.7632459047906215,0.6514127088363447,1.0,0.9932705776063538,0.3752,0.3752,0.0,0.0,0.699,0.4856,0.7497284809685595,0.6876265898716917,1.0,1.0,0.3752,0.3752,0.0,0.0,0.699,0.699,0.6342006430474264,0.6116988408676026,1.0,0.8797137376487819,0.7573,0.3752,0.0,0.0,0.4856,0.4856,0.7292847266096031,0.7335948756998519,1.0,0.9843187424699883,0.7573,0.7573,0.0,0.0,0.7984931369074427,0.575854049760816,1.0,0.9476761423437651,0.3752,0.7573,0.0,0.0,0.745230070629656,0.6547095655781491,1.0,0.96745454054282,0.3752,0.7573,0.0,0.0,0.6538324063425451,0.6005917792751536,1.0,0.94803351264431,0.3752,0.0,0.0,0.4856,0.4856,0.6681203025040069,0.6321299124303823,1.0,0.9233239021767916,0.7573,0.7573,0.0,0.0,0.4856,0.4856,0.677436394423963,0.5880824962486937,1.0,1.0,0.7573,0.3752,0.0,0.0,0.4856,0.4856,0.7195996088288816,0.7415204058838755,1.0,1.0,0.3752,0.7573,0.0,0.0,0.4856,0.699,0.6663733526569864,0.7684310959832995,1.0,0.9746226904731607,0.7573,0.3752,0.0,0.0,0.699,0.4856,0.6537113055079194,0.6356178674580407,1.0,0.9141731545184606,0.0,0.699,0.699,0.6351960634902634,0.5886034336487772,1.0,0.9792809506389594,0.3752,0.3752,0.0,0.0,0.4856,0.699,0.7781131986305768,0.6445328951357743,1.0,0.994263693890687,0.7573,0.7573,0.0,0.0,0.7420398917239037,0.6601907242600085,1.0,0.9781439674905397,0.3752,0.3752,0.0,0.0,0.6420312719146613,0.6835188103835151,1.0,0.9032284262803116,0.7573,0.7573,0.0,0.0,0.7951263920385189,0.5997722148445781,1.0,1.0,0.3752,0.3752,0.0,0.0,0.7582069934795395,0.5856435616609893,1.0,1.0,0.7573,0.7573,0.0,0.0,0.6035510617364638,0.7016466121966567,1.0,1.0,0.3752,0.7573,0.0,0.0,0.7297962010692146,0.6541817189862267,1.0,0.9897429326899567,0.7573,0.7573,0.0,0.0,0.7942910471000955,0.7593930819234933,1.0,0.963712231285636,0.7573,0.7573,0.0,0.0,0.699,0.699,0.6343679879136503,0.7155101870063326,1.0,0.9454787820673142,0.7573,0.3752,0.0,0.0,0.7133237516624338,0.5968144470705873,1.0,0.9747366737390899,0.3752,0.3752,0.0,0.0,0.4856,0.699,0.6553398147640348,0.6116516419863286,1.0,0.9587833822729052,0.7573,0.3752,0.0,0.0,0.6385228135030594,0.6892177992830898,1.0,0.9687459532213141,0.7573,0.7573,0.0,0.0,0.7972335274932638,0.6624880647613873,1.0,0.9407748384865243,0.7573,0.7573,0.0,0.0,0.7405896115321944,0.5816377978535006,1.0,0.9303098354517367,0.7573,0.7573,0.0,0.0
,126,1.0,0.7206300468857034,0.6055248023854698,0.6590834696903604,0.6858257949843642,0.7691927608653113,0.9478456368463667,0.0,1.0,0.7008142044477372,0.4234148686450009,0.7512253012450402,0.7679723706615673,0.6291674400804105,0.6636265615336046,1.0,0.734,1.0,0.0,1.0,0.7210204978690755,0.3745088759456044,0.8243014360963764,0.8481387093182783,0.6753635402031886,0.6099481470579711,0.7380809497214011,0.7997060286647562,0.9053816584809345,0.487,0.734,0.9382387186313932,0.0,0.7963327644253708,0.42524608878020786,0.6564982137416163,0.7467735393981605,0.7452294608306402,0.8941261123940113,0.0,0.3546417032640787,0.6922629046307018,0.7131300001876517,1.0,0.41137652911563694,0.734,0.0,0.7786737048628604,0.3997842529252621,0.651268558588036,0.7119041485376123,0.6953421153737842,1.0,0.8631076109123672,0.0,1.0,0.8002710718320106,0.3748470345842596,0.7088670522599219,0.6866867228167108,0.7675302975316656,0.7628337814109043,0.7191341470742412,0.8236111672842491,0.9752705651960574,0.734,0.9366373856076171,0.0,1.0,0.7976054239636889,0.3642589553887573,0.7679750694409615,0.7257405608218946,0.7111240699385644,0.6920079913965,0.7653437093999573,0.6380372546642844,0.894624574322356,0.3691,0.9714284345519056,0.0,1.0,0.6544276909315463,0.3645735468824425,0.7932020157856097,0.6941648936669522,0.6735425156740392,0.7015940444010625,0.9725555342727347,0.3691,0.9848094778028575,0.0,1.0,0.7327716724704109,0.3416714231990149,0.7959284811451435,0.7117920894256691,0.6962749438688458,0.595496881850965,0.7556213929874671,0.971346619389828,0.734,0.9675267108837332,0.0,1.0,0.6822654702245241,0.6009704135215856,0.629306188677042,0.7612783987603036,0.6372037247685323,0.695,1.0,0.0,1.0,0.7647351143979735,0.678989371305528,0.7757744929403235,0.7276123880147476,0.6097364888317403,0.9891433680382206,0.3691,0.93504658205805,0.0,1.0,0.6297512028986623,0.43450349902650576,0.716807550228026,0.6087510542286861,0.779606089182354,0.6327501731551802,0.8017637189243234,0.734,1.0,0.0,0.669091307502266,0.9167969993062488,0.0,1.0,0.7454960544231788,0.3768063408766531,0.7399626493514351,0.5916385213478037,0.8574990678641013,0.0,0.6820007904923273,0.37845757286190396,0.6580886189483784,0.7609201122495216,0.7926301192792167,0.741278351508148,0.9315370055237563,0.734,0.8988910585553566,0.0,0.734,0.0,0.7465306276920547,0.5926707843242476,0.0,1.0,0.8096754513345388,0.3795226008634867,0.7755928571181975,0.8138943560742229,0.8003290442821378,0.6164822772316365,0.6004981676063645,0.6553775365308747,0.980745680162032,0.734,1.0,0.0,1.0,0.6879764592544539,0.39351732458809163,0.6759628764388714,0.808205333180589,0.6877518679305701,0.7171144286477473,0.6903299218790704,0.7439313763101901,0.9816258012919925,0.734,0.9521774265106405,0.0,0.7732245073143797,0.395230142865112,0.7071050573721223,0.6735100907127871,1.0,0.0,1.0,0.7475069922020416,0.3509204163841194,0.7769098039703835,0.7127350964733026,0.6250542508557371,0.7614620762245224,0.6559523343691274,0.720834634099337,0.918336556838526,0.695,0.8801252476858629,0.0,0.4186579979499421,0.792114130266911,0.0,0.9994943324540959,0.0,1.0,0.3562367903793599,0.7542126929441024,0.6960672105994365,0.3691,1.0,0.0,0.6390899014672546,0.4367853381772474,0.7348635267591919,0.6396383507394781,0.0,0.0,0.0,0.0,0.0,0.0,0.0,0.0,0.0,0.0,0.0,0.0,0.0,0.0,0.0,0.0,0.0,0.0,0.0,0.0,0.0,0.0,0.0,0.0,0.0,0.0,0.0,0.7632459047906215,0.6514127088363447,1.0,0.9932705776063538,0.3691,0.3691,0.0,0.0,0.695,0.487,0.7497284809685595,0.6876265898716917,1.0,1.0,0.3691,0.3691,0.0,0.0,0.695,0.695,0.6342006430474264,0.6116988408676026,1.0,0.8797137376487819,0.734,0.3691,0.0,0.0,0.487,0.487,0.7292847266096031,0.7335948756998519,1.0,0.9843187424699883,0.734,0.734,0.0,0.0,0.7984931369074427,0.575854049760816,1.0,0.9476761423437651,0.3691,0.734,0.0,0.0,0.745230070629656,0.6547095655781491,1.0,0.96745454054282,0.3691,0.734,0.0,0.0,0.6538324063425451,0.6005917792751536,1.0,0.94803351264431,0.3691,0.0,0.0,0.487,0.487,0.6681203025040069,0.6321299124303823,1.0,0.9233239021767916,0.734,0.734,0.0,0.0,0.487,0.487,0.677436394423963,0.5880824962486937,1.0,1.0,0.734,0.3691,0.0,0.0,0.487,0.487,0.7195996088288816,0.7415204058838755,1.0,1.0,0.3691,0.734,0.0,0.0,0.487,0.695,0.6663733526569864,0.7684310959832995,1.0,0.9746226904731607,0.734,0.3691,0.0,0.0,0.695,0.487,0.6537113055079194,0.6356178674580407,1.0,0.9141731545184606,0.0,0.695,0.695,0.6351960634902634,0.5886034336487772,1.0,0.9792809506389594,0.3691,0.3691,0.0,0.0,0.487,0.695,0.7781131986305768,0.6445328951357743,1.0,0.994263693890687,0.734,0.734,0.0,0.0,0.7420398917239037,0.6601907242600085,1.0,0.9781439674905397,0.3691,0.3691,0.0,0.0,0.6420312719146613,0.6835188103835151,1.0,0.9032284262803116,0.734,0.734,0.0,0.0,0.7951263920385189,0.5997722148445781,1.0,1.0,0.3691,0.3691,0.0,0.0,0.7582069934795395,0.5856435616609893,1.0,1.0,0.734,0.734,0.0,0.0,0.6035510617364638,0.7016466121966567,1.0,1.0,0.3691,0.734,0.0,0.0,0.7297962010692146,0.6541817189862267,1.0,0.9897429326899567,0.734,0.734,0.0,0.0,0.7942910471000955,0.7593930819234933,1.0,0.963712231285636,0.734,0.734,0.0,0.0,0.695,0.695,0.6343679879136503,0.7155101870063326,1.0,0.9454787820673142,0.734,0.3691,0.0,0.0,0.7133237516624338,0.5968144470705873,1.0,0.9747366737390899,0.3691,0.3691,0.0,0.0,0.487,0.695,0.6553398147640348,0.6116516419863286,1.0,0.9587833822729052,0.734,0.3691,0.0,0.0,0.6385228135030594,0.6892177992830898,1.0,0.9687459532213141,0.734,0.734,0.0,0.0,0.7972335274932638,0.6624880647613873,1.0,0.9407748384865243,0.734,0.734,0.0,0.0,0.7405896115321944,0.5816377978535006,1.0,0.9303098354517367,0.734,0.734,0.0,0.0
,127,1.0,0.7206300468857034,0.6055248023854698,0.6590834696903604,0.6858257949843642,0.7691927608653113,0.9478456368463667,0.0,1.0,0.7008142044477372,0.4234148686450009,0.7512253012450402,0.7679723706615673,0.6291674400804105,0.6636265615336046,1.0,0.7134,1.0,0.0,1.0,0.7210204978690755,0.3745088759456044,0.8243014360963764,0.8481387093182783,0.6753635402031886,0.6099481470579711,0.7380809497214011,0.7997060286647562,0.9053816584809345,0.5034,0.7134,0.9382387186313932,0.000603,0.7963327644253708,0.42524608878020786,0.6564982137416163,0.7467735393981605,0.7452294608306402,0.8941261123940113,0.000603,0.3546417032640787,0.6922629046307018,0.7131300001876517,1.0,0.41137652911563694,0.7134,0.000603,0.7786737048628604,0.3997842529252621,0.651268558588036,0.7119041485376123,0.6953421153737842,1.0,0.8631076109123672,0.000603,1.0,0.8002710718320106,0.3748470345842596,0.7088670522599219,0.6866867228167108,0.7675302975316656,0.7628337814109043,0.7191341470742412,0.8236111672842491,0.9752705651960574,0.7134,0.9366373856076171,0.0,1.0,0.7976054239636889,0.3642589553887573,0.7679750694409615,0.7257405608218946,0.7111240699385644,0.6920079913965,0.7653437093999573,0.6380372546642844,0.894624574322356,0.363,0.9714284345519056,0.000603,1.0,0.6544276909315463,0.3645735468824425,0.7932020157856097,0.6941648936669522,0.6735425156740392,0.7015940444010625,0.9725555342727347,0.363,0.9848094778028575,0.000603,1.0,0.7327716724704109,0.3416714231990149,0.7959284811451435,0.7117920894256691,0.6962749438688458,0.595496881850965,0.7556213929874671,0.971346619389828,0.7134,0.9675267108837332,0.000603,1.0,0.6822654702245241,0.6009704135215856,0.629306188677042,0.7612783987603036,0.6372037247685323,0.698,1.0,0.000603,1.0,0.7647351143979735,0.678989371305528,0.7757744929403235,0.7276123880147476,0.6097364888317403,0.9891433680382206,0.363,0.93504658205805,0.000603,1.0,0.6297512028986623,0.43450349902650576,0.716807550228026,0.6087510542286861,0.779606089182354,0.6327501731551802,0.8017637189243234,0.7134,1.0,0.000603,0.669091307502266,0.9167969993062488,0.0,1.0,0.7454960544231788,0.3768063408766531,0.7399626493514351,0.5916385213478037,0.8574990678641013,0.000603,0.6820007904923273,0.37845757286190396,0.6580886189483784,0.7609201122495216,0.7926301192792167,0.741278351508148,0.9315370055237563,0.7134,0.8988910585553566,0.000603,0.7134,0.0,0.7465306276920547,0.5926707843242476,0.0,1.0,0.8096754513345388,0.3795226008634867,0.7755928571181975,0.8138943560742229,0.8003290442821378,0.6164822772316365,0.6004981676063645,0.6553775365308747,0.980745680162032,0.7134,1.0,0.000603,1.0,0.6879764592544539,0.39351732458809163,0.6759628764388714,0.808205333180589,0.6877518679305701,0.7171144286477473,0.6903299218790704,0.7439313763101901,0.9816258012919925,0.7134,0.9521774265106405,0.000603,0.7732245073143797,0.395230142865112,0.7071050573721223,0.6735100907127871,1.0,0.0,1.0,0.7475069922020416,0.3509204163841194,0.7769098039703835,0.7127350964733026,0.6250542508557371,0.7614620762245224,0.6559523343691274,0.720834634099337,0.918336556838526,0.698,0.8801252476858629,0.000603,0.4186579979499421,0.792114130266911,0.000603,0.9994943324540959,0.0,1.0,0.3562367903793599,0.7542126929441024,0.6960672105994365,0.363,1.0,0.0,0.6390899014672546,0.4367853381772474,0.7348635267591919,0.6396383507394781,0.0,0.00047481214345356567,0.0,0.0,0.0,0.0004884444289309219,0.0,0.0,0.00047826149252120753,0.00048382167350646815,0.0,0.00047221593431491906,0.00047788834308979517,0.0,0.0,0.0,0.0004828439585787677,0.0,0.0,0.0,0.00047570513750766193,0.0,0.00046848223947428675,0.0,0.0004888152575189986,0.0,0.0004956482909613886,0.7632459047906215,0.6514127088363447,1.0,0.9932705776063538,0.363,0.363,0.0,0.0,0.698,0.5034,0.7497284809685595,0.6876265898716917,1.0,1.0,0.363,0.363,0.000603,0.0,0.698,0.698,0.6342006430474264,0.6116988408676026,1.0,0.8797137376487819,0.7134,0.363,0.0,0.0,0.5034,0.5034,0.7292847266096031,0.7335948756998519,1.0,0.9843187424699883,0.7134,0.7134,0.0,0.000603,0.7984931369074427,0.575854049760816,1.0,0.9476761423437651,0.363,0.7134,0.0,0.0,0.745230070629656,0.6547095655781491,1.0,0.96745454054282,0.363,0.7134,0.0,0.0,0.6538324063425451,0.6005917792751536,1.0,0.94803351264431,0.363,0.000603,0.000603,0.5034,0.5034,0.6681203025040069,0.6321299124303823,1.0,0.9233239021767916,0.7134,0.7134,0.0,0.000603,0.5034,0.5034,0.677436394423963,0.5880824962486937,1.0,1.0,0.7134,0.363,0.000603,0.0,0.5034,0.5034,0.7195996088288816,0.7415204058838755,1.0,1.0,0.363,0.7134,0.000603,0.0,0.5034,0.698,0.6663733526569864,0.7684310959832995,1.0,0.9746226904731607,0.7134,0.363,0.0,0.0,0.698,0.5034,0.6537113055079194,0.6356178674580407,1.0,0.9141731545184606,0.0,0.698,0.698,0.6351960634902634,0.5886034336487772,1.0,0.9792809506389594,0.363,0.363,0.000603,0.0,0.5034,0.698,0.7781131986305768,0.6445328951357743,1.0,0.994263693890687,0.7134,0.7134,0.0,0.000603,0.7420398917239037,0.6601907242600085,1.0,0.9781439674905397,0.363,0.363,0.0,0.000603,0.6420312719146613,0.6835188103835151,1.0,0.9032284262803116,0.7134,0.7134,0.0,0.000603,0.7951263920385189,0.5997722148445781,1.0,1.0,0.363,0.363,0.0,0.000603,0.7582069934795395,0.5856435616609893,1.0,1.0,0.7134,0.7134,0.0,0.000603,0.6035510617364638,0.7016466121966567,1.0,1.0,0.363,0.7134,0.0,0.000603,0.7297962010692146,0.6541817189862267,1.0,0.9897429326899567,0.7134,0.7134,0.0,0.000603,0.7942910471000955,0.7593930819234933,1.0,0.963712231285636,0.7134,0.7134,0.0,0.000603,0.698,0.698,0.6343679879136503,0.7155101870063326,1.0,0.9454787820673142,0.7134,0.363,0.0,0.0,0.7133237516624338,0.5968144470705873,1.0,0.9747366737390899,0.363,0.363,0.0,0.000603,0.5034,0.698,0.6553398147640348,0.6116516419863286,1.0,0.9587833822729052,0.7134,0.363,0.000603,0.0,0.6385228135030594,0.6892177992830898,1.0,0.9687459532213141,0.7134,0.7134,0.000603,0.000603,0.7972335274932638,0.6624880647613873,1.0,0.9407748384865243,0.7134,0.7134,0.000603,0.0,0.7405896115321944,0.5816377978535006,1.0,0.9303098354517367,0.7134,0.7134,0.000603,0.0
,128,1.0,0.7206300468857034,0.6055248023854698,0.6590834696903604,0.6858257949843642,0.7691927608653113,0.9478456368463667,0.02524,1.0,0.7008142044477372,0.4234148686450009,0.7512253012450402,0.7679723706615673,0.6291674400804105,0.6636265615336046,1.0,0.677,1.0,0.02524,1.0,0.7210204978690755,0.3745088759456044,0.8243014360963764,0.8481387093182783,0.6753635402031886,0.6099481470579711,0.7380809497214011,0.7997060286647562,0.9053816584809345,0.51,0.677,0.9382387186313932,0.1329,0.7963327644253708,0.42524608878020786,0.6564982137416163,0.7467735393981605,0.7452294608306402,0.8941261123940113,0.1329,0.3546417032640787,0.6922629046307018,0.7131300001876517,1.0,0.41137652911563694,0.677,0.1329,0.7786737048628604,0.3997842529252621,0.651268558588036,0.7119041485376123,0.6953421153737842,1.0,0.8631076109123672,0.1329,1.0,0.8002710718320106,0.3748470345842596,0.7088670522599219,0.6866867228167108,0.7675302975316656,0.7628337814109043,0.7191341470742412,0.8236111672842491,0.9752705651960574,0.677,0.9366373856076171,0.02524,1.0,0.7976054239636889,0.3642589553887573,0.7679750694409615,0.7257405608218946,0.7111240699385644,0.6920079913965,0.7653437093999573,0.6380372546642844,0.894624574322356,0.3164,0.9714284345519056,0.1329,1.0,0.6544276909315463,0.3645735468824425,0.7932020157856097,0.6941648936669522,0.6735425156740392,0.7015940444010625,0.9725555342727347,0.3164,0.9848094778028575,0.1329,1.0,0.7327716724704109,0.3416714231990149,0.7959284811451435,0.7117920894256691,0.6962749438688458,0.595496881850965,0.7556213929874671,0.971346619389828,0.677,0.9675267108837332,0.1329,1.0,0.6822654702245241,0.6009704135215856,0.629306188677042,0.7612783987603036,0.6372037247685323,0.6875,1.0,0.1329,1.0,0.7647351143979735,0.678989371305528,0.7757744929403235,0.7276123880147476,0.6097364888317403,0.9891433680382206,0.3164,0.93504658205805,0.1329,1.0,0.6297512028986623,0.43450349902650576,0.716807550228026,0.6087510542286861,0.779606089182354,0.6327501731551802,0.8017637189243234,0.677,1.0,0.1329,0.669091307502266,0.9167969993062488,0.02524,1.0,0.7454960544231788,0.3768063408766531,0.7399626493514351,0.5916385213478037,0.8574990678641013,0.1329,0.6820007904923273,0.37845757286190396,0.6580886189483784,0.7609201122495216,0.7926301192792167,0.741278351508148,0.9315370055237563,0.677,0.8988910585553566,0.1329,0.677,0.02524,0.7465306276920547,0.5926707843242476,0.02524,1.0,0.8096754513345388,0.3795226008634867,0.7755928571181975,0.8138943560742229,0.8003290442821378,0.6164822772316365,0.6004981676063645,0.6553775365308747,0.980745680162032,0.677,1.0,0.1329,1.0,0.6879764592544539,0.39351732458809163,0.6759628764388714,0.808205333180589,0.6877518679305701,0.7171144286477473,0.6903299218790704,0.7439313763101901,0.9816258012919925,0.677,0.9521774265106405,0.1329,0.7732245073143797,0.395230142865112,0.7071050573721223,0.6735100907127871,1.0,0.02524,1.0,0.7475069922020416,0.3509204163841194,0.7769098039703835,0.7127350964733026,0.6250542508557371,0.7614620762245224,0.6559523343691274,0.720834634099337,0.918336556838526,0.6875,0.8801252476858629,0.1329,0.4186579979499421,0.792114130266911,0.1329,0.9994943324540959,0.02524,1.0,0.3562367903793599,0.7542126929441024,0.6960672105994365,0.3164,1.0,0.02524,0.6390899014672546,0.4367853381772474,0.7348635267591919,0.6396383507394781,0.020599334063660733,0.10464765151737791,0.019598197604440974,0.02016618116884098,0.019923380302888608,0.10765218010766088,0.020691093954815176,0.0201670309545288,0.10540788118750992,0.10663333401162456,0.01963604422723189,0.10407545218980555,0.10532563979541257,0.0202133583735975,0.02023703363021503,0.01978713359632422,0.10641784758726072,0.019629753088917005,0.020295898388678003,0.020332458277508774,0.10484446562979813,0.02058476727098967,0.10325255327716866,0.020163792486318964,0.10773390999050567,0.02055403189582757,0.10923989696313191,0.7632459047906215,0.6514127088363447,1.0,0.9932705776063538,0.3164,0.3164,0.02524,0.02524,0.6875,0.51,0.7497284809685595,0.6876265898716917,1.0,1.0,0.3164,0.3164,0.1329,0.02524,0.6875,0.6875,0.6342006430474264,0.6116988408676026,1.0,0.8797137376487819,0.677,0.3164,0.02524,0.02524,0.51,0.51,0.7292847266096031,0.7335948756998519,1.0,0.9843187424699883,0.677,0.677,0.02524,0.1329,0.7984931369074427,0.575854049760816,1.0,0.9476761423437651,0.3164,0.677,0.02524,0.02524,0.745230070629656,0.6547095655781491,1.0,0.96745454054282,0.3164,0.677,0.02524,0.02524,0.6538324063425451,0.6005917792751536,1.0,0.94803351264431,0.3164,0.1329,0.1329,0.51,0.51,0.6681203025040069,0.6321299124303823,1.0,0.9233239021767916,0.677,0.677,0.02524,0.1329,0.51,0.51,0.677436394423963,0.5880824962486937,1.0,1.0,0.677,0.3164,0.1329,0.02524,0.51,0.51,0.7195996088288816,0.7415204058838755,1.0,1.0,0.3164,0.677,0.1329,0.02524,0.51,0.6875,0.6663733526569864,0.7684310959832995,1.0,0.9746226904731607,0.677,0.3164,0.02524,0.02524,0.6875,0.51,0.6537113055079194,0.6356178674580407,1.0,0.9141731545184606,0.02524,0.6875,0.6875,0.6351960634902634,0.5886034336487772,1.0,0.9792809506389594,0.3164,0.3164,0.1329,0.02524,0.51,0.6875,0.7781131986305768,0.6445328951357743,1.0,0.994263693890687,0.677,0.677,0.02524,0.1329,0.7420398917239037,0.6601907242600085,1.0,0.9781439674905397,0.3164,0.3164,0.02524,0.1329,0.6420312719146613,0.6835188103835151,1.0,0.9032284262803116,0.677,0.677,0.02524,0.1329,0.7951263920385189,0.5997722148445781,1.0,1.0,0.3164,0.3164,0.02524,0.1329,0.7582069934795395,0.5856435616609893,1.0,1.0,0.677,0.677,0.02524,0.1329,0.6035510617364638,0.7016466121966567,1.0,1.0,0.3164,0.677,0.02524,0.1329,0.7297962010692146,0.6541817189862267,1.0,0.9897429326899567,0.677,0.677,0.02524,0.1329,0.7942910471000955,0.7593930819234933,1.0,0.963712231285636,0.677,0.677,0.02524,0.1329,0.6875,0.6875,0.6343679879136503,0.7155101870063326,1.0,0.9454787820673142,0.677,0.3164,0.02524,0.02524,0.7133237516624338,0.5968144470705873,1.0,0.9747366737390899,0.3164,0.3164,0.02524,0.1329,0.51,0.6875,0.6553398147640348,0.6116516419863286,1.0,0.9587833822729052,0.677,0.3164,0.1329,0.02524,0.6385228135030594,0.6892177992830898,1.0,0.9687459532213141,0.677,0.677,0.1329,0.1329,0.7972335274932638,0.6624880647613873,1.0,0.9407748384865243,0.677,0.677,0.1329,0.02524,0.7405896115321944,0.5816377978535006,1.0,0.9303098354517367,0.677,0.677,0.1329,0.02524
,129,1.0,0.7206300468857034,0.6055248023854698,0.6590834696903604,0.6858257949843642,0.7691927608653113,0.9478456368463667,0.1067,1.0,0.7008142044477372,0.4234148686450009,0.7512253012450402,0.7679723706615673,0.6291674400804105,0.6636265615336046,1.0,0.5215,1.0,0.1067,1.0,0.7210204978690755,0.3745088759456044,0.8243014360963764,0.8481387093182783,0.6753635402031886,0.6099481470579711,0.7380809497214011,0.7997060286647562,0.9053816584809345,0.4993,0.5215,0.9382387186313932,0.3962,0.7963327644253708,0.42524608878020786,0.6564982137416163,0.7467735393981605,0.7452294608306402,0.8941261123940113,0.3962,0.3546417032640787,0.6922629046307018,0.7131300001876517,1.0,0.41137652911563694,0.5215,0.3962,0.7786737048628604,0.3997842529252621,0.651268558588036,0.7119041485376123,0.6953421153737842,1.0,0.8631076109123672,0.3962,1.0,0.8002710718320106,0.3748470345842596,0.7088670522599219,0.6866867228167108,0.7675302975316656,0.7628337814109043,0.7191341470742412,0.8236111672842491,0.9752705651960574,0.5215,0.9366373856076171,0.1067,1.0,0.7976054239636889,0.3642589553887573,0.7679750694409615,0.7257405608218946,0.7111240699385644,0.6920079913965,0.7653437093999573,0.6380372546642844,0.894624574322356,0.2238,0.9714284345519056,0.3962,1.0,0.6544276909315463,0.3645735468824425,0.7932020157856097,0.6941648936669522,0.6735425156740392,0.7015940444010625,0.9725555342727347,0.2238,0.9848094778028575,0.3962,1.0,0.7327716724704109,0.3416714231990149,0.7959284811451435,0.7117920894256691,0.6962749438688458,0.595496881850965,0.7556213929874671,0.971346619389828,0.5215,0.9675267108837332,0.3962,1.0,0.6822654702245241,0.6009704135215856,0.629306188677042,0.7612783987603036,0.6372037247685323,0.661,1.0,0.3962,1.0,0.7647351143979735,0.678989371305528,0.7757744929403235,0.7276123880147476,0.6097364888317403,0.9891433680382206,0.2238,0.93504658205805,0.3962,1.0,0.6297512028986623,0.43450349902650576,0.716807550228026,0.6087510542286861,0.779606089182354,0.6327501731551802,0.8017637189243234,0.5215,1.0,0.3962,0.669091307502266,0.9167969993062488,0.1067,1.0,0.7454960544231788,0.3768063408766531,0.7399626493514351,0.5916385213478037,0.8574990678641013,0.3962,0.6820007904923273,0.37845757286190396,0.6580886189483784,0.7609201122495216,0.7926301192792167,0.741278351508148,0.9315370055237563,0.5215,0.8988910585553566,0.3962,0.5215,0.1067,0.7465306276920547,0.5926707843242476,0.1067,1.0,0.8096754513345388,0.3795226008634867,0.7755928571181975,0.8138943560742229,0.8003290442821378,0.6164822772316365,0.6004981676063645,0.6553775365308747,0.980745680162032,0.5215,1.0,0.3962,1.0,0.6879764592544539,0.39351732458809163,0.6759628764388714,0.808205333180589,0.6877518679305701,0.7171144286477473,0.6903299218790704,0.7439313763101901,0.9816258012919925,0.5215,0.9521774265106405,0.3962,0.7732245073143797,0.395230142865112,0.7071050573721223,0.6735100907127871,1.0,0.1067,1.0,0.7475069922020416,0.3509204163841194,0.7769098039703835,0.7127350964733026,0.6250542508557371,0.7614620762245224,0.6559523343691274,0.720834634099337,0.918336556838526,0.661,0.8801252476858629,0.3962,0.4186579979499421,0.792114130266911,0.3962,0.9994943324540959,0.1067,1.0,0.3562367903793599,0.7542126929441024,0.6960672105994365,0.2238,1.0,0.1067,0.6390899014672546,0.4367853381772474,0.7348635267591919,0.6396383507394781,0.08708197086341522,0.3119744133272019,0.08284974977788637,0.08525085303943472,0.08422443257996096,0.32093148050154435,0.08746987816873135,0.08525444543772674,0.3142408015537354,0.3178941078661073,0.08300974322684797,0.3102685790639651,0.3139956244314707,0.08545029074733967,0.08555037592487891,0.08364846096385874,0.31725170213749215,0.08298314796305248,0.08579922179365859,0.08595377568186158,0.31256115336738916,0.08702039095937392,0.3078153619895728,0.08524075508281431,0.32117513271812154,0.08689045971809832,0.32566476430995384,0.7632459047906215,0.6514127088363447,1.0,0.9932705776063538,0.2238,0.2238,0.1067,0.1067,0.661,0.4993,0.7497284809685595,0.6876265898716917,1.0,1.0,0.2238,0.2238,0.3962,0.1067,0.661,0.661,0.6342006430474264,0.6116988408676026,1.0,0.8797137376487819,0.5215,0.2238,0.1067,0.1067,0.4993,0.4993,0.7292847266096031,0.7335948756998519,1.0,0.9843187424699883,0.5215,0.5215,0.1067,0.3962,0.7984931369074427,0.575854049760816,1.0,0.9476761423437651,0.2238,0.5215,0.1067,0.1067,0.745230070629656,0.6547095655781491,1.0,0.96745454054282,0.2238,0.5215,0.1067,0.1067,0.6538324063425451,0.6005917792751536,1.0,0.94803351264431,0.2238,0.3962,0.3962,0.4993,0.4993,0.6681203025040069,0.6321299124303823,1.0,0.9233239021767916,0.5215,0.5215,0.1067,0.3962,0.4993,0.4993,0.677436394423963,0.5880824962486937,1.0,1.0,0.5215,0.2238,0.3962,0.1067,0.4993,0.4993,0.7195996088288816,0.7415204058838755,1.0,1.0,0.2238,0.5215,0.3962,0.1067,0.4993,0.661,0.6663733526569864,0.7684310959832995,1.0,0.9746226904731607,0.5215,0.2238,0.1067,0.1067,0.661,0.4993,0.6537113055079194,0.6356178674580407,1.0,0.9141731545184606,0.1067,0.661,0.661,0.6351960634902634,0.5886034336487772,1.0,0.9792809506389594,0.2238,0.2238,0.3962,0.1067,0.4993,0.661,0.7781131986305768,0.6445328951357743,1.0,0.994263693890687,0.5215,0.5215,0.1067,0.3962,0.7420398917239037,0.6601907242600085,1.0,0.9781439674905397,0.2238,0.2238,0.1067,0.3962,0.6420312719146613,0.6835188103835151,1.0,0.9032284262803116,0.5215,0.5215,0.1067,0.3962,0.7951263920385189,0.5997722148445781,1.0,1.0,0.2238,0.2238,0.1067,0.3962,0.7582069934795395,0.5856435616609893,1.0,1.0,0.5215,0.5215,0.1067,0.3962,0.6035510617364638,0.7016466121966567,1.0,1.0,0.2238,0.5215,0.1067,0.3962,0.7297962010692146,0.6541817189862267,1.0,0.9897429326899567,0.5215,0.5215,0.1067,0.3962,0.7942910471000955,0.7593930819234933,1.0,0.963712231285636,0.5215,0.5215,0.1067,0.3962,0.661,0.661,0.6343679879136503,0.7155101870063326,1.0,0.9454787820673142,0.5215,0.2238,0.1067,0.1067,0.7133237516624338,0.5968144470705873,1.0,0.9747366737390899,0.2238,0.2238,0.1067,0.3962,0.4993,0.661,0.6553398147640348,0.6116516419863286,1.0,0.9587833822729052,0.5215,0.2238,0.3962,0.1067,0.6385228135030594,0.6892177992830898,1.0,0.9687459532213141,0.5215,0.5215,0.3962,0.3962,0.7972335274932638,0.6624880647613873,1.0,0.9407748384865243,0.5215,0.5215,0.3962,0.1067,0.7405896115321944,0.5816377978535006,1.0,0.9303098354517367,0.5215,0.5215,0.3962,0.1067
,130,1.0,0.7206300468857034,0.6055248023854698,0.6590834696903604,0.6858257949843642,0.7691927608653113,0.9478456368463667,0.1664,1.0,0.7008142044477372,0.4234148686450009,0.7512253012450402,0.7679723706615673,0.6291674400804105,0.6636265615336046,1.0,0.3572,1.0,0.1664,1.0,0.7210204978690755,0.3745088759456044,0.8243014360963764,0.8481387093182783,0.6753635402031886,0.6099481470579711,0.7380809497214011,0.7997060286647562,0.9053816584809345,0.463,0.3572,0.9382387186313932,0.4612,0.7963327644253708,0.42524608878020786,0.6564982137416163,0.7467735393981605,0.7452294608306402,0.8941261123940113,0.4612,0.3546417032640787,0.6922629046307018,0.7131300001876517,1.0,0.41137652911563694,0.3572,0.4612,0.7786737048628604,0.3997842529252621,0.651268558588036,0.7119041485376123,0.6953421153737842,1.0,0.8631076109123672,0.4612,1.0,0.8002710718320106,0.3748470345842596,0.7088670522599219,0.6866867228167108,0.7675302975316656,0.7628337814109043,0.7191341470742412,0.8236111672842491,0.9752705651960574,0.3572,0.9366373856076171,0.1664,1.0,0.7976054239636889,0.3642589553887573,0.7679750694409615,0.7257405608218946,0.7111240699385644,0.6920079913965,0.7653437093999573,0.6380372546642844,0.894624574322356,0.2052,0.9714284345519056,0.4612,1.0,0.6544276909315463,0.3645735468824425,0.7932020157856097,0.6941648936669522,0.6735425156740392,0.7015940444010625,0.9725555342727347,0.2052,0.9848094778028575,0.4612,1.0,0.7327716724704109,0.3416714231990149,0.7959284811451435,0.7117920894256691,0.6962749438688458,0.595496881850965,0.7556213929874671,0.971346619389828,0.3572,0.9675267108837332,0.4612,1.0,0.6822654702245241,0.6009704135215856,0.629306188677042,0.7612783987603036,0.6372037247685323,0.6006,1.0,0.4612,1.0,0.7647351143979735,0.678989371305528,0.7757744929403235,0.7276123880147476,0.6097364888317403,0.9891433680382206,0.2052,0.93504658205805,0.4612,1.0,0.6297512028986623,0.43450349902650576,0.716807550228026,0.6087510542286861,0.779606089182354,0.6327501731551802,0.8017637189243234,0.3572,1.0,0.4612,0.669091307502266,0.9167969993062488,0.1664,1.0,0.7454960544231788,0.3768063408766531,0.7399626493514351,0.5916385213478037,0.8574990678641013,0.4612,0.6820007904923273,0.37845757286190396,0.6580886189483784,0.7609201122495216,0.7926301192792167,0.741278351508148,0.9315370055237563,0.3572,0.8988910585553566,0.4612,0.3572,0.1664,0.7465306276920547,0.5926707843242476,0.1664,1.0,0.8096754513345388,0.3795226008634867,0.7755928571181975,0.8138943560742229,0.8003290442821378,0.6164822772316365,0.6004981676063645,0.6553775365308747,0.980745680162032,0.3572,1.0,0.4612,1.0,0.6879764592544539,0.39351732458809163,0.6759628764388714,0.808205333180589,0.6877518679305701,0.7171144286477473,0.6903299218790704,0.7439313763101901,0.9816258012919925,0.3572,0.9521774265106405,0.4612,0.7732245073143797,0.395230142865112,0.7071050573721223,0.6735100907127871,1.0,0.1664,1.0,0.7475069922020416,0.3509204163841194,0.7769098039703835,0.7127350964733026,0.6250542508557371,0.7614620762245224,0.6559523343691274,0.720834634099337,0.918336556838526,0.6006,0.8801252476858629,0.4612,0.4186579979499421,0.792114130266911,0.4612,0.9994943324540959,0.1664,1.0,0.3562367903793599,0.7542126929441024,0.6960672105994365,0.2052,1.0,0.1664,0.6390899014672546,0.4367853381772474,0.7348635267591919,0.6396383507394781,0.13580543534838135,0.36315648517543037,0.12920523301818454,0.13294978393403878,0.13134906824091377,0.3735830358589406,0.13641038169893996,0.13295538632462725,0.3657946937823896,0.370047356254035,0.12945474482612465,0.3611707942057059,0.36550929325541215,0.13326080956286146,0.13341689366354123,0.13045083321823892,0.3692995583690342,0.12941326917574442,0.13380497194437477,0.13404600068848888,0.36383948493952517,0.13570940070890175,0.3583151058798359,0.1329340360429269,0.37386666130640495,0.13550677129420394,0.3790928553754435,0.7632459047906215,0.6514127088363447,1.0,0.9932705776063538,0.2052,0.2052,0.1664,0.1664,0.6006,0.463,0.7497284809685595,0.6876265898716917,1.0,1.0,0.2052,0.2052,0.4612,0.1664,0.6006,0.6006,0.6342006430474264,0.6116988408676026,1.0,0.8797137376487819,0.3572,0.2052,0.1664,0.1664,0.463,0.463,0.7292847266096031,0.7335948756998519,1.0,0.9843187424699883,0.3572,0.3572,0.1664,0.4612,0.7984931369074427,0.575854049760816,1.0,0.9476761423437651,0.2052,0.3572,0.1664,0.1664,0.745230070629656,0.6547095655781491,1.0,0.96745454054282,0.2052,0.3572,0.1664,0.1664,0.6538324063425451,0.6005917792751536,1.0,0.94803351264431,0.2052,0.4612,0.4612,0.463,0.463,0.6681203025040069,0.6321299124303823,1.0,0.9233239021767916,0.3572,0.3572,0.1664,0.4612,0.463,0.463,0.677436394423963,0.5880824962486937,1.0,1.0,0.3572,0.2052,0.4612,0.1664,0.463,0.463,0.7195996088288816,0.7415204058838755,1.0,1.0,0.2052,0.3572,0.4612,0.1664,0.463,0.6006,0.6663733526569864,0.7684310959832995,1.0,0.9746226904731607,0.3572,0.2052,0.1664,0.1664,0.6006,0.463,0.6537113055079194,0.6356178674580407,1.0,0.9141731545184606,0.1664,0.6006,0.6006,0.6351960634902634,0.5886034336487772,1.0,0.9792809506389594,0.2052,0.2052,0.4612,0.1664,0.463,0.6006,0.7781131986305768,0.6445328951357743,1.0,0.994263693890687,0.3572,0.3572,0.1664,0.4612,0.7420398917239037,0.6601907242600085,1.0,0.9781439674905397,0.2052,0.2052,0.1664,0.4612,0.6420312719146613,0.6835188103835151,1.0,0.9032284262803116,0.3572,0.3572,0.1664,0.4612,0.7951263920385189,0.5997722148445781,1.0,1.0,0.2052,0.2052,0.1664,0.4612,0.7582069934795395,0.5856435616609893,1.0,1.0,0.3572,0.3572,0.1664,0.4612,0.6035510617364638,0.7016466121966567,1.0,1.0,0.2052,0.3572,0.1664,0.4612,0.7297962010692146,0.6541817189862267,1.0,0.9897429326899567,0.3572,0.3572,0.1664,0.4612,0.7942910471000955,0.7593930819234933,1.0,0.963712231285636,0.3572,0.3572,0.1664,0.4612,0.6006,0.6006,0.6343679879136503,0.7155101870063326,1.0,0.9454787820673142,0.3572,0.2052,0.1664,0.1664,0.7133237516624338,0.5968144470705873,1.0,0.9747366737390899,0.2052,0.2052,0.1664,0.4612,0.463,0.6006,0.6553398147640348,0.6116516419863286,1.0,0.9587833822729052,0.3572,0.2052,0.4612,0.1664,0.6385228135030594,0.6892177992830898,1.0,0.9687459532213141,0.3572,0.3572,0.4612,0.4612,0.7972335274932638,0.6624880647613873,1.0,0.9407748384865243,0.3572,0.3572,0.4612,0.1664,0.7405896115321944,0.5816377978535006,1.0,0.9303098354517367,0.3572,0.3572,0.4612,0.1664
,131,1.0,0.7206300468857034,0.6055248023854698,0.6590834696903604,0.6858257949843642,0.7691927608653113,0.9478456368463667,0.1913,1.0,0.7008142044477372,0.4234148686450009,0.7512253012450402,0.7679723706615673,0.6291674400804105,0.6636265615336046,1.0,0.3132,1.0,0.1913,1.0,0.7210204978690755,0.3745088759456044,0.8243014360963764,0.8481387093182783,0.6753635402031886,0.6099481470579711,0.7380809497214011,0.7997060286647562,0.9053816584809345,0.4292,0.3132,0.9382387186313932,0.4365,0.7963327644253708,0.42524608878020786,0.6564982137416163,0.7467735393981605,0.7452294608306402,0.8941261123940113,0.4365,0.3546417032640787,0.6922629046307018,0.7131300001876517,1.0,0.41137652911563694,0.3132,0.4365,0.7786737048628604,0.3997842529252621,0.651268558588036,0.7119041485376123,0.6953421153737842,1.0,0.8631076109123672,0.4365,1.0,0.8002710718320106,0.3748470345842596,0.7088670522599219,0.6866867228167108,0.7675302975316656,0.7628337814109043,0.7191341470742412,0.8236111672842491,0.9752705651960574,0.3132,0.9366373856076171,0.1913,1.0,0.7976054239636889,0.3642589553887573,0.7679750694409615,0.7257405608218946,0.7111240699385644,0.6920079913965,0.7653437093999573,0.6380372546642844,0.894624574322356,0.2147,0.9714284345519056,0.4365,1.0,0.6544276909315463,0.3645735468824425,0.7932020157856097,0.6941648936669522,0.6735425156740392,0.7015940444010625,0.9725555342727347,0.2147,0.9848094778028575,0.4365,1.0,0.7327716724704109,0.3416714231990149,0.7959284811451435,0.7117920894256691,0.6962749438688458,0.595496881850965,0.7556213929874671,0.971346619389828,0.3132,0.9675267108837332,0.4365,1.0,0.6822654702245241,0.6009704135215856,0.629306188677042,0.7612783987603036,0.6372037247685323,0.5557,1.0,0.4365,1.0,0.7647351143979735,0.678989371305528,0.7757744929403235,0.7276123880147476,0.6097364888317403,0.9891433680382206,0.2147,0.93504658205805,0.4365,1.0,0.6297512028986623,0.43450349902650576,0.716807550228026,0.6087510542286861,0.779606089182354,0.6327501731551802,0.8017637189243234,0.3132,1.0,0.4365,0.669091307502266,0.9167969993062488,0.1913,1.0,0.7454960544231788,0.3768063408766531,0.7399626493514351,0.5916385213478037,0.8574990678641013,0.4365,0.6820007904923273,0.37845757286190396,0.6580886189483784,0.7609201122495216,0.7926301192792167,0.741278351508148,0.9315370055237563,0.3132,0.8988910585553566,0.4365,0.3132,0.1913,0.7465306276920547,0.5926707843242476,0.1913,1.0,0.8096754513345388,0.3795226008634867,0.7755928571181975,0.8138943560742229,0.8003290442821378,0.6164822772316365,0.6004981676063645,0.6553775365308747,0.980745680162032,0.3132,1.0,0.4365,1.0,0.6879764592544539,0.39351732458809163,0.6759628764388714,0.808205333180589,0.6877518679305701,0.7171144286477473,0.6903299218790704,0.7439313763101901,0.9816258012919925,0.3132,0.9521774265106405,0.4365,0.7732245073143797,0.395230142865112,0.7071050573721223,0.6735100907127871,1.0,0.1913,1.0,0.7475069922020416,0.3509204163841194,0.7769098039703835,0.7127350964733026,0.6250542508557371,0.7614620762245224,0.6559523343691274,0.720834634099337,0.918336556838526,0.5557,0.8801252476858629,0.4365,0.4186579979499421,0.792114130266911,0.4365,0.9994943324540959,0.1913,1.0,0.3562367903793599,0.7542126929441024,0.6960672105994365,0.2147,1.0,0.1913,0.6390899014672546,0.4367853381772474,0.7348635267591919,0.6396383507394781,0.15612728234462356,0.3437072978731035,0.14853942954554508,0.15284431290012992,0.15100406703417554,0.35357544482313,0.15682275251807223,0.1528507536292139,0.346204214735501,0.3502291218666225,0.14882627815647625,0.3418279524518444,0.34593409910231443,0.15320188022461179,0.15338132066006874,0.14997142064092012,0.34952137300104824,0.1487785961137014,0.1538274707509549,0.15410456689728322,0.3443537189421135,0.15601687713709683,0.33912520320153594,0.1528262085036774,0.35384388044285725,0.15578392637368518,0.3587901807705574,0.7632459047906215,0.6514127088363447,1.0,0.9932705776063538,0.2147,0.2147,0.1913,0.1913,0.5557,0.4292,0.7497284809685595,0.6876265898716917,1.0,1.0,0.2147,0.2147,0.4365,0.1913,0.5557,0.5557,0.6342006430474264,0.6116988408676026,1.0,0.8797137376487819,0.3132,0.2147,0.1913,0.1913,0.4292,0.4292,0.7292847266096031,0.7335948756998519,1.0,0.9843187424699883,0.3132,0.3132,0.1913,0.4365,0.7984931369074427,0.575854049760816,1.0,0.9476761423437651,0.2147,0.3132,0.1913,0.1913,0.745230070629656,0.6547095655781491,1.0,0.96745454054282,0.2147,0.3132,0.1913,0.1913,0.6538324063425451,0.6005917792751536,1.0,0.94803351264431,0.2147,0.4365,0.4365,0.4292,0.4292,0.6681203025040069,0.6321299124303823,1.0,0.9233239021767916,0.3132,0.3132,0.1913,0.4365,0.4292,0.4292,0.677436394423963,0.5880824962486937,1.0,1.0,0.3132,0.2147,0.4365,0.1913,0.4292,0.4292,0.7195996088288816,0.7415204058838755,1.0,1.0,0.2147,0.3132,0.4365,0.1913,0.4292,0.5557,0.6663733526569864,0.7684310959832995,1.0,0.9746226904731607,0.3132,0.2147,0.1913,0.1913,0.5557,0.4292,0.6537113055079194,0.6356178674580407,1.0,0.9141731545184606,0.1913,0.5557,0.5557,0.6351960634902634,0.5886034336487772,1.0,0.9792809506389594,0.2147,0.2147,0.4365,0.1913,0.4292,0.5557,0.7781131986305768,0.6445328951357743,1.0,0.994263693890687,0.3132,0.3132,0.1913,0.4365,0.7420398917239037,0.6601907242600085,1.0,0.9781439674905397,0.2147,0.2147,0.1913,0.4365,0.6420312719146613,0.6835188103835151,1.0,0.9032284262803116,0.3132,0.3132,0.1913,0.4365,0.7951263920385189,0.5997722148445781,1.0,1.0,0.2147,0.2147,0.1913,0.4365,0.7582069934795395,0.5856435616609893,1.0,1.0,0.3132,0.3132,0.1913,0.4365,0.6035510617364638,0.7016466121966567,1.0,1.0,0.2147,0.3132,0.1913,0.4365,0.7297962010692146,0.6541817189862267,1.0,0.9897429326899567,0.3132,0.3132,0.1913,0.4365,0.7942910471000955,0.7593930819234933,1.0,0.963712231285636,0.3132,0.3132,0.1913,0.4365,0.5557,0.5557,0.6343679879136503,0.7155101870063326,1.0,0.9454787820673142,0.3132,0.2147,0.1913,0.1913,0.7133237516624338,0.5968144470705873,1.0,0.9747366737390899,0.2147,0.2147,0.1913,0.4365,0.4292,0.5557,0.6553398147640348,0.6116516419863286,1.0,0.9587833822729052,0.3132,0.2147,0.4365,0.1913,0.6385228135030594,0.6892177992830898,1.0,0.9687459532213141,0.3132,0.3132,0.4365,0.4365,0.7972335274932638,0.6624880647613873,1.0,0.9407748384865243,0.3132,0.3132,0.4365,0.1913,0.7405896115321944,0.5816377978535006,1.0,0.9303098354517367,0.3132,0.3132,0.4365,0.1913
,132,1.0,0.7206300468857034,0.6055248023854698,0.6590834696903604,0.6858257949843642,0.7691927608653113,0.9478456368463667,0.2047,1.0,0.7008142044477372,0.4234148686450009,0.7512253012450402,0.7679723706615673,0.6291674400804105,0.6636265615336046,1.0,0.3164,1.0,0.2047,1.0,0.7210204978690755,0.3745088759456044,0.8243014360963764,0.8481387093182783,0.6753635402031886,0.6099481470579711,0.7380809497214011,0.7997060286647562,0.9053816584809345,0.4172,0.3164,0.9382387186313932,0.391,0.7963327644253708,0.42524608878020786,0.6564982137416163,0.7467735393981605,0.7452294608306402,0.8941261123940113,0.391,0.3546417032640787,0.6922629046307018,0.7131300001876517,1.0,0.41137652911563694,0.3164,0.391,0.7786737048628604,0.3997842529252621,0.651268558588036,0.7119041485376123,0.6953421153737842,1.0,0.8631076109123672,0.391,1.0,0.8002710718320106,0.3748470345842596,0.7088670522599219,0.6866867228167108,0.7675302975316656,0.7628337814109043,0.7191341470742412,0.8236111672842491,0.9752705651960574,0.3164,0.9366373856076171,0.2047,1.0,0.7976054239636889,0.3642589553887573,0.7679750694409615,0.7257405608218946,0.7111240699385644,0.6920079913965,0.7653437093999573,0.6380372546642844,0.894624574322356,0.2278,0.9714284345519056,0.391,1.0,0.6544276909315463,0.3645735468824425,0.7932020157856097,0.6941648936669522,0.6735425156740392,0.7015940444010625,0.9725555342727347,0.2278,0.9848094778028575,0.391,1.0,0.7327716724704109,0.3416714231990149,0.7959284811451435,0.7117920894256691,0.6962749438688458,0.595496881850965,0.7556213929874671,0.971346619389828,0.3164,0.9675267108837332,0.391,1.0,0.6822654702245241,0.6009704135215856,0.629306188677042,0.7612783987603036,0.6372037247685323,0.5034,1.0,0.391,1.0,0.7647351143979735,0.678989371305528,0.7757744929403235,0.7276123880147476,0.6097364888317403,0.9891433680382206,0.2278,0.93504658205805,0.391,1.0,0.6297512028986623,0.43450349902650576,0.716807550228026,0.6087510542286861,0.779606089182354,0.6327501731551802,0.8017637189243234,0.3164,1.0,0.391,0.669091307502266,0.9167969993062488,0.2047,1.0,0.7454960544231788,0.3768063408766531,0.7399626493514351,0.5916385213478037,0.8574990678641013,0.391,0.6820007904923273,0.37845757286190396,0.6580886189483784,0.7609201122495216,0.7926301192792167,0.741278351508148,0.9315370055237563,0.3164,0.8988910585553566,0.391,0.3164,0.2047,0.7465306276920547,0.5926707843242476,0.2047,1.0,0.8096754513345388,0.3795226008634867,0.7755928571181975,0.8138943560742229,0.8003290442821378,0.6164822772316365,0.6004981676063645,0.6553775365308747,0.980745680162032,0.3164,1.0,0.391,1.0,0.6879764592544539,0.39351732458809163,0.6759628764388714,0.808205333180589,0.6877518679305701,0.7171144286477473,0.6903299218790704,0.7439313763101901,0.9816258012919925,0.3164,0.9521774265106405,0.391,0.7732245073143797,0.395230142865112,0.7071050573721223,0.6735100907127871,1.0,0.2047,1.0,0.7475069922020416,0.3509204163841194,0.7769098039703835,0.7127350964733026,0.6250542508557371,0.7614620762245224,0.6559523343691274,0.720834634099337,0.918336556838526,0.5034,0.8801252476858629,0.391,0.4186579979499421,0.792114130266911,0.391,0.9994943324540959,0.2047,1.0,0.3562367903793599,0.7542126929441024,0.6960672105994365,0.2278,1.0,0.2047,0.6390899014672546,0.4367853381772474,0.7348635267591919,0.6396383507394781,0.16706353735464946,0.3078798475793436,0.15894417787753834,0.16355060559674123,0.16158145594299914,0.31671935607295265,0.1678077231596936,0.16355749747987502,0.31011649017544307,0.313721847995073,0.15925111938646466,0.3061964018526258,0.30987453092555545,0.16393321945623646,0.16412522916422412,0.1604764757197927,0.3130878736389688,0.1592000973574212,0.16460263075128317,0.1648991366642649,0.3084588868416183,0.16694539858841465,0.3037753824783518,0.16353123304078812,0.31695981043105886,0.16669613031204056,0.32139051702471466,0.7632459047906215,0.6514127088363447,1.0,0.9932705776063538,0.2278,0.2278,0.2047,0.2047,0.5034,0.4172,0.7497284809685595,0.6876265898716917,1.0,1.0,0.2278,0.2278,0.391,0.2047,0.5034,0.5034,0.6342006430474264,0.6116988408676026,1.0,0.8797137376487819,0.3164,0.2278,0.2047,0.2047,0.4172,0.4172,0.7292847266096031,0.7335948756998519,1.0,0.9843187424699883,0.3164,0.3164,0.2047,0.391,0.7984931369074427,0.575854049760816,1.0,0.9476761423437651,0.2278,0.3164,0.2047,0.2047,0.745230070629656,0.6547095655781491,1.0,0.96745454054282,0.2278,0.3164,0.2047,0.2047,0.6538324063425451,0.6005917792751536,1.0,0.94803351264431,0.2278,0.391,0.391,0.4172,0.4172,0.6681203025040069,0.6321299124303823,1.0,0.9233239021767916,0.3164,0.3164,0.2047,0.391,0.4172,0.4172,0.677436394423963,0.5880824962486937,1.0,1.0,0.3164,0.2278,0.391,0.2047,0.4172,0.4172,0.7195996088288816,0.7415204058838755,1.0,1.0,0.2278,0.3164,0.391,0.2047,0.4172,0.5034,0.6663733526569864,0.7684310959832995,1.0,0.9746226904731607,0.3164,0.2278,0.2047,0.2047,0.5034,0.4172,0.6537113055079194,0.6356178674580407,1.0,0.9141731545184606,0.2047,0.5034,0.5034,0.6351960634902634,0.5886034336487772,1.0,0.9792809506389594,0.2278,0.2278,0.391,0.2047,0.4172,0.5034,0.7781131986305768,0.6445328951357743,1.0,0.994263693890687,0.3164,0.3164,0.2047,0.391,0.7420398917239037,0.6601907242600085,1.0,0.9781439674905397,0.2278,0.2278,0.2047,0.391,0.6420312719146613,0.6835188103835151,1.0,0.9032284262803116,0.3164,0.3164,0.2047,0.391,0.7951263920385189,0.5997722148445781,1.0,1.0,0.2278,0.2278,0.2047,0.391,0.7582069934795395,0.5856435616609893,1.0,1.0,0.3164,0.3164,0.2047,0.391,0.6035510617364638,0.7016466121966567,1.0,1.0,0.2278,0.3164,0.2047,0.391,0.7297962010692146,0.6541817189862267,1.0,0.9897429326899567,0.3164,0.3164,0.2047,0.391,0.7942910471000955,0.7593930819234933,1.0,0.963712231285636,0.3164,0.3164,0.2047,0.391,0.5034,0.5034,0.6343679879136503,0.7155101870063326,1.0,0.9454787820673142,0.3164,0.2278,0.2047,0.2047,0.7133237516624338,0.5968144470705873,1.0,0.9747366737390899,0.2278,0.2278,0.2047,0.391,0.4172,0.5034,0.6553398147640348,0.6116516419863286,1.0,0.9587833822729052,0.3164,0.2278,0.391,0.2047,0.6385228135030594,0.6892177992830898,1.0,0.9687459532213141,0.3164,0.3164,0.391,0.391,0.7972335274932638,0.6624880647613873,1.0,0.9407748384865243,0.3164,0.3164,0.391,0.2047,0.7405896115321944,0.5816377978535006,1.0,0.9303098354517367,0.3164,0.3164,0.391,0.2047
,133,1.0,0.7206300468857034,0.6055248023854698,0.6590834696903604,0.6858257949843642,0.7691927608653113,0.9478456368463667,0.2039,1.0,0.7008142044477372,0.4234148686450009,0.7512253012450402,0.7679723706615673,0.6291674400804105,0.6636265615336046,1.0,0.3372,1.0,0.2039,1.0,0.7210204978690755,0.3745088759456044,0.8243014360963764,0.8481387093182783,0.6753635402031886,0.6099481470579711,0.7380809497214011,0.7997060286647562,0.9053816584809345,0.4224,0.3372,0.9382387186313932,0.3682,0.7963327644253708,0.42524608878020786,0.6564982137416163,0.7467735393981605,0.7452294608306402,0.8941261123940113,0.3682,0.3546417032640787,0.6922629046307018,0.7131300001876517,1.0,0.41137652911563694,0.3372,0.3682,0.7786737048628604,0.3997842529252621,0.651268558588036,0.7119041485376123,0.6953421153737842,1.0,0.8631076109123672,0.3682,1.0,0.8002710718320106,0.3748470345842596,0.7088670522599219,0.6866867228167108,0.7675302975316656,0.7628337814109043,0.7191341470742412,0.8236111672842491,0.9752705651960574,0.3372,0.9366373856076171,0.2039,1.0,0.7976054239636889,0.3642589553887573,0.7679750694409615,0.7257405608218946,0.7111240699385644,0.6920079913965,0.7653437093999573,0.6380372546642844,0.894624574322356,0.2462,0.9714284345519056,0.3682,1.0,0.6544276909315463,0.3645735468824425,0.7932020157856097,0.6941648936669522,0.6735425156740392,0.7015940444010625,0.9725555342727347,0.2462,0.9848094778028575,0.3682,1.0,0.7327716724704109,0.3416714231990149,0.7959284811451435,0.7117920894256691,0.6962749438688458,0.595496881850965,0.7556213929874671,0.971346619389828,0.3372,0.9675267108837332,0.3682,1.0,0.6822654702245241,0.6009704135215856,0.629306188677042,0.7612783987603036,0.6372037247685323,0.4722,1.0,0.3682,1.0,0.7647351143979735,0.678989371305528,0.7757744929403235,0.7276123880147476,0.6097364888317403,0.9891433680382206,0.2462,0.93504658205805,0.3682,1.0,0.6297512028986623,0.43450349902650576,0.716807550228026,0.6087510542286861,0.779606089182354,0.6327501731551802,0.8017637189243234,0.3372,1.0,0.3682,0.669091307502266,0.9167969993062488,0.2039,1.0,0.7454960544231788,0.3768063408766531,0.7399626493514351,0.5916385213478037,0.8574990678641013,0.3682,0.6820007904923273,0.37845757286190396,0.6580886189483784,0.7609201122495216,0.7926301192792167,0.741278351508148,0.9315370055237563,0.3372,0.8988910585553566,0.3682,0.3372,0.2039,0.7465306276920547,0.5926707843242476,0.2039,1.0,0.8096754513345388,0.3795226008634867,0.7755928571181975,0.8138943560742229,0.8003290442821378,0.6164822772316365,0.6004981676063645,0.6553775365308747,0.980745680162032,0.3372,1.0,0.3682,1.0,0.6879764592544539,0.39351732458809163,0.6759628764388714,0.808205333180589,0.6877518679305701,0.7171144286477473,0.6903299218790704,0.7439313763101901,0.9816258012919925,0.3372,0.9521774265106405,0.3682,0.7732245073143797,0.395230142865112,0.7071050573721223,0.6735100907127871,1.0,0.2039,1.0,0.7475069922020416,0.3509204163841194,0.7769098039703835,0.7127350964733026,0.6250542508557371,0.7614620762245224,0.6559523343691274,0.720834634099337,0.918336556838526,0.4722,0.8801252476858629,0.3682,0.4186579979499421,0.792114130266911,0.3682,0.9994943324540959,0.2039,1.0,0.3562367903793599,0.7542126929441024,0.6960672105994365,0.2462,1.0,0.2039,0.6390899014672546,0.4367853381772474,0.7348635267591919,0.6396383507394781,0.16641062660778225,0.28992675160796505,0.1583229988726432,0.1629114239432122,0.16094997003799474,0.29825081050143526,0.16715190401691024,0.16291828889177584,0.29203297105523823,0.295428093175923,0.15862874080556985,0.2883414710029075,0.2918051209380806,0.16329254248718425,0.1634838017908417,0.15984930825239735,0.29483108714544326,0.15857791817869166,0.1639593376169352,0.16425468473787794,0.2904720259209306,0.16629294954654492,0.28606162615992103,0.16289212709827403,0.29847724348009175,0.1660446554500492,0.30264958662020447,0.7632459047906215,0.6514127088363447,1.0,0.9932705776063538,0.2462,0.2462,0.2039,0.2039,0.4722,0.4224,0.7497284809685595,0.6876265898716917,1.0,1.0,0.2462,0.2462,0.3682,0.2039,0.4722,0.4722,0.6342006430474264,0.6116988408676026,1.0,0.8797137376487819,0.3372,0.2462,0.2039,0.2039,0.4224,0.4224,0.7292847266096031,0.7335948756998519,1.0,0.9843187424699883,0.3372,0.3372,0.2039,0.3682,0.7984931369074427,0.575854049760816,1.0,0.9476761423437651,0.2462,0.3372,0.2039,0.2039,0.745230070629656,0.6547095655781491,1.0,0.96745454054282,0.2462,0.3372,0.2039,0.2039,0.6538324063425451,0.6005917792751536,1.0,0.94803351264431,0.2462,0.3682,0.3682,0.4224,0.4224,0.6681203025040069,0.6321299124303823,1.0,0.9233239021767916,0.3372,0.3372,0.2039,0.3682,0.4224,0.4224,0.677436394423963,0.5880824962486937,1.0,1.0,0.3372,0.2462,0.3682,0.2039,0.4224,0.4224,0.7195996088288816,0.7415204058838755,1.0,1.0,0.2462,0.3372,0.3682,0.2039,0.4224,0.4722,0.6663733526569864,0.7684310959832995,1.0,0.9746226904731607,0.3372,0.2462,0.2039,0.2039,0.4722,0.4224,0.6537113055079194,0.6356178674580407,1.0,0.9141731545184606,0.2039,0.4722,0.4722,0.6351960634902634,0.5886034336487772,1.0,0.9792809506389594,0.2462,0.2462,0.3682,0.2039,0.4224,0.4722,0.7781131986305768,0.6445328951357743,1.0,0.994263693890687,0.3372,0.3372,0.2039,0.3682,0.7420398917239037,0.6601907242600085,1.0,0.9781439674905397,0.2462,0.2462,0.2039,0.3682,0.6420312719146613,0.6835188103835151,1.0,0.9032284262803116,0.3372,0.3372,0.2039,0.3682,0.7951263920385189,0.5997722148445781,1.0,1.0,0.2462,0.2462,0.2039,0.3682,0.7582069934795395,0.5856435616609893,1.0,1.0,0.3372,0.3372,0.2039,0.3682,0.6035510617364638,0.7016466121966567,1.0,1.0,0.2462,0.3372,0.2039,0.3682,0.7297962010692146,0.6541817189862267,1.0,0.9897429326899567,0.3372,0.3372,0.2039,0.3682,0.7942910471000955,0.7593930819234933,1.0,0.963712231285636,0.3372,0.3372,0.2039,0.3682,0.4722,0.4722,0.6343679879136503,0.7155101870063326,1.0,0.9454787820673142,0.3372,0.2462,0.2039,0.2039,0.7133237516624338,0.5968144470705873,1.0,0.9747366737390899,0.2462,0.2462,0.2039,0.3682,0.4224,0.4722,0.6553398147640348,0.6116516419863286,1.0,0.9587833822729052,0.3372,0.2462,0.3682,0.2039,0.6385228135030594,0.6892177992830898,1.0,0.9687459532213141,0.3372,0.3372,0.3682,0.3682,0.7972335274932638,0.6624880647613873,1.0,0.9407748384865243,0.3372,0.3372,0.3682,0.2039,0.7405896115321944,0.5816377978535006,1.0,0.9303098354517367,0.3372,0.3372,0.3682,0.2039
,134,1.0,0.7206300468857034,0.6055248023854698,0.6590834696903604,0.6858257949843642,0.7691927608653113,0.9478456368463667,0.1757,1.0,0.7008142044477372,0.4234148686450009,0.7512253012450402,0.7679723706615673,0.6291674400804105,0.6636265615336046,1.0,0.355,1.0,0.1757,1.0,0.7210204978690755,0.3745088759456044,0.8243014360963764,0.8481387093182783,0.6753635402031886,0.6099481470579711,0.7380809497214011,0.7997060286647562,0.9053816584809345,0.4421,0.355,0.9382387186313932,0.3408,0.7963327644253708,0.42524608878020786,0.6564982137416163,0.7467735393981605,0.7452294608306402,0.8941261123940113,0.3408,0.3546417032640787,0.6922629046307018,0.7131300001876517,1.0,0.41137652911563694,0.355,0.3408,0.7786737048628604,0.3997842529252621,0.651268558588036,0.7119041485376123,0.6953421153737842,1.0,0.8631076109123672,0.3408,1.0,0.8002710718320106,0.3748470345842596,0.7088670522599219,0.6866867228167108,0.7675302975316656,0.7628337814109043,0.7191341470742412,0.8236111672842491,0.9752705651960574,0.355,0.9366373856076171,0.1757,1.0,0.7976054239636889,0.3642589553887573,0.7679750694409615,0.7257405608218946,0.7111240699385644,0.6920079913965,0.7653437093999573,0.6380372546642844,0.894624574322356,0.255,0.9714284345519056,0.3408,1.0,0.6544276909315463,0.3645735468824425,0.7932020157856097,0.6941648936669522,0.6735425156740392,0.7015940444010625,0.9725555342727347,0.255,0.9848094778028575,0.3408,1.0,0.7327716724704109,0.3416714231990149,0.7959284811451435,0.7117920894256691,0.6962749438688458,0.595496881850965,0.7556213929874671,0.971346619389828,0.355,0.9675267108837332,0.3408,1.0,0.6822654702245241,0.6009704135215856,0.629306188677042,0.7612783987603036,0.6372037247685323,0.4578,1.0,0.3408,1.0,0.7647351143979735,0.678989371305528,0.7757744929403235,0.7276123880147476,0.6097364888317403,0.9891433680382206,0.255,0.93504658205805,0.3408,1.0,0.6297512028986623,0.43450349902650576,0.716807550228026,0.6087510542286861,0.779606089182354,0.6327501731551802,0.8017637189243234,0.355,1.0,0.3408,0.669091307502266,0.9167969993062488,0.1757,1.0,0.7454960544231788,0.3768063408766531,0.7399626493514351,0.5916385213478037,0.8574990678641013,0.3408,0.6820007904923273,0.37845757286190396,0.6580886189483784,0.7609201122495216,0.7926301192792167,0.741278351508148,0.9315370055237563,0.355,0.8988910585553566,0.3408,0.355,0.1757,0.7465306276920547,0.5926707843242476,0.1757,1.0,0.8096754513345388,0.3795226008634867,0.7755928571181975,0.8138943560742229,0.8003290442821378,0.6164822772316365,0.6004981676063645,0.6553775365308747,0.980745680162032,0.355,1.0,0.3408,1.0,0.6879764592544539,0.39351732458809163,0.6759628764388714,0.808205333180589,0.6877518679305701,0.7171144286477473,0.6903299218790704,0.7439313763101901,0.9816258012919925,0.355,0.9521774265106405,0.3408,0.7732245073143797,0.395230142865112,0.7071050573721223,0.6735100907127871,1.0,0.1757,1.0,0.7475069922020416,0.3509204163841194,0.7769098039703835,0.7127350964733026,0.6250542508557371,0.7614620762245224,0.6559523343691274,0.720834634099337,0.918336556838526,0.4578,0.8801252476858629,0.3408,0.4186579979499421,0.792114130266911,0.3408,0.9994943324540959,0.1757,1.0,0.3562367903793599,0.7542126929441024,0.6960672105994365,0.255,1.0,0.1757,0.6390899014672546,0.4367853381772474,0.7348635267591919,0.6396383507394781,0.14339552278071277,0.26835153978271176,0.13642643895009027,0.14038027065631378,0.13869009188658987,0.27605615485847124,0.14403427923379658,0.1403861861612801,0.27030102263885164,0.27344349308624266,0.13668989582902705,0.2668842295431582,0.2700901282338345,0.1407086793280935,0.14087348687911175,0.13774165502671018,0.2728909139032239,0.13664610212847533,0.14128325463116975,0.14153775433273735,0.2688562369197532,0.14329412082063725,0.26477404181233316,0.14036364262465298,0.2762657375828768,0.14308016656485356,0.2801275913095211,0.7632459047906215,0.6514127088363447,1.0,0.9932705776063538,0.255,0.255,0.1757,0.1757,0.4578,0.4421,0.7497284809685595,0.6876265898716917,1.0,1.0,0.255,0.255,0.3408,0.1757,0.4578,0.4578,0.6342006430474264,0.6116988408676026,1.0,0.8797137376487819,0.355,0.255,0.1757,0.1757,0.4421,0.4421,0.7292847266096031,0.7335948756998519,1.0,0.9843187424699883,0.355,0.355,0.1757,0.3408,0.7984931369074427,0.575854049760816,1.0,0.9476761423437651,0.255,0.355,0.1757,0.1757,0.745230070629656,0.6547095655781491,1.0,0.96745454054282,0.255,0.355,0.1757,0.1757,0.6538324063425451,0.6005917792751536,1.0,0.94803351264431,0.255,0.3408,0.3408,0.4421,0.4421,0.6681203025040069,0.6321299124303823,1.0,0.9233239021767916,0.355,0.355,0.1757,0.3408,0.4421,0.4421,0.677436394423963,0.5880824962486937,1.0,1.0,0.355,0.255,0.3408,0.1757,0.4421,0.4421,0.7195996088288816,0.7415204058838755,1.0,1.0,0.255,0.355,0.3408,0.1757,0.4421,0.4578,0.6663733526569864,0.7684310959832995,1.0,0.9746226904731607,0.355,0.255,0.1757,0.1757,0.4578,0.4421,0.6537113055079194,0.6356178674580407,1.0,0.9141731545184606,0.1757,0.4578,0.4578,0.6351960634902634,0.5886034336487772,1.0,0.9792809506389594,0.255,0.255,0.3408,0.1757,0.4421,0.4578,0.7781131986305768,0.6445328951357743,1.0,0.994263693890687,0.355,0.355,0.1757,0.3408,0.7420398917239037,0.6601907242600085,1.0,0.9781439674905397,0.255,0.255,0.1757,0.3408,0.6420312719146613,0.6835188103835151,1.0,0.9032284262803116,0.355,0.355,0.1757,0.3408,0.7951263920385189,0.5997722148445781,1.0,1.0,0.255,0.255,0.1757,0.3408,0.7582069934795395,0.5856435616609893,1.0,1.0,0.355,0.355,0.1757,0.3408,0.6035510617364638,0.7016466121966567,1.0,1.0,0.255,0.355,0.1757,0.3408,0.7297962010692146,0.6541817189862267,1.0,0.9897429326899567,0.355,0.355,0.1757,0.3408,0.7942910471000955,0.7593930819234933,1.0,0.963712231285636,0.355,0.355,0.1757,0.3408,0.4578,0.4578,0.6343679879136503,0.7155101870063326,1.0,0.9454787820673142,0.355,0.255,0.1757,0.1757,0.7133237516624338,0.5968144470705873,1.0,0.9747366737390899,0.255,0.255,0.1757,0.3408,0.4421,0.4578,0.6553398147640348,0.6116516419863286,1.0,0.9587833822729052,0.355,0.255,0.3408,0.1757,0.6385228135030594,0.6892177992830898,1.0,0.9687459532213141,0.355,0.355,0.3408,0.3408,0.7972335274932638,0.6624880647613873,1.0,0.9407748384865243,0.355,0.355,0.3408,0.1757,0.7405896115321944,0.5816377978535006,1.0,0.9303098354517367,0.355,0.355,0.3408,0.1757
,135,1.0,0.7206300468857034,0.6055248023854698,0.6590834696903604,0.6858257949843642,0.7691927608653113,0.9478456368463667,0.1478,1.0,0.7008142044477372,0.4234148686450009,0.7512253012450402,0.7679723706615673,0.6291674400804105,0.6636265615336046,1.0,0.3582,1.0,0.1478,1.0,0.7210204978690755,0.3745088759456044,0.8243014360963764,0.8481387093182783,0.6753635402031886,0.6099481470579711,0.7380809497214011,0.7997060286647562,0.9053816584809345,0.4634,0.3582,0.9382387186313932,0.2942,0.7963327644253708,0.42524608878020786,0.6564982137416163,0.7467735393981605,0.7452294608306402,0.8941261123940113,0.2942,0.3546417032640787,0.6922629046307018,0.7131300001876517,1.0,0.41137652911563694,0.3582,0.2942,0.7786737048628604,0.3997842529252621,0.651268558588036,0.7119041485376123,0.6953421153737842,1.0,0.8631076109123672,0.2942,1.0,0.8002710718320106,0.3748470345842596,0.7088670522599219,0.6866867228167108,0.7675302975316656,0.7628337814109043,0.7191341470742412,0.8236111672842491,0.9752705651960574,0.3582,0.9366373856076171,0.1478,1.0,0.7976054239636889,0.3642589553887573,0.7679750694409615,0.7257405608218946,0.7111240699385644,0.6920079913965,0.7653437093999573,0.6380372546642844,0.894624574322356,0.2603,0.9714284345519056,0.2942,1.0,0.6544276909315463,0.3645735468824425,0.7932020157856097,0.6941648936669522,0.6735425156740392,0.7015940444010625,0.9725555342727347,0.2603,0.9848094778028575,0.2942,1.0,0.7327716724704109,0.3416714231990149,0.7959284811451435,0.7117920894256691,0.6962749438688458,0.595496881850965,0.7556213929874671,0.971346619389828,0.3582,0.9675267108837332,0.2942,1.0,0.6822654702245241,0.6009704135215856,0.629306188677042,0.7612783987603036,0.6372037247685323,0.4558,1.0,0.2942,1.0,0.7647351143979735,0.678989371305528,0.7757744929403235,0.7276123880147476,0.6097364888317403,0.9891433680382206,0.2603,0.93504658205805,0.2942,1.0,0.6297512028986623,0.43450349902650576,0.716807550228026,0.6087510542286861,0.779606089182354,0.6327501731551802,0.8017637189243234,0.3582,1.0,0.2942,0.669091307502266,0.9167969993062488,0.1478,1.0,0.7454960544231788,0.3768063408766531,0.7399626493514351,0.5916385213478037,0.8574990678641013,0.2942,0.6820007904923273,0.37845757286190396,0.6580886189483784,0.7609201122495216,0.7926301192792167,0.741278351508148,0.9315370055237563,0.3582,0.8988910585553566,0.2942,0.3582,0.1478,0.7465306276920547,0.5926707843242476,0.1478,1.0,0.8096754513345388,0.3795226008634867,0.7755928571181975,0.8138943560742229,0.8003290442821378,0.6164822772316365,0.6004981676063645,0.6553775365308747,0.980745680162032,0.3582,1.0,0.2942,1.0,0.6879764592544539,0.39351732458809163,0.6759628764388714,0.808205333180589,0.6877518679305701,0.7171144286477473,0.6903299218790704,0.7439313763101901,0.9816258012919925,0.3582,0.9521774265106405,0.2942,0.7732245073143797,0.395230142865112,0.7071050573721223,0.6735100907127871,1.0,0.1478,1.0,0.7475069922020416,0.3509204163841194,0.7769098039703835,0.7127350964733026,0.6250542508557371,0.7614620762245224,0.6559523343691274,0.720834634099337,0.918336556838526,0.4558,0.8801252476858629,0.2942,0.4186579979499421,0.792114130266911,0.2942,0.9994943324540959,0.1478,1.0,0.3562367903793599,0.7542126929441024,0.6960672105994365,0.2603,1.0,0.1478,0.6390899014672546,0.4367853381772474,0.7348635267591919,0.6396383507394781,0.12062526048371855,0.2316579313499818,0.11476282115437304,0.11808881048948877,0.11666702094956165,0.23830903978686108,0.12116258662922673,0.11809378665132156,0.23334084759492416,0.23605362578043604,0.11498444282031986,0.23039125684154096,0.23315879027697803,0.1183650700323974,0.1185037072324002,0.11586918960129634,0.2355766046664568,0.11494760327028261,0.11884840657078481,0.11906249339999193,0.2320936176695757,0.12053996048543078,0.22856961003869844,0.11807482287947474,0.23848996477958442,0.1203599807529047,0.24182375986872393,0.7632459047906215,0.6514127088363447,1.0,0.9932705776063538,0.2603,0.2603,0.1478,0.1478,0.4558,0.4634,0.7497284809685595,0.6876265898716917,1.0,1.0,0.2603,0.2603,0.2942,0.1478,0.4558,0.4558,0.6342006430474264,0.6116988408676026,1.0,0.8797137376487819,0.3582,0.2603,0.1478,0.1478,0.4634,0.4634,0.7292847266096031,0.7335948756998519,1.0,0.9843187424699883,0.3582,0.3582,0.1478,0.2942,0.7984931369074427,0.575854049760816,1.0,0.9476761423437651,0.2603,0.3582,0.1478,0.1478,0.745230070629656,0.6547095655781491,1.0,0.96745454054282,0.2603,0.3582,0.1478,0.1478,0.6538324063425451,0.6005917792751536,1.0,0.94803351264431,0.2603,0.2942,0.2942,0.4634,0.4634,0.6681203025040069,0.6321299124303823,1.0,0.9233239021767916,0.3582,0.3582,0.1478,0.2942,0.4634,0.4634,0.677436394423963,0.5880824962486937,1.0,1.0,0.3582,0.2603,0.2942,0.1478,0.4634,0.4634,0.7195996088288816,0.7415204058838755,1.0,1.0,0.2603,0.3582,0.2942,0.1478,0.4634,0.4558,0.6663733526569864,0.7684310959832995,1.0,0.9746226904731607,0.3582,0.2603,0.1478,0.1478,0.4558,0.4634,0.6537113055079194,0.6356178674580407,1.0,0.9141731545184606,0.1478,0.4558,0.4558,0.6351960634902634,0.5886034336487772,1.0,0.9792809506389594,0.2603,0.2603,0.2942,0.1478,0.4634,0.4558,0.7781131986305768,0.6445328951357743,1.0,0.994263693890687,0.3582,0.3582,0.1478,0.2942,0.7420398917239037,0.6601907242600085,1.0,0.9781439674905397,0.2603,0.2603,0.1478,0.2942,0.6420312719146613,0.6835188103835151,1.0,0.9032284262803116,0.3582,0.3582,0.1478,0.2942,0.7951263920385189,0.5997722148445781,1.0,1.0,0.2603,0.2603,0.1478,0.2942,0.7582069934795395,0.5856435616609893,1.0,1.0,0.3582,0.3582,0.1478,0.2942,0.6035510617364638,0.7016466121966567,1.0,1.0,0.2603,0.3582,0.1478,0.2942,0.7297962010692146,0.6541817189862267,1.0,0.9897429326899567,0.3582,0.3582,0.1478,0.2942,0.7942910471000955,0.7593930819234933,1.0,0.963712231285636,0.3582,0.3582,0.1478,0.2942,0.4558,0.4558,0.6343679879136503,0.7155101870063326,1.0,0.9454787820673142,0.3582,0.2603,0.1478,0.1478,0.7133237516624338,0.5968144470705873,1.0,0.9747366737390899,0.2603,0.2603,0.1478,0.2942,0.4634,0.4558,0.6553398147640348,0.6116516419863286,1.0,0.9587833822729052,0.3582,0.2603,0.2942,0.1478,0.6385228135030594,0.6892177992830898,1.0,0.9687459532213141,0.3582,0.3582,0.2942,0.2942,0.7972335274932638,0.6624880647613873,1.0,0.9407748384865243,0.3582,0.3582,0.2942,0.1478,0.7405896115321944,0.5816377978535006,1.0,0.9303098354517367,0.3582,0.3582,0.2942,0.1478
,136,1.0,0.7206300468857034,0.6055248023854698,0.6590834696903604,0.6858257949843642,0.7691927608653113,0.9478456368463667,0.1197,1.0,0.7008142044477372,0.4234148686450009,0.7512253012450402,0.7679723706615673,0.6291674400804105,0.6636265615336046,1.0,0.3506,1.0,0.1197,1.0,0.7210204978690755,0.3745088759456044,0.8243014360963764,0.8481387093182783,0.6753635402031886,0.6099481470579711,0.7380809497214011,0.7997060286647562,0.9053816584809345,0.4946,0.3506,0.9382387186313932,0.215,0.7963327644253708,0.42524608878020786,0.6564982137416163,0.7467735393981605,0.7452294608306402,0.8941261123940113,0.215,0.3546417032640787,0.6922629046307018,0.7131300001876517,1.0,0.41137652911563694,0.3506,0.215,0.7786737048628604,0.3997842529252621,0.651268558588036,0.7119041485376123,0.6953421153737842,1.0,0.8631076109123672,0.215,1.0,0.8002710718320106,0.3748470345842596,0.7088670522599219,0.6866867228167108,0.7675302975316656,0.7628337814109043,0.7191341470742412,0.8236111672842491,0.9752705651960574,0.3506,0.9366373856076171,0.1197,1.0,0.7976054239636889,0.3642589553887573,0.7679750694409615,0.7257405608218946,0.7111240699385644,0.6920079913965,0.7653437093999573,0.6380372546642844,0.894624574322356,0.2551,0.9714284345519056,0.215,1.0,0.6544276909315463,0.3645735468824425,0.7932020157856097,0.6941648936669522,0.6735425156740392,0.7015940444010625,0.9725555342727347,0.2551,0.9848094778028575,0.215,1.0,0.7327716724704109,0.3416714231990149,0.7959284811451435,0.7117920894256691,0.6962749438688458,0.595496881850965,0.7556213929874671,0.971346619389828,0.3506,0.9675267108837332,0.215,1.0,0.6822654702245241,0.6009704135215856,0.629306188677042,0.7612783987603036,0.6372037247685323,0.4622,1.0,0.215,1.0,0.7647351143979735,0.678989371305528,0.7757744929403235,0.7276123880147476,0.6097364888317403,0.9891433680382206,0.2551,0.93504658205805,0.215,1.0,0.6297512028986623,0.43450349902650576,0.716807550228026,0.6087510542286861,0.779606089182354,0.6327501731551802,0.8017637189243234,0.3506,1.0,0.215,0.669091307502266,0.9167969993062488,0.1197,1.0,0.7454960544231788,0.3768063408766531,0.7399626493514351,0.5916385213478037,0.8574990678641013,0.215,0.6820007904923273,0.37845757286190396,0.6580886189483784,0.7609201122495216,0.7926301192792167,0.741278351508148,0.9315370055237563,0.3506,0.8988910585553566,0.215,0.3506,0.1197,0.7465306276920547,0.5926707843242476,0.1197,1.0,0.8096754513345388,0.3795226008634867,0.7755928571181975,0.8138943560742229,0.8003290442821378,0.6164822772316365,0.6004981676063645,0.6553775365308747,0.980745680162032,0.3506,1.0,0.215,1.0,0.6879764592544539,0.39351732458809163,0.6759628764388714,0.808205333180589,0.6877518679305701,0.7171144286477473,0.6903299218790704,0.7439313763101901,0.9816258012919925,0.3506,0.9521774265106405,0.215,0.7732245073143797,0.395230142865112,0.7071050573721223,0.6735100907127871,1.0,0.1197,1.0,0.7475069922020416,0.3509204163841194,0.7769098039703835,0.7127350964733026,0.6250542508557371,0.7614620762245224,0.6559523343691274,0.720834634099337,0.918336556838526,0.4622,0.8801252476858629,0.215,0.4186579979499421,0.792114130266911,0.215,0.9994943324540959,0.1197,1.0,0.3562367903793599,0.7542126929441024,0.6960672105994365,0.2551,1.0,0.1197,0.6390899014672546,0.4367853381772474,0.7348635267591919,0.6396383507394781,0.09769177050000753,0.16929454534414035,0.09294390860743204,0.09563755490928151,0.09448607853628235,0.17415514464369522,0.09812693923896104,0.09564158499433825,0.1705244127563178,0.17250689851391485,0.09312339516638897,0.16836886546883517,0.17039136610996014,0.09586129149443823,0.09597357074234307,0.09383993230903365,0.17215829368894703,0.09309355961740752,0.09625273522681288,0.09642611948564977,0.16961294289244996,0.09762268788975688,0.1670376144062548,0.09562622664866799,0.17428736379201445,0.09747692622545802,0.17672368583200423,0.7632459047906215,0.6514127088363447,1.0,0.9932705776063538,0.2551,0.2551,0.1197,0.1197,0.4622,0.4946,0.7497284809685595,0.6876265898716917,1.0,1.0,0.2551,0.2551,0.215,0.1197,0.4622,0.4622,0.6342006430474264,0.6116988408676026,1.0,0.8797137376487819,0.3506,0.2551,0.1197,0.1197,0.4946,0.4946,0.7292847266096031,0.7335948756998519,1.0,0.9843187424699883,0.3506,0.3506,0.1197,0.215,0.7984931369074427,0.575854049760816,1.0,0.9476761423437651,0.2551,0.3506,0.1197,0.1197,0.745230070629656,0.6547095655781491,1.0,0.96745454054282,0.2551,0.3506,0.1197,0.1197,0.6538324063425451,0.6005917792751536,1.0,0.94803351264431,0.2551,0.215,0.215,0.4946,0.4946,0.6681203025040069,0.6321299124303823,1.0,0.9233239021767916,0.3506,0.3506,0.1197,0.215,0.4946,0.4946,0.677436394423963,0.5880824962486937,1.0,1.0,0.3506,0.2551,0.215,0.1197,0.4946,0.4946,0.7195996088288816,0.7415204058838755,1.0,1.0,0.2551,0.3506,0.215,0.1197,0.4946,0.4622,0.6663733526569864,0.7684310959832995,1.0,0.9746226904731607,0.3506,0.2551,0.1197,0.1197,0.4622,0.4946,0.6537113055079194,0.6356178674580407,1.0,0.9141731545184606,0.1197,0.4622,0.4622,0.6351960634902634,0.5886034336487772,1.0,0.9792809506389594,0.2551,0.2551,0.215,0.1197,0.4946,0.4622,0.7781131986305768,0.6445328951357743,1.0,0.994263693890687,0.3506,0.3506,0.1197,0.215,0.7420398917239037,0.6601907242600085,1.0,0.9781439674905397,0.2551,0.2551,0.1197,0.215,0.6420312719146613,0.6835188103835151,1.0,0.9032284262803116,0.3506,0.3506,0.1197,0.215,0.7951263920385189,0.5997722148445781,1.0,1.0,0.2551,0.2551,0.1197,0.215,0.7582069934795395,0.5856435616609893,1.0,1.0,0.3506,0.3506,0.1197,0.215,0.6035510617364638,0.7016466121966567,1.0,1.0,0.2551,0.3506,0.1197,0.215,0.7297962010692146,0.6541817189862267,1.0,0.9897429326899567,0.3506,0.3506,0.1197,0.215,0.7942910471000955,0.7593930819234933,1.0,0.963712231285636,0.3506,0.3506,0.1197,0.215,0.4622,0.4622,0.6343679879136503,0.7155101870063326,1.0,0.9454787820673142,0.3506,0.2551,0.1197,0.1197,0.7133237516624338,0.5968144470705873,1.0,0.9747366737390899,0.2551,0.2551,0.1197,0.215,0.4946,0.4622,0.6553398147640348,0.6116516419863286,1.0,0.9587833822729052,0.3506,0.2551,0.215,0.1197,0.6385228135030594,0.6892177992830898,1.0,0.9687459532213141,0.3506,0.3506,0.215,0.215,0.7972335274932638,0.6624880647613873,1.0,0.9407748384865243,0.3506,0.3506,0.215,0.1197,0.7405896115321944,0.5816377978535006,1.0,0.9303098354517367,0.3506,0.3506,0.215,0.1197
,137,1.0,0.7206300468857034,0.6055248023854698,0.6590834696903604,0.6858257949843642,0.7691927608653113,0.9478456368463667,0.03604,1.0,0.7008142044477372,0.4234148686450009,0.7512253012450402,0.7679723706615673,0.6291674400804105,0.6636265615336046,1.0,0.4268,1.0,0.03604,1.0,0.7210204978690755,0.3745088759456044,0.8243014360963764,0.8481387093182783,0.6753635402031886,0.6099481470579711,0.7380809497214011,0.7997060286647562,0.9053816584809345,0.5273,0.4268,0.9382387186313932,0.0674,0.7963327644253708,0.42524608878020786,0.6564982137416163,0.7467735393981605,0.7452294608306402,0.8941261123940113,0.0674,0.3546417032640787,0.6922629046307018,0.7131300001876517,1.0,0.41137652911563694,0.4268,0.0674,0.7786737048628604,0.3997842529252621,0.651268558588036,0.7119041485376123,0.6953421153737842,1.0,0.8631076109123672,0.0674,1.0,0.8002710718320106,0.3748470345842596,0.7088670522599219,0.6866867228167108,0.7675302975316656,0.7628337814109043,0.7191341470742412,0.8236111672842491,0.9752705651960574,0.4268,0.9366373856076171,0.03604,1.0,0.7976054239636889,0.3642589553887573,0.7679750694409615,0.7257405608218946,0.7111240699385644,0.6920079913965,0.7653437093999573,0.6380372546642844,0.894624574322356,0.2512,0.9714284345519056,0.0674,1.0,0.6544276909315463,0.3645735468824425,0.7932020157856097,0.6941648936669522,0.6735425156740392,0.7015940444010625,0.9725555342727347,0.2512,0.9848094778028575,0.0674,1.0,0.7327716724704109,0.3416714231990149,0.7959284811451435,0.7117920894256691,0.6962749438688458,0.595496881850965,0.7556213929874671,0.971346619389828,0.4268,0.9675267108837332,0.0674,1.0,0.6822654702245241,0.6009704135215856,0.629306188677042,0.7612783987603036,0.6372037247685323,0.489,1.0,0.0674,1.0,0.7647351143979735,0.678989371305528,0.7757744929403235,0.7276123880147476,0.6097364888317403,0.9891433680382206,0.2512,0.93504658205805,0.0674,1.0,0.6297512028986623,0.43450349902650576,0.716807550228026,0.6087510542286861,0.779606089182354,0.6327501731551802,0.8017637189243234,0.4268,1.0,0.0674,0.669091307502266,0.9167969993062488,0.03604,1.0,0.7454960544231788,0.3768063408766531,0.7399626493514351,0.5916385213478037,0.8574990678641013,0.0674,0.6820007904923273,0.37845757286190396,0.6580886189483784,0.7609201122495216,0.7926301192792167,0.741278351508148,0.9315370055237563,0.4268,0.8988910585553566,0.0674,0.4268,0.03604,0.7465306276920547,0.5926707843242476,0.03604,1.0,0.8096754513345388,0.3795226008634867,0.7755928571181975,0.8138943560742229,0.8003290442821378,0.6164822772316365,0.6004981676063645,0.6553775365308747,0.980745680162032,0.4268,1.0,0.0674,1.0,0.6879764592544539,0.39351732458809163,0.6759628764388714,0.808205333180589,0.6877518679305701,0.7171144286477473,0.6903299218790704,0.7439313763101901,0.9816258012919925,0.4268,0.9521774265106405,0.0674,0.7732245073143797,0.395230142865112,0.7071050573721223,0.6735100907127871,1.0,0.03604,1.0,0.7475069922020416,0.3509204163841194,0.7769098039703835,0.7127350964733026,0.6250542508557371,0.7614620762245224,0.6559523343691274,0.720834634099337,0.918336556838526,0.489,0.8801252476858629,0.0674,0.4186579979499421,0.792114130266911,0.0674,0.9994943324540959,0.03604,1.0,0.3562367903793599,0.7542126929441024,0.6960672105994365,0.2512,1.0,0.03604,0.6390899014672546,0.4367853381772474,0.7348635267591919,0.6396383507394781,0.02941362914636818,0.053071871424163065,0.027984114170525067,0.02879513349148292,0.02844844002044792,0.05459561278597701,0.02954465238239061,0.028796346893867588,0.05345742055709683,0.05407890678994354,0.0280381550693121,0.05278168154697437,0.053415711980517734,0.028862497455802452,0.028896303170877564,0.028253894406161845,0.053969623230860596,0.028029172001765804,0.028980355702375407,0.029032559283732814,0.053171685353261056,0.029392829336230893,0.05236434981851895,0.028791722710258934,0.05463706195154314,0.029348942532711,0.055400820581753885,0.7632459047906215,0.6514127088363447,1.0,0.9932705776063538,0.2512,0.2512,0.03604,0.03604,0.489,0.5273,0.7497284809685595,0.6876265898716917,1.0,1.0,0.2512,0.2512,0.0674,0.03604,0.489,0.489,0.6342006430474264,0.6116988408676026,1.0,0.8797137376487819,0.4268,0.2512,0.03604,0.03604,0.5273,0.5273,0.7292847266096031,0.7335948756998519,1.0,0.9843187424699883,0.4268,0.4268,0.03604,0.0674,0.7984931369074427,0.575854049760816,1.0,0.9476761423437651,0.2512,0.4268,0.03604,0.03604,0.745230070629656,0.6547095655781491,1.0,0.96745454054282,0.2512,0.4268,0.03604,0.03604,0.6538324063425451,0.6005917792751536,1.0,0.94803351264431,0.2512,0.0674,0.0674,0.5273,0.5273,0.6681203025040069,0.6321299124303823,1.0,0.9233239021767916,0.4268,0.4268,0.03604,0.0674,0.5273,0.5273,0.677436394423963,0.5880824962486937,1.0,1.0,0.4268,0.2512,0.0674,0.03604,0.5273,0.5273,0.7195996088288816,0.7415204058838755,1.0,1.0,0.2512,0.4268,0.0674,0.03604,0.5273,0.489,0.6663733526569864,0.7684310959832995,1.0,0.9746226904731607,0.4268,0.2512,0.03604,0.03604,0.489,0.5273,0.6537113055079194,0.6356178674580407,1.0,0.9141731545184606,0.03604,0.489,0.489,0.6351960634902634,0.5886034336487772,1.0,0.9792809506389594,0.2512,0.2512,0.0674,0.03604,0.5273,0.489,0.7781131986305768,0.6445328951357743,1.0,0.994263693890687,0.4268,0.4268,0.03604,0.0674,0.7420398917239037,0.6601907242600085,1.0,0.9781439674905397,0.2512,0.2512,0.03604,0.0674,0.6420312719146613,0.6835188103835151,1.0,0.9032284262803116,0.4268,0.4268,0.03604,0.0674,0.7951263920385189,0.5997722148445781,1.0,1.0,0.2512,0.2512,0.03604,0.0674,0.7582069934795395,0.5856435616609893,1.0,1.0,0.4268,0.4268,0.03604,0.0674,0.6035510617364638,0.7016466121966567,1.0,1.0,0.2512,0.4268,0.03604,0.0674,0.7297962010692146,0.6541817189862267,1.0,0.9897429326899567,0.4268,0.4268,0.03604,0.0674,0.7942910471000955,0.7593930819234933,1.0,0.963712231285636,0.4268,0.4268,0.03604,0.0674,0.489,0.489,0.6343679879136503,0.7155101870063326,1.0,0.9454787820673142,0.4268,0.2512,0.03604,0.03604,0.7133237516624338,0.5968144470705873,1.0,0.9747366737390899,0.2512,0.2512,0.03604,0.0674,0.5273,0.489,0.6553398147640348,0.6116516419863286,1.0,0.9587833822729052,0.4268,0.2512,0.0674,0.03604,0.6385228135030594,0.6892177992830898,1.0,0.9687459532213141,0.4268,0.4268,0.0674,0.0674,0.7972335274932638,0.6624880647613873,1.0,0.9407748384865243,0.4268,0.4268,0.0674,0.03604,0.7405896115321944,0.5816377978535006,1.0,0.9303098354517367,0.4268,0.4268,0.0674,0.03604
,138,1.0,0.7206300468857034,0.6055248023854698,0.6590834696903604,0.6858257949843642,0.7691927608653113,0.9478456368463667,0.0,1.0,0.7008142044477372,0.4234148686450009,0.7512253012450402,0.7679723706615673,0.6291674400804105,0.6636265615336046,1.0,0.5044,1.0,0.0,1.0,0.7210204978690755,0.3745088759456044,0.8243014360963764,0.8481387093182783,0.6753635402031886,0.6099481470579711,0.7380809497214011,0.7997060286647562,0.9053816584809345,0.556,0.5044,0.9382387186313932,7.546e-05,0.7963327644253708,0.42524608878020786,0.6564982137416163,0.7467735393981605,0.7452294608306402,0.8941261123940113,7.546e-05,0.3546417032640787,0.6922629046307018,0.7131300001876517,1.0,0.41137652911563694,0.5044,7.546e-05,0.7786737048628604,0.3997842529252621,0.651268558588036,0.7119041485376123,0.6953421153737842,1.0,0.8631076109123672,7.546e-05,1.0,0.8002710718320106,0.3748470345842596,0.7088670522599219,0.6866867228167108,0.7675302975316656,0.7628337814109043,0.7191341470742412,0.8236111672842491,0.9752705651960574,0.5044,0.9366373856076171,0.0,1.0,0.7976054239636889,0.3642589553887573,0.7679750694409615,0.7257405608218946,0.7111240699385644,0.6920079913965,0.7653437093999573,0.6380372546642844,0.894624574322356,0.304,0.9714284345519056,7.546e-05,1.0,0.6544276909315463,0.3645735468824425,0.7932020157856097,0.6941648936669522,0.6735425156740392,0.7015940444010625,0.9725555342727347,0.304,0.9848094778028575,7.546e-05,1.0,0.7327716724704109,0.3416714231990149,0.7959284811451435,0.7117920894256691,0.6962749438688458,0.595496881850965,0.7556213929874671,0.971346619389828,0.5044,0.9675267108837332,7.546e-05,1.0,0.6822654702245241,0.6009704135215856,0.629306188677042,0.7612783987603036,0.6372037247685323,0.5005,1.0,7.546e-05,1.0,0.7647351143979735,0.678989371305528,0.7757744929403235,0.7276123880147476,0.6097364888317403,0.9891433680382206,0.304,0.93504658205805,7.546e-05,1.0,0.6297512028986623,0.43450349902650576,0.716807550228026,0.6087510542286861,0.779606089182354,0.6327501731551802,0.8017637189243234,0.5044,1.0,7.546e-05,0.669091307502266,0.9167969993062488,0.0,1.0,0.7454960544231788,0.3768063408766531,0.7399626493514351,0.5916385213478037,0.8574990678641013,7.546e-05,0.6820007904923273,0.37845757286190396,0.6580886189483784,0.7609201122495216,0.7926301192792167,0.741278351508148,0.9315370055237563,0.5044,0.8988910585553566,7.546e-05,0.5044,0.0,0.7465306276920547,0.5926707843242476,0.0,1.0,0.8096754513345388,0.3795226008634867,0.7755928571181975,0.8138943560742229,0.8003290442821378,0.6164822772316365,0.6004981676063645,0.6553775365308747,0.980745680162032,0.5044,1.0,7.546e-05,1.0,0.6879764592544539,0.39351732458809163,0.6759628764388714,0.808205333180589,0.6877518679305701,0.7171144286477473,0.6903299218790704,0.7439313763101901,0.9816258012919925,0.5044,0.9521774265106405,7.546e-05,0.7732245073143797,0.395230142865112,0.7071050573721223,0.6735100907127871,1.0,0.0,1.0,0.7475069922020416,0.3509204163841194,0.7769098039703835,0.7127350964733026,0.6250542508557371,0.7614620762245224,0.6559523343691274,0.720834634099337,0.918336556838526,0.5005,0.8801252476858629,7.546e-05,0.4186579979499421,0.792114130266911,7.546e-05,0.9994943324540959,0.0,1.0,0.3562367903793599,0.7542126929441024,0.6960672105994365,0.304,1.0,0.0,0.6390899014672546,0.4367853381772474,0.7348635267591919,0.6396383507394781,0.0,5.94184483333434e-05,0.0,0.0,0.0,6.112440565029414e-05,0.0,0.0,5.985010319344995e-05,6.054590959004658e-05,0.0,5.9093556224550236e-05,5.980340691468647e-05,0.0,0.0,0.0,6.042355740357182e-05,0.0,0.0,0.0,5.953019846820592e-05,0.0,5.862631806091157e-05,0.0,6.117081149649028e-05,0.0,6.20259038738746e-05,0.7632459047906215,0.6514127088363447,1.0,0.9932705776063538,0.304,0.304,0.0,0.0,0.5005,0.556,0.7497284809685595,0.6876265898716917,1.0,1.0,0.304,0.304,7.546e-05,0.0,0.5005,0.5005,0.6342006430474264,0.6116988408676026,1.0,0.8797137376487819,0.5044,0.304,0.0,0.0,0.556,0.556,0.7292847266096031,0.7335948756998519,1.0,0.9843187424699883,0.5044,0.5044,0.0,7.546e-05,0.7984931369074427,0.575854049760816,1.0,0.9476761423437651,0.304,0.5044,0.0,0.0,0.745230070629656,0.6547095655781491,1.0,0.96745454054282,0.304,0.5044,0.0,0.0,0.6538324063425451,0.6005917792751536,1.0,0.94803351264431,0.304,7.546e-05,7.546e-05,0.556,0.556,0.6681203025040069,0.6321299124303823,1.0,0.9233239021767916,0.5044,0.5044,0.0,7.546e-05,0.556,0.556,0.677436394423963,0.5880824962486937,1.0,1.0,0.5044,0.304,7.546e-05,0.0,0.556,0.556,0.7195996088288816,0.7415204058838755,1.0,1.0,0.304,0.5044,7.546e-05,0.0,0.556,0.5005,0.6663733526569864,0.7684310959832995,1.0,0.9746226904731607,0.5044,0.304,0.0,0.0,0.5005,0.556,0.6537113055079194,0.6356178674580407,1.0,0.9141731545184606,0.0,0.5005,0.5005,0.6351960634902634,0.5886034336487772,1.0,0.9792809506389594,0.304,0.304,7.546e-05,0.0,0.556,0.5005,0.7781131986305768,0.6445328951357743,1.0,0.994263693890687,0.5044,0.5044,0.0,7.546e-05,0.7420398917239037,0.6601907242600085,1.0,0.9781439674905397,0.304,0.304,0.0,7.546e-05,0.6420312719146613,0.6835188103835151,1.0,0.9032284262803116,0.5044,0.5044,0.0,7.546e-05,0.7951263920385189,0.5997722148445781,1.0,1.0,0.304,0.304,0.0,7.546e-05,0.7582069934795395,0.5856435616609893,1.0,1.0,0.5044,0.5044,0.0,7.546e-05,0.6035510617364638,0.7016466121966567,1.0,1.0,0.304,0.5044,0.0,7.546e-05,0.7297962010692146,0.6541817189862267,1.0,0.9897429326899567,0.5044,0.5044,0.0,7.546e-05,0.7942910471000955,0.7593930819234933,1.0,0.963712231285636,0.5044,0.5044,0.0,7.546e-05,0.5005,0.5005,0.6343679879136503,0.7155101870063326,1.0,0.9454787820673142,0.5044,0.304,0.0,0.0,0.7133237516624338,0.5968144470705873,1.0,0.9747366737390899,0.304,0.304,0.0,7.546e-05,0.556,0.5005,0.6553398147640348,0.6116516419863286,1.0,0.9587833822729052,0.5044,0.304,7.546e-05,0.0,0.6385228135030594,0.6892177992830898,1.0,0.9687459532213141,0.5044,0.5044,7.546e-05,7.546e-05,0.7972335274932638,0.6624880647613873,1.0,0.9407748384865243,0.5044,0.5044,7.546e-05,0.0,0.7405896115321944,0.5816377978535006,1.0,0.9303098354517367,0.5044,0.5044,7.546e-05,0.0
,139,1.0,0.7206300468857034,0.6055248023854698,0.6590834696903604,0.6858257949843642,0.7691927608653113,0.9478456368463667,0.0,1.0,0.7008142044477372,0.4234148686450009,0.7512253012450402,0.7679723706615673,0.6291674400804105,0.6636265615336046,1.0,0.515,1.0,0.0,1.0,0.7210204978690755,0.3745088759456044,0.8243014360963764,0.8481387093182783,0.6753635402031886,0.6099481470579711,0.7380809497214011,0.7997060286647562,0.9053816584809345,0.59,0.515,0.9382387186313932,0.0,0.7963327644253708,0.42524608878020786,0.6564982137416163,0.7467735393981605,0.7452294608306402,0.8941261123940113,0.0,0.3546417032640787,0.6922629046307018,0.7131300001876517,1.0,0.41137652911563694,0.515,0.0,0.7786737048628604,0.3997842529252621,0.651268558588036,0.7119041485376123,0.6953421153737842,1.0,0.8631076109123672,0.0,1.0,0.8002710718320106,0.3748470345842596,0.7088670522599219,0.6866867228167108,0.7675302975316656,0.7628337814109043,0.7191341470742412,0.8236111672842491,0.9752705651960574,0.515,0.9366373856076171,0.0,1.0,0.7976054239636889,0.3642589553887573,0.7679750694409615,0.7257405608218946,0.7111240699385644,0.6920079913965,0.7653437093999573,0.6380372546642844,0.894624574322356,0.3418,0.9714284345519056,0.0,1.0,0.6544276909315463,0.3645735468824425,0.7932020157856097,0.6941648936669522,0.6735425156740392,0.7015940444010625,0.9725555342727347,0.3418,0.9848094778028575,0.0,1.0,0.7327716724704109,0.3416714231990149,0.7959284811451435,0.7117920894256691,0.6962749438688458,0.595496881850965,0.7556213929874671,0.971346619389828,0.515,0.9675267108837332,0.0,1.0,0.6822654702245241,0.6009704135215856,0.629306188677042,0.7612783987603036,0.6372037247685323,0.5166,1.0,0.0,1.0,0.7647351143979735,0.678989371305528,0.7757744929403235,0.7276123880147476,0.6097364888317403,0.9891433680382206,0.3418,0.93504658205805,0.0,1.0,0.6297512028986623,0.43450349902650576,0.716807550228026,0.6087510542286861,0.779606089182354,0.6327501731551802,0.8017637189243234,0.515,1.0,0.0,0.669091307502266,0.9167969993062488,0.0,1.0,0.7454960544231788,0.3768063408766531,0.7399626493514351,0.5916385213478037,0.8574990678641013,0.0,0.6820007904923273,0.37845757286190396,0.6580886189483784,0.7609201122495216,0.7926301192792167,0.741278351508148,0.9315370055237563,0.515,0.8988910585553566,0.0,0.515,0.0,0.7465306276920547,0.5926707843242476,0.0,1.0,0.8096754513345388,0.3795226008634867,0.7755928571181975,0.8138943560742229,0.8003290442821378,0.6164822772316365,0.6004981676063645,0.6553775365308747,0.980745680162032,0.515,1.0,0.0,1.0,0.6879764592544539,0.39351732458809163,0.6759628764388714,0.808205333180589,0.6877518679305701,0.7171144286477473,0.6903299218790704,0.7439313763101901,0.9816258012919925,0.515,0.9521774265106405,0.0,0.7732245073143797,0.395230142865112,0.7071050573721223,0.6735100907127871,1.0,0.0,1.0,0.7475069922020416,0.3509204163841194,0.7769098039703835,0.7127350964733026,0.6250542508557371,0.7614620762245224,0.6559523343691274,0.720834634099337,0.918336556838526,0.5166,0.8801252476858629,0.0,0.4186579979499421,0.792114130266911,0.0,0.9994943324540959,0.0,1.0,0.3562367903793599,0.7542126929441024,0.6960672105994365,0.3418,1.0,0.0,0.6390899014672546,0.4367853381772474,0.7348635267591919,0.6396383507394781,0.0,0.0,0.0,0.0,0.0,0.0,0.0,0.0,0.0,0.0,0.0,0.0,0.0,0.0,0.0,0.0,0.0,0.0,0.0,0.0,0.0,0.0,0.0,0.0,0.0,0.0,0.0,0.7632459047906215,0.6514127088363447,1.0,0.9932705776063538,0.3418,0.3418,0.0,0.0,0.5166,0.59,0.7497284809685595,0.6876265898716917,1.0,1.0,0.3418,0.3418,0.0,0.0,0.5166,0.5166,0.6342006430474264,0.6116988408676026,1.0,0.8797137376487819,0.515,0.3418,0.0,0.0,0.59,0.59,0.7292847266096031,0.7335948756998519,1.0,0.9843187424699883,0.515,0.515,0.0,0.0,0.7984931369074427,0.575854049760816,1.0,0.9476761423437651,0.3418,0.515,0.0,0.0,0.745230070629656,0.6547095655781491,1.0,0.96745454054282,0.3418,0.515,0.0,0.0,0.6538324063425451,0.6005917792751536,1.0,0.94803351264431,0.3418,0.0,0.0,0.59,0.59,0.6681203025040069,0.6321299124303823,1.0,0.9233239021767916,0.515,0.515,0.0,0.0,0.59,0.59,0.677436394423963,0.5880824962486937,1.0,1.0,0.515,0.3418,0.0,0.0,0.59,0.59,0.7195996088288816,0.7415204058838755,1.0,1.0,0.3418,0.515,0.0,0.0,0.59,0.5166,0.6663733526569864,0.7684310959832995,1.0,0.9746226904731607,0.515,0.3418,0.0,0.0,0.5166,0.59,0.6537113055079194,0.6356178674580407,1.0,0.9141731545184606,0.0,0.5166,0.5166,0.6351960634902634,0.5886034336487772,1.0,0.9792809506389594,0.3418,0.3418,0.0,0.0,0.59,0.5166,0.7781131986305768,0.6445328951357743,1.0,0.994263693890687,0.515,0.515,0.0,0.0,0.7420398917239037,0.6601907242600085,1.0,0.9781439674905397,0.3418,0.3418,0.0,0.0,0.6420312719146613,0.6835188103835151,1.0,0.9032284262803116,0.515,0.515,0.0,0.0,0.7951263920385189,0.5997722148445781,1.0,1.0,0.3418,0.3418,0.0,0.0,0.7582069934795395,0.5856435616609893,1.0,1.0,0.515,0.515,0.0,0.0,0.6035510617364638,0.7016466121966567,1.0,1.0,0.3418,0.515,0.0,0.0,0.7297962010692146,0.6541817189862267,1.0,0.9897429326899567,0.515,0.515,0.0,0.0,0.7942910471000955,0.7593930819234933,1.0,0.963712231285636,0.515,0.515,0.0,0.0,0.5166,0.5166,0.6343679879136503,0.7155101870063326,1.0,0.9454787820673142,0.515,0.3418,0.0,0.0,0.7133237516624338,0.5968144470705873,1.0,0.9747366737390899,0.3418,0.3418,0.0,0.0,0.59,0.5166,0.6553398147640348,0.6116516419863286,1.0,0.9587833822729052,0.515,0.3418,0.0,0.0,0.6385228135030594,0.6892177992830898,1.0,0.9687459532213141,0.515,0.515,0.0,0.0,0.7972335274932638,0.6624880647613873,1.0,0.9407748384865243,0.515,0.515,0.0,0.0,0.7405896115321944,0.5816377978535006,1.0,0.9303098354517367,0.515,0.515,0.0,0.0
,140,1.0,0.7206300468857034,0.6055248023854698,0.6590834696903604,0.6858257949843642,0.7691927608653113,0.9478456368463667,0.0,1.0,0.7008142044477372,0.4234148686450009,0.7512253012450402,0.7679723706615673,0.6291674400804105,0.6636265615336046,1.0,0.488,1.0,0.0,1.0,0.7210204978690755,0.3745088759456044,0.8243014360963764,0.8481387093182783,0.6753635402031886,0.6099481470579711,0.7380809497214011,0.7997060286647562,0.9053816584809345,0.5913,0.488,0.9382387186313932,0.0,0.7963327644253708,0.42524608878020786,0.6564982137416163,0.7467735393981605,0.7452294608306402,0.8941261123940113,0.0,0.3546417032640787,0.6922629046307018,0.7131300001876517,1.0,0.41137652911563694,0.488,0.0,0.7786737048628604,0.3997842529252621,0.651268558588036,0.7119041485376123,0.6953421153737842,1.0,0.8631076109123672,0.0,1.0,0.8002710718320106,0.3748470345842596,0.7088670522599219,0.6866867228167108,0.7675302975316656,0.7628337814109043,0.7191341470742412,0.8236111672842491,0.9752705651960574,0.488,0.9366373856076171,0.0,1.0,0.7976054239636889,0.3642589553887573,0.7679750694409615,0.7257405608218946,0.7111240699385644,0.6920079913965,0.7653437093999573,0.6380372546642844,0.894624574322356,0.3596,0.9714284345519056,0.0,1.0,0.6544276909315463,0.3645735468824425,0.7932020157856097,0.6941648936669522,0.6735425156740392,0.7015940444010625,0.9725555342727347,0.3596,0.9848094778028575,0.0,1.0,0.7327716724704109,0.3416714231990149,0.7959284811451435,0.7117920894256691,0.6962749438688458,0.595496881850965,0.7556213929874671,0.971346619389828,0.488,0.9675267108837332,0.0,1.0,0.6822654702245241,0.6009704135215856,0.629306188677042,0.7612783987603036,0.6372037247685323,0.538,1.0,0.0,1.0,0.7647351143979735,0.678989371305528,0.7757744929403235,0.7276123880147476,0.6097364888317403,0.9891433680382206,0.3596,0.93504658205805,0.0,1.0,0.6297512028986623,0.43450349902650576,0.716807550228026,0.6087510542286861,0.779606089182354,0.6327501731551802,0.8017637189243234,0.488,1.0,0.0,0.669091307502266,0.9167969993062488,0.0,1.0,0.7454960544231788,0.3768063408766531,0.7399626493514351,0.5916385213478037,0.8574990678641013,0.0,0.6820007904923273,0.37845757286190396,0.6580886189483784,0.7609201122495216,0.7926301192792167,0.741278351508148,0.9315370055237563,0.488,0.8988910585553566,0.0,0.488,0.0,0.7465306276920547,0.5926707843242476,0.0,1.0,0.8096754513345388,0.3795226008634867,0.7755928571181975,0.8138943560742229,0.8003290442821378,0.6164822772316365,0.6004981676063645,0.6553775365308747,0.980745680162032,0.488,1.0,0.0,1.0,0.6879764592544539,0.39351732458809163,0.6759628764388714,0.808205333180589,0.6877518679305701,0.7171144286477473,0.6903299218790704,0.7439313763101901,0.9816258012919925,0.488,0.9521774265106405,0.0,0.7732245073143797,0.395230142865112,0.7071050573721223,0.6735100907127871,1.0,0.0,1.0,0.7475069922020416,0.3509204163841194,0.7769098039703835,0.7127350964733026,0.6250542508557371,0.7614620762245224,0.6559523343691274,0.720834634099337,0.918336556838526,0.538,0.8801252476858629,0.0,0.4186579979499421,0.792114130266911,0.0,0.9994943324540959,0.0,1.0,0.3562367903793599,0.7542126929441024,0.6960672105994365,0.3596,1.0,0.0,0.6390899014672546,0.4367853381772474,0.7348635267591919,0.6396383507394781,0.0,0.0,0.0,0.0,0.0,0.0,0.0,0.0,0.0,0.0,0.0,0.0,0.0,0.0,0.0,0.0,0.0,0.0,0.0,0.0,0.0,0.0,0.0,0.0,0.0,0.0,0.0,0.7632459047906215,0.6514127088363447,1.0,0.9932705776063538,0.3596,0.3596,0.0,0.0,0.538,0.5913,0.7497284809685595,0.6876265898716917,1.0,1.0,0.3596,0.3596,0.0,0.0,0.538,0.538,0.6342006430474264,0.6116988408676026,1.0,0.8797137376487819,0.488,0.3596,0.0,0.0,0.5913,0.5913,0.7292847266096031,0.7335948756998519,1.0,0.9843187424699883,0.488,0.488,0.0,0.0,0.7984931369074427,0.575854049760816,1.0,0.9476761423437651,0.3596,0.488,0.0,0.0,0.745230070629656,0.6547095655781491,1.0,0.96745454054282,0.3596,0.488,0.0,0.0,0.6538324063425451,0.6005917792751536,1.0,0.94803351264431,0.3596,0.0,0.0,0.5913,0.5913,0.6681203025040069,0.6321299124303823,1.0,0.9233239021767916,0.488,0.488,0.0,0.0,0.5913,0.5913,0.677436394423963,0.5880824962486937,1.0,1.0,0.488,0.3596,0.0,0.0,0.5913,0.5913,0.7195996088288816,0.7415204058838755,1.0,1.0,0.3596,0.488,0.0,0.0,0.5913,0.538,0.6663733526569864,0.7684310959832995,1.0,0.9746226904731607,0.488,0.3596,0.0,0.0,0.538,0.5913,0.6537113055079194,0.6356178674580407,1.0,0.9141731545184606,0.0,0.538,0.538,0.6351960634902634,0.5886034336487772,1.0,0.9792809506389594,0.3596,0.3596,0.0,0.0,0.5913,0.538,0.7781131986305768,0.6445328951357743,1.0,0.994263693890687,0.488,0.488,0.0,0.0,0.7420398917239037,0.6601907242600085,1.0,0.9781439674905397,0.3596,0.3596,0.0,0.0,0.6420312719146613,0.6835188103835151,1.0,0.9032284262803116,0.488,0.488,0.0,0.0,0.7951263920385189,0.5997722148445781,1.0,1.0,0.3596,0.3596,0.0,0.0,0.7582069934795395,0.5856435616609893,1.0,1.0,0.488,0.488,0.0,0.0,0.6035510617364638,0.7016466121966567,1.0,1.0,0.3596,0.488,0.0,0.0,0.7297962010692146,0.6541817189862267,1.0,0.9897429326899567,0.488,0.488,0.0,0.0,0.7942910471000955,0.7593930819234933,1.0,0.963712231285636,0.488,0.488,0.0,0.0,0.538,0.538,0.6343679879136503,0.7155101870063326,1.0,0.9454787820673142,0.488,0.3596,0.0,0.0,0.7133237516624338,0.5968144470705873,1.0,0.9747366737390899,0.3596,0.3596,0.0,0.0,0.5913,0.538,0.6553398147640348,0.6116516419863286,1.0,0.9587833822729052,0.488,0.3596,0.0,0.0,0.6385228135030594,0.6892177992830898,1.0,0.9687459532213141,0.488,0.488,0.0,0.0,0.7972335274932638,0.6624880647613873,1.0,0.9407748384865243,0.488,0.488,0.0,0.0,0.7405896115321944,0.5816377978535006,1.0,0.9303098354517367,0.488,0.488,0.0,0.0
,141,1.0,0.7206300468857034,0.6055248023854698,0.6590834696903604,0.6858257949843642,0.7691927608653113,0.9478456368463667,0.0,1.0,0.7008142044477372,0.4234148686450009,0.7512253012450402,0.7679723706615673,0.6291674400804105,0.6636265615336046,1.0,0.448,1.0,0.0,1.0,0.7210204978690755,0.3745088759456044,0.8243014360963764,0.8481387093182783,0.6753635402031886,0.6099481470579711,0.7380809497214011,0.7997060286647562,0.9053816584809345,0.572,0.448,0.9382387186313932,0.0,0.7963327644253708,0.42524608878020786,0.6564982137416163,0.7467735393981605,0.7452294608306402,0.8941261123940113,0.0,0.3546417032640787,0.6922629046307018,0.7131300001876517,1.0,0.41137652911563694,0.448,0.0,0.7786737048628604,0.3997842529252621,0.651268558588036,0.7119041485376123,0.6953421153737842,1.0,0.8631076109123672,0.0,1.0,0.8002710718320106,0.3748470345842596,0.7088670522599219,0.6866867228167108,0.7675302975316656,0.7628337814109043,0.7191341470742412,0.8236111672842491,0.9752705651960574,0.448,0.9366373856076171,0.0,1.0,0.7976054239636889,0.3642589553887573,0.7679750694409615,0.7257405608218946,0.7111240699385644,0.6920079913965,0.7653437093999573,0.6380372546642844,0.894624574322356,0.3684,0.9714284345519056,0.0,1.0,0.6544276909315463,0.3645735468824425,0.7932020157856097,0.6941648936669522,0.6735425156740392,0.7015940444010625,0.9725555342727347,0.3684,0.9848094778028575,0.0,1.0,0.7327716724704109,0.3416714231990149,0.7959284811451435,0.7117920894256691,0.6962749438688458,0.595496881850965,0.7556213929874671,0.971346619389828,0.448,0.9675267108837332,0.0,1.0,0.6822654702245241,0.6009704135215856,0.629306188677042,0.7612783987603036,0.6372037247685323,0.546,1.0,0.0,1.0,0.7647351143979735,0.678989371305528,0.7757744929403235,0.7276123880147476,0.6097364888317403,0.9891433680382206,0.3684,0.93504658205805,0.0,1.0,0.6297512028986623,0.43450349902650576,0.716807550228026,0.6087510542286861,0.779606089182354,0.6327501731551802,0.8017637189243234,0.448,1.0,0.0,0.669091307502266,0.9167969993062488,0.0,1.0,0.7454960544231788,0.3768063408766531,0.7399626493514351,0.5916385213478037,0.8574990678641013,0.0,0.6820007904923273,0.37845757286190396,0.6580886189483784,0.7609201122495216,0.7926301192792167,0.741278351508148,0.9315370055237563,0.448,0.8988910585553566,0.0,0.448,0.0,0.7465306276920547,0.5926707843242476,0.0,1.0,0.8096754513345388,0.3795226008634867,0.7755928571181975,0.8138943560742229,0.8003290442821378,0.6164822772316365,0.6004981676063645,0.6553775365308747,0.980745680162032,0.448,1.0,0.0,1.0,0.6879764592544539,0.39351732458809163,0.6759628764388714,0.808205333180589,0.6877518679305701,0.7171144286477473,0.6903299218790704,0.7439313763101901,0.9816258012919925,0.448,0.9521774265106405,0.0,0.7732245073143797,0.395230142865112,0.7071050573721223,0.6735100907127871,1.0,0.0,1.0,0.7475069922020416,0.3509204163841194,0.7769098039703835,0.7127350964733026,0.6250542508557371,0.7614620762245224,0.6559523343691274,0.720834634099337,0.918336556838526,0.546,0.8801252476858629,0.0,0.4186579979499421,0.792114130266911,0.0,0.9994943324540959,0.0,1.0,0.3562367903793599,0.7542126929441024,0.6960672105994365,0.3684,1.0,0.0,0.6390899014672546,0.4367853381772474,0.7348635267591919,0.6396383507394781,0.0,0.0,0.0,0.0,0.0,0.0,0.0,0.0,0.0,0.0,0.0,0.0,0.0,0.0,0.0,0.0,0.0,0.0,0.0,0.0,0.0,0.0,0.0,0.0,0.0,0.0,0.0,0.7632459047906215,0.6514127088363447,1.0,0.9932705776063538,0.3684,0.3684,0.0,0.0,0.546,0.572,0.7497284809685595,0.6876265898716917,1.0,1.0,0.3684,0.3684,0.0,0.0,0.546,0.546,0.6342006430474264,0.6116988408676026,1.0,0.8797137376487819,0.448,0.3684,0.0,0.0,0.572,0.572,0.7292847266096031,0.7335948756998519,1.0,0.9843187424699883,0.448,0.448,0.0,0.0,0.7984931369074427,0.575854049760816,1.0,0.9476761423437651,0.3684,0.448,0.0,0.0,0.745230070629656,0.6547095655781491,1.0,0.96745454054282,0.3684,0.448,0.0,0.0,0.6538324063425451,0.6005917792751536,1.0,0.94803351264431,0.3684,0.0,0.0,0.572,0.572,0.6681203025040069,0.6321299124303823,1.0,0.9233239021767916,0.448,0.448,0.0,0.0,0.572,0.572,0.677436394423963,0.5880824962486937,1.0,1.0,0.448,0.3684,0.0,0.0,0.572,0.572,0.7195996088288816,0.7415204058838755,1.0,1.0,0.3684,0.448,0.0,0.0,0.572,0.546,0.6663733526569864,0.7684310959832995,1.0,0.9746226904731607,0.448,0.3684,0.0,0.0,0.546,0.572,0.6537113055079194,0.6356178674580407,1.0,0.9141731545184606,0.0,0.546,0.546,0.6351960634902634,0.5886034336487772,1.0,0.9792809506389594,0.3684,0.3684,0.0,0.0,0.572,0.546,0.7781131986305768,0.6445328951357743,1.0,0.994263693890687,0.448,0.448,0.0,0.0,0.7420398917239037,0.6601907242600085,1.0,0.9781439674905397,0.3684,0.3684,0.0,0.0,0.6420312719146613,0.6835188103835151,1.0,0.9032284262803116,0.448,0.448,0.0,0.0,0.7951263920385189,0.5997722148445781,1.0,1.0,0.3684,0.3684,0.0,0.0,0.7582069934795395,0.5856435616609893,1.0,1.0,0.448,0.448,0.0,0.0,0.6035510617364638,0.7016466121966567,1.0,1.0,0.3684,0.448,0.0,0.0,0.7297962010692146,0.6541817189862267,1.0,0.9897429326899567,0.448,0.448,0.0,0.0,0.7942910471000955,0.7593930819234933,1.0,0.963712231285636,0.448,0.448,0.0,0.0,0.546,0.546,0.6343679879136503,0.7155101870063326,1.0,0.9454787820673142,0.448,0.3684,0.0,0.0,0.7133237516624338,0.5968144470705873,1.0,0.9747366737390899,0.3684,0.3684,0.0,0.0,0.572,0.546,0.6553398147640348,0.6116516419863286,1.0,0.9587833822729052,0.448,0.3684,0.0,0.0,0.6385228135030594,0.6892177992830898,1.0,0.9687459532213141,0.448,0.448,0.0,0.0,0.7972335274932638,0.6624880647613873,1.0,0.9407748384865243,0.448,0.448,0.0,0.0,0.7405896115321944,0.5816377978535006,1.0,0.9303098354517367,0.448,0.448,0.0,0.0
,142,1.0,0.7206300468857034,0.6055248023854698,0.6590834696903604,0.6858257949843642,0.7691927608653113,0.9478456368463667,0.0,1.0,0.7008142044477372,0.4234148686450009,0.7512253012450402,0.7679723706615673,0.6291674400804105,0.6636265615336046,1.0,0.4033,1.0,0.0,1.0,0.7210204978690755,0.3745088759456044,0.8243014360963764,0.8481387093182783,0.6753635402031886,0.6099481470579711,0.7380809497214011,0.7997060286647562,0.9053816584809345,0.5474,0.4033,0.9382387186313932,0.0,0.7963327644253708,0.42524608878020786,0.6564982137416163,0.7467735393981605,0.7452294608306402,0.8941261123940113,0.0,0.3546417032640787,0.6922629046307018,0.7131300001876517,1.0,0.41137652911563694,0.4033,0.0,0.7786737048628604,0.3997842529252621,0.651268558588036,0.7119041485376123,0.6953421153737842,1.0,0.8631076109123672,0.0,1.0,0.8002710718320106,0.3748470345842596,0.7088670522599219,0.6866867228167108,0.7675302975316656,0.7628337814109043,0.7191341470742412,0.8236111672842491,0.9752705651960574,0.4033,0.9366373856076171,0.0,1.0,0.7976054239636889,0.3642589553887573,0.7679750694409615,0.7257405608218946,0.7111240699385644,0.6920079913965,0.7653437093999573,0.6380372546642844,0.894624574322356,0.3762,0.9714284345519056,0.0,1.0,0.6544276909315463,0.3645735468824425,0.7932020157856097,0.6941648936669522,0.6735425156740392,0.7015940444010625,0.9725555342727347,0.3762,0.9848094778028575,0.0,1.0,0.7327716724704109,0.3416714231990149,0.7959284811451435,0.7117920894256691,0.6962749438688458,0.595496881850965,0.7556213929874671,0.971346619389828,0.4033,0.9675267108837332,0.0,1.0,0.6822654702245241,0.6009704135215856,0.629306188677042,0.7612783987603036,0.6372037247685323,0.554,1.0,0.0,1.0,0.7647351143979735,0.678989371305528,0.7757744929403235,0.7276123880147476,0.6097364888317403,0.9891433680382206,0.3762,0.93504658205805,0.0,1.0,0.6297512028986623,0.43450349902650576,0.716807550228026,0.6087510542286861,0.779606089182354,0.6327501731551802,0.8017637189243234,0.4033,1.0,0.0,0.669091307502266,0.9167969993062488,0.0,1.0,0.7454960544231788,0.3768063408766531,0.7399626493514351,0.5916385213478037,0.8574990678641013,0.0,0.6820007904923273,0.37845757286190396,0.6580886189483784,0.7609201122495216,0.7926301192792167,0.741278351508148,0.9315370055237563,0.4033,0.8988910585553566,0.0,0.4033,0.0,0.7465306276920547,0.5926707843242476,0.0,1.0,0.8096754513345388,0.3795226008634867,0.7755928571181975,0.8138943560742229,0.8003290442821378,0.6164822772316365,0.6004981676063645,0.6553775365308747,0.980745680162032,0.4033,1.0,0.0,1.0,0.6879764592544539,0.39351732458809163,0.6759628764388714,0.808205333180589,0.6877518679305701,0.7171144286477473,0.6903299218790704,0.7439313763101901,0.9816258012919925,0.4033,0.9521774265106405,0.0,0.7732245073143797,0.395230142865112,0.7071050573721223,0.6735100907127871,1.0,0.0,1.0,0.7475069922020416,0.3509204163841194,0.7769098039703835,0.7127350964733026,0.6250542508557371,0.7614620762245224,0.6559523343691274,0.720834634099337,0.918336556838526,0.554,0.8801252476858629,0.0,0.4186579979499421,0.792114130266911,0.0,0.9994943324540959,0.0,1.0,0.3562367903793599,0.7542126929441024,0.6960672105994365,0.3762,1.0,0.0,0.6390899014672546,0.4367853381772474,0.7348635267591919,0.6396383507394781,0.0,0.0,0.0,0.0,0.0,0.0,0.0,0.0,0.0,0.0,0.0,0.0,0.0,0.0,0.0,0.0,0.0,0.0,0.0,0.0,0.0,0.0,0.0,0.0,0.0,0.0,0.0,0.7632459047906215,0.6514127088363447,1.0,0.9932705776063538,0.3762,0.3762,0.0,0.0,0.554,0.5474,0.7497284809685595,0.6876265898716917,1.0,1.0,0.3762,0.3762,0.0,0.0,0.554,0.554,0.6342006430474264,0.6116988408676026,1.0,0.8797137376487819,0.4033,0.3762,0.0,0.0,0.5474,0.5474,0.7292847266096031,0.7335948756998519,1.0,0.9843187424699883,0.4033,0.4033,0.0,0.0,0.7984931369074427,0.575854049760816,1.0,0.9476761423437651,0.3762,0.4033,0.0,0.0,0.745230070629656,0.6547095655781491,1.0,0.96745454054282,0.3762,0.4033,0.0,0.0,0.6538324063425451,0.6005917792751536,1.0,0.94803351264431,0.3762,0.0,0.0,0.5474,0.5474,0.6681203025040069,0.6321299124303823,1.0,0.9233239021767916,0.4033,0.4033,0.0,0.0,0.5474,0.5474,0.677436394423963,0.5880824962486937,1.0,1.0,0.4033,0.3762,0.0,0.0,0.5474,0.5474,0.7195996088288816,0.7415204058838755,1.0,1.0,0.3762,0.4033,0.0,0.0,0.5474,0.554,0.6663733526569864,0.7684310959832995,1.0,0.9746226904731607,0.4033,0.3762,0.0,0.0,0.554,0.5474,0.6537113055079194,0.6356178674580407,1.0,0.9141731545184606,0.0,0.554,0.554,0.6351960634902634,0.5886034336487772,1.0,0.9792809506389594,0.3762,0.3762,0.0,0.0,0.5474,0.554,0.7781131986305768,0.6445328951357743,1.0,0.994263693890687,0.4033,0.4033,0.0,0.0,0.7420398917239037,0.6601907242600085,1.0,0.9781439674905397,0.3762,0.3762,0.0,0.0,0.6420312719146613,0.6835188103835151,1.0,0.9032284262803116,0.4033,0.4033,0.0,0.0,0.7951263920385189,0.5997722148445781,1.0,1.0,0.3762,0.3762,0.0,0.0,0.7582069934795395,0.5856435616609893,1.0,1.0,0.4033,0.4033,0.0,0.0,0.6035510617364638,0.7016466121966567,1.0,1.0,0.3762,0.4033,0.0,0.0,0.7297962010692146,0.6541817189862267,1.0,0.9897429326899567,0.4033,0.4033,0.0,0.0,0.7942910471000955,0.7593930819234933,1.0,0.963712231285636,0.4033,0.4033,0.0,0.0,0.554,0.554,0.6343679879136503,0.7155101870063326,1.0,0.9454787820673142,0.4033,0.3762,0.0,0.0,0.7133237516624338,0.5968144470705873,1.0,0.9747366737390899,0.3762,0.3762,0.0,0.0,0.5474,0.554,0.6553398147640348,0.6116516419863286,1.0,0.9587833822729052,0.4033,0.3762,0.0,0.0,0.6385228135030594,0.6892177992830898,1.0,0.9687459532213141,0.4033,0.4033,0.0,0.0,0.7972335274932638,0.6624880647613873,1.0,0.9407748384865243,0.4033,0.4033,0.0,0.0,0.7405896115321944,0.5816377978535006,1.0,0.9303098354517367,0.4033,0.4033,0.0,0.0
,143,1.0,0.7206300468857034,0.6055248023854698,0.6590834696903604,0.6858257949843642,0.7691927608653113,0.9478456368463667,0.0,1.0,0.7008142044477372,0.4234148686450009,0.7512253012450402,0.7679723706615673,0.6291674400804105,0.6636265615336046,1.0,0.3633,1.0,0.0,1.0,0.7210204978690755,0.3745088759456044,0.8243014360963764,0.8481387093182783,0.6753635402031886,0.6099481470579711,0.7380809497214011,0.7997060286647562,0.9053816584809345,0.4858,0.3633,0.9382387186313932,0.0,0.7963327644253708,0.42524608878020786,0.6564982137416163,0.7467735393981605,0.7452294608306402,0.8941261123940113,0.0,0.3546417032640787,0.6922629046307018,0.7131300001876517,1.0,0.41137652911563694,0.3633,0.0,0.7786737048628604,0.3997842529252621,0.651268558588036,0.7119041485376123,0.6953421153737842,1.0,0.8631076109123672,0.0,1.0,0.8002710718320106,0.3748470345842596,0.7088670522599219,0.6866867228167108,0.7675302975316656,0.7628337814109043,0.7191341470742412,0.8236111672842491,0.9752705651960574,0.3633,0.9366373856076171,0.0,1.0,0.7976054239636889,0.3642589553887573,0.7679750694409615,0.7257405608218946,0.7111240699385644,0.6920079913965,0.7653437093999573,0.6380372546642844,0.894624574322356,0.39,0.9714284345519056,0.0,1.0,0.6544276909315463,0.3645735468824425,0.7932020157856097,0.6941648936669522,0.6735425156740392,0.7015940444010625,0.9725555342727347,0.39,0.9848094778028575,0.0,1.0,0.7327716724704109,0.3416714231990149,0.7959284811451435,0.7117920894256691,0.6962749438688458,0.595496881850965,0.7556213929874671,0.971346619389828,0.3633,0.9675267108837332,0.0,1.0,0.6822654702245241,0.6009704135215856,0.629306188677042,0.7612783987603036,0.6372037247685323,0.575,1.0,0.0,1.0,0.7647351143979735,0.678989371305528,0.7757744929403235,0.7276123880147476,0.6097364888317403,0.9891433680382206,0.39,0.93504658205805,0.0,1.0,0.6297512028986623,0.43450349902650576,0.716807550228026,0.6087510542286861,0.779606089182354,0.6327501731551802,0.8017637189243234,0.3633,1.0,0.0,0.669091307502266,0.9167969993062488,0.0,1.0,0.7454960544231788,0.3768063408766531,0.7399626493514351,0.5916385213478037,0.8574990678641013,0.0,0.6820007904923273,0.37845757286190396,0.6580886189483784,0.7609201122495216,0.7926301192792167,0.741278351508148,0.9315370055237563,0.3633,0.8988910585553566,0.0,0.3633,0.0,0.7465306276920547,0.5926707843242476,0.0,1.0,0.8096754513345388,0.3795226008634867,0.7755928571181975,0.8138943560742229,0.8003290442821378,0.6164822772316365,0.6004981676063645,0.6553775365308747,0.980745680162032,0.3633,1.0,0.0,1.0,0.6879764592544539,0.39351732458809163,0.6759628764388714,0.808205333180589,0.6877518679305701,0.7171144286477473,0.6903299218790704,0.7439313763101901,0.9816258012919925,0.3633,0.9521774265106405,0.0,0.7732245073143797,0.395230142865112,0.7071050573721223,0.6735100907127871,1.0,0.0,1.0,0.7475069922020416,0.3509204163841194,0.7769098039703835,0.7127350964733026,0.6250542508557371,0.7614620762245224,0.6559523343691274,0.720834634099337,0.918336556838526,0.575,0.8801252476858629,0.0,0.4186579979499421,0.792114130266911,0.0,0.9994943324540959,0.0,1.0,0.3562367903793599,0.7542126929441024,0.6960672105994365,0.39,1.0,0.0,0.6390899014672546,0.4367853381772474,0.7348635267591919,0.6396383507394781,0.0,0.0,0.0,0.0,0.0,0.0,0.0,0.0,0.0,0.0,0.0,0.0,0.0,0.0,0.0,0.0,0.0,0.0,0.0,0.0,0.0,0.0,0.0,0.0,0.0,0.0,0.0,0.7632459047906215,0.6514127088363447,1.0,0.9932705776063538,0.39,0.39,0.0,0.0,0.575,0.4858,0.7497284809685595,0.6876265898716917,1.0,1.0,0.39,0.39,0.0,0.0,0.575,0.575,0.6342006430474264,0.6116988408676026,1.0,0.8797137376487819,0.3633,0.39,0.0,0.0,0.4858,0.4858,0.7292847266096031,0.7335948756998519,1.0,0.9843187424699883,0.3633,0.3633,0.0,0.0,0.7984931369074427,0.575854049760816,1.0,0.9476761423437651,0.39,0.3633,0.0,0.0,0.745230070629656,0.6547095655781491,1.0,0.96745454054282,0.39,0.3633,0.0,0.0,0.6538324063425451,0.6005917792751536,1.0,0.94803351264431,0.39,0.0,0.0,0.4858,0.4858,0.6681203025040069,0.6321299124303823,1.0,0.9233239021767916,0.3633,0.3633,0.0,0.0,0.4858,0.4858,0.677436394423963,0.5880824962486937,1.0,1.0,0.3633,0.39,0.0,0.0,0.4858,0.4858,0.7195996088288816,0.7415204058838755,1.0,1.0,0.39,0.3633,0.0,0.0,0.4858,0.575,0.6663733526569864,0.7684310959832995,1.0,0.9746226904731607,0.3633,0.39,0.0,0.0,0.575,0.4858,0.6537113055079194,0.6356178674580407,1.0,0.9141731545184606,0.0,0.575,0.575,0.6351960634902634,0.5886034336487772,1.0,0.9792809506389594,0.39,0.39,0.0,0.0,0.4858,0.575,0.7781131986305768,0.6445328951357743,1.0,0.994263693890687,0.3633,0.3633,0.0,0.0,0.7420398917239037,0.6601907242600085,1.0,0.9781439674905397,0.39,0.39,0.0,0.0,0.6420312719146613,0.6835188103835151,1.0,0.9032284262803116,0.3633,0.3633,0.0,0.0,0.7951263920385189,0.5997722148445781,1.0,1.0,0.39,0.39,0.0,0.0,0.7582069934795395,0.5856435616609893,1.0,1.0,0.3633,0.3633,0.0,0.0,0.6035510617364638,0.7016466121966567,1.0,1.0,0.39,0.3633,0.0,0.0,0.7297962010692146,0.6541817189862267,1.0,0.9897429326899567,0.3633,0.3633,0.0,0.0,0.7942910471000955,0.7593930819234933,1.0,0.963712231285636,0.3633,0.3633,0.0,0.0,0.575,0.575,0.6343679879136503,0.7155101870063326,1.0,0.9454787820673142,0.3633,0.39,0.0,0.0,0.7133237516624338,0.5968144470705873,1.0,0.9747366737390899,0.39,0.39,0.0,0.0,0.4858,0.575,0.6553398147640348,0.6116516419863286,1.0,0.9587833822729052,0.3633,0.39,0.0,0.0,0.6385228135030594,0.6892177992830898,1.0,0.9687459532213141,0.3633,0.3633,0.0,0.0,0.7972335274932638,0.6624880647613873,1.0,0.9407748384865243,0.3633,0.3633,0.0,0.0,0.7405896115321944,0.5816377978535006,1.0,0.9303098354517367,0.3633,0.3633,0.0,0.0
,144,1.0,0.8039797356737,0.8487233221765733,0.8882679087704254,0.797732926639701,0.8982948226947121,0.7224369413907978,0.0,1.0,0.843950463030399,0.44017761378333725,0.8060684491118368,0.9243973353017543,0.8086993617563059,0.7919686739219012,0.9803448409337412,0.4446,0.74191030533824,0.0,1.0,0.9027057955023547,0.4592250280458635,0.841301847799013,0.8756343709410619,0.9538573128803167,0.8054508598453772,0.799511253575212,0.9099691540721513,1.0,0.7417,0.8096,0.8565762006444634,0.0,0.7837274662586873,0.4286059244589575,0.8516405823917028,0.8093215617765802,0.7949437644531693,0.8095936545397149,0.0,0.40035542530621226,0.7892716847944711,0.7568076325861908,1.0,0.4039568085774716,0.4446,0.0,0.7601611554313414,0.3785024101586454,0.8540030916567218,0.9452936558821723,0.73068098342811,0.9365622477786754,0.8202248058770905,0.0,1.0,0.8866987789071589,0.3792594115253217,0.797406926784223,0.7578304492177025,0.7996258143383473,0.8444612143512895,0.8581729500163997,0.8984462695560149,1.0,0.4446,0.7073228813396987,0.0,1.0,0.7946193809140429,0.4039527870904762,0.728602548939477,0.78436417386136,0.9034928862194068,0.8551111775901049,0.8272198835334658,0.7334024709953554,1.0,0.4446,0.8215168660400676,0.0,1.0,0.747900575665944,0.41459132964968787,0.8991917543854284,0.8119196672385104,0.8363855573429525,0.7739139439208066,0.9577290739182237,0.8096,0.8010379535198039,0.0,1.0,0.8166393256279776,0.41322780135910864,0.7958519217117371,0.7912216744482838,0.8817597402535117,0.7872866214857765,0.7153698932371018,0.8993541775430125,0.8096,0.7323087391195283,0.0,1.0,0.8288415605254215,0.8914292662635492,0.8619725007435493,0.8446944238541746,0.7564228699584877,0.412,0.848713537107019,0.0,1.0,0.9099066127054176,0.7993053612037383,0.7856845016664746,0.9530780075100933,0.9179087926798521,0.8869560703147874,0.8096,0.8367283734154811,0.0,1.0,0.7735228686049638,0.37458283112223645,0.8735140660658249,0.8995054016777907,0.8175293408469193,0.8095665564112138,0.7703382932419769,0.8096,0.7904368220372435,0.0,0.9148196299899285,0.7245982527768772,0.0,1.0,0.7187893588352319,0.3995007743222828,0.8720743762675238,0.9293894446582144,0.8178523180592971,0.0,0.8494412673343129,0.43942015338285323,0.8621948621537017,0.7996618461871255,0.9347237619745536,0.8528078033866004,1.0,0.8096,0.7224590595526468,0.0,0.8096,0.0,0.8434861191219747,0.9350308333836957,0.0,1.0,0.8879316170743633,0.4405186535973335,0.8450115784347724,0.7821703783754175,0.8235550280723538,0.7901163574701963,0.9410777148200129,0.7382087083001958,0.9837741680008746,0.8096,0.7725366114970114,0.0,1.0,0.9063681641811121,0.45237773203793186,0.7549797159926186,0.7664646337800805,0.8555086610568273,0.7743947945252279,0.8457916645592648,0.7929413121025368,0.8736838300002773,0.4446,0.7528310170938599,0.0,0.873351912980169,0.41290534151238734,0.7455475330097949,0.8775517926400003,0.8025477261386791,0.0,1.0,0.748023284813585,0.3921343821941023,0.9058177920820255,0.8301400565012189,0.7932810200318745,0.8855719672581979,0.9329946263557704,0.73297678544744,1.0,0.7417,0.7838151390277156,0.0,0.4082730913065182,0.9434772239052881,0.0,0.8725342218436327,0.0,1.0,0.4249829452164793,0.7167887835953148,0.9163824732247496,0.4446,0.7761097072962432,0.0,0.8086014548247751,0.4267796445404802,0.9023151411048953,0.7826171899613803,0.0,0.0,0.0,0.0,0.0,0.0,0.0,0.0,0.0,0.0,0.0,0.0,0.0,0.0,0.0,0.0,0.0,0.0,0.0,0.0,0.0,0.0,0.0,0.0,0.0,0.0,0.0,0.9038520994472943,0.9559957202357724,1.0,0.9055103243817488,0.4446,0.4446,0.0,0.0,0.7417,0.7417,0.9115133836345558,0.7684972364902806,1.0,1.0,0.8096,0.4446,0.0,0.0,0.7417,0.412,0.8184414973469751,0.7846503157488398,1.0,0.9054956568962185,0.4446,0.8096,0.0,0.0,0.7417,0.7417,0.7991116086227293,0.8168791262564387,1.0,0.8892690987184315,0.8096,0.8096,0.0,0.0,0.8042812657442566,0.9536590167668542,1.0,0.9106135688464668,0.4446,0.4446,0.0,0.0,0.8711685073162974,0.9350017932230303,1.0,0.9832270702979691,0.8096,0.8096,0.0,0.0,0.9179077268655929,0.8563113914758567,1.0,0.9780470656659581,0.8096,0.0,0.0,0.412,0.412,0.870185294153601,0.7989570454191394,1.0,1.0,0.4446,0.8096,0.0,0.0,0.7417,0.7417,0.79474304994349,0.856564254648302,1.0,0.8929491601417742,0.4446,0.8096,0.0,0.0,0.7417,0.412,0.8602011236118552,0.7874725829308411,1.0,1.0,0.4446,0.4446,0.0,0.0,0.412,0.412,0.8683816526420814,0.8327240970244437,1.0,1.0,0.4446,0.4446,0.0,0.0,0.7417,0.7417,0.9653205108790285,0.7854757677469074,1.0,0.9776950969118158,0.0,0.412,0.412,0.9343696708323507,0.8951394666216216,1.0,0.9268997507383635,0.8096,0.4446,0.0,0.0,0.412,0.412,0.7785101280776525,0.8307957341435003,1.0,1.0,0.8096,0.8096,0.0,0.0,0.9554578822258948,0.8770897004187348,1.0,1.0,0.8096,0.4446,0.0,0.0,0.9158795625441084,0.8406929215836803,1.0,0.9851033725991021,0.4446,0.4446,0.0,0.0,0.812982781153346,0.9041528338575024,1.0,0.9685942887281944,0.8096,0.8096,0.0,0.0,0.8434335315519458,0.9396426304478276,1.0,1.0,0.8096,0.8096,0.0,0.0,0.7816017091604656,0.847578843245911,1.0,0.9196855656038229,0.4446,0.8096,0.0,0.0,0.8101958590409967,0.8330067665060276,1.0,0.8759570066202453,0.4446,0.8096,0.0,0.0,0.7764670353198495,0.7625594187480005,1.0,1.0,0.8096,0.8096,0.0,0.0,0.412,0.412,0.8159929975469201,0.7776268127499015,1.0,0.915187702182494,0.4446,0.8096,0.0,0.0,0.962446093410315,0.9403391783947506,1.0,0.9454186624886063,0.8096,0.4446,0.0,0.0,0.7417,0.412,0.778444415168596,0.8245475915087446,1.0,0.9445158632247284,0.8096,0.8096,0.0,0.0,0.8891695456690226,0.949901862873596,1.0,0.8903316283889849,0.4446,0.8096,0.0,0.0,0.8189726373196938,0.8984483076563042,1.0,0.9386674090638787,0.4446,0.8096,0.0,0.0,0.8696282383321836,0.8516238174841453,1.0,0.9452748971906675,0.4446,0.4446,0.0,0.0
,145,1.0,0.8039797356737,0.8487233221765733,0.8882679087704254,0.797732926639701,0.8982948226947121,0.7224369413907978,0.0,1.0,0.843950463030399,0.44017761378333725,0.8060684491118368,0.9243973353017543,0.8086993617563059,0.7919686739219012,0.9803448409337412,0.42,0.74191030533824,0.0,1.0,0.9027057955023547,0.4592250280458635,0.841301847799013,0.8756343709410619,0.9538573128803167,0.8054508598453772,0.799511253575212,0.9099691540721513,1.0,0.723,0.8135,0.8565762006444634,0.0,0.7837274662586873,0.4286059244589575,0.8516405823917028,0.8093215617765802,0.7949437644531693,0.8095936545397149,0.0,0.40035542530621226,0.7892716847944711,0.7568076325861908,1.0,0.4039568085774716,0.42,0.0,0.7601611554313414,0.3785024101586454,0.8540030916567218,0.9452936558821723,0.73068098342811,0.9365622477786754,0.8202248058770905,0.0,1.0,0.8866987789071589,0.3792594115253217,0.797406926784223,0.7578304492177025,0.7996258143383473,0.8444612143512895,0.8581729500163997,0.8984462695560149,1.0,0.42,0.7073228813396987,0.0,1.0,0.7946193809140429,0.4039527870904762,0.728602548939477,0.78436417386136,0.9034928862194068,0.8551111775901049,0.8272198835334658,0.7334024709953554,1.0,0.42,0.8215168660400676,0.0,1.0,0.747900575665944,0.41459132964968787,0.8991917543854284,0.8119196672385104,0.8363855573429525,0.7739139439208066,0.9577290739182237,0.8135,0.8010379535198039,0.0,1.0,0.8166393256279776,0.41322780135910864,0.7958519217117371,0.7912216744482838,0.8817597402535117,0.7872866214857765,0.7153698932371018,0.8993541775430125,0.8135,0.7323087391195283,0.0,1.0,0.8288415605254215,0.8914292662635492,0.8619725007435493,0.8446944238541746,0.7564228699584877,0.407,0.848713537107019,0.0,1.0,0.9099066127054176,0.7993053612037383,0.7856845016664746,0.9530780075100933,0.9179087926798521,0.8869560703147874,0.8135,0.8367283734154811,0.0,1.0,0.7735228686049638,0.37458283112223645,0.8735140660658249,0.8995054016777907,0.8175293408469193,0.8095665564112138,0.7703382932419769,0.8135,0.7904368220372435,0.0,0.9148196299899285,0.7245982527768772,0.0,1.0,0.7187893588352319,0.3995007743222828,0.8720743762675238,0.9293894446582144,0.8178523180592971,0.0,0.8494412673343129,0.43942015338285323,0.8621948621537017,0.7996618461871255,0.9347237619745536,0.8528078033866004,1.0,0.8135,0.7224590595526468,0.0,0.8135,0.0,0.8434861191219747,0.9350308333836957,0.0,1.0,0.8879316170743633,0.4405186535973335,0.8450115784347724,0.7821703783754175,0.8235550280723538,0.7901163574701963,0.9410777148200129,0.7382087083001958,0.9837741680008746,0.8135,0.7725366114970114,0.0,1.0,0.9063681641811121,0.45237773203793186,0.7549797159926186,0.7664646337800805,0.8555086610568273,0.7743947945252279,0.8457916645592648,0.7929413121025368,0.8736838300002773,0.42,0.7528310170938599,0.0,0.873351912980169,0.41290534151238734,0.7455475330097949,0.8775517926400003,0.8025477261386791,0.0,1.0,0.748023284813585,0.3921343821941023,0.9058177920820255,0.8301400565012189,0.7932810200318745,0.8855719672581979,0.9329946263557704,0.73297678544744,1.0,0.723,0.7838151390277156,0.0,0.4082730913065182,0.9434772239052881,0.0,0.8725342218436327,0.0,1.0,0.4249829452164793,0.7167887835953148,0.9163824732247496,0.42,0.7761097072962432,0.0,0.8086014548247751,0.4267796445404802,0.9023151411048953,0.7826171899613803,0.0,0.0,0.0,0.0,0.0,0.0,0.0,0.0,0.0,0.0,0.0,0.0,0.0,0.0,0.0,0.0,0.0,0.0,0.0,0.0,0.0,0.0,0.0,0.0,0.0,0.0,0.0,0.9038520994472943,0.9559957202357724,1.0,0.9055103243817488,0.42,0.42,0.0,0.0,0.723,0.723,0.9115133836345558,0.7684972364902806,1.0,1.0,0.8135,0.42,0.0,0.0,0.723,0.407,0.8184414973469751,0.7846503157488398,1.0,0.9054956568962185,0.42,0.8135,0.0,0.0,0.723,0.723,0.7991116086227293,0.8168791262564387,1.0,0.8892690987184315,0.8135,0.8135,0.0,0.0,0.8042812657442566,0.9536590167668542,1.0,0.9106135688464668,0.42,0.42,0.0,0.0,0.8711685073162974,0.9350017932230303,1.0,0.9832270702979691,0.8135,0.8135,0.0,0.0,0.9179077268655929,0.8563113914758567,1.0,0.9780470656659581,0.8135,0.0,0.0,0.407,0.407,0.870185294153601,0.7989570454191394,1.0,1.0,0.42,0.8135,0.0,0.0,0.723,0.723,0.79474304994349,0.856564254648302,1.0,0.8929491601417742,0.42,0.8135,0.0,0.0,0.723,0.407,0.8602011236118552,0.7874725829308411,1.0,1.0,0.42,0.42,0.0,0.0,0.407,0.407,0.8683816526420814,0.8327240970244437,1.0,1.0,0.42,0.42,0.0,0.0,0.723,0.723,0.9653205108790285,0.7854757677469074,1.0,0.9776950969118158,0.0,0.407,0.407,0.9343696708323507,0.8951394666216216,1.0,0.9268997507383635,0.8135,0.42,0.0,0.0,0.407,0.407,0.7785101280776525,0.8307957341435003,1.0,1.0,0.8135,0.8135,0.0,0.0,0.9554578822258948,0.8770897004187348,1.0,1.0,0.8135,0.42,0.0,0.0,0.9158795625441084,0.8406929215836803,1.0,0.9851033725991021,0.42,0.42,0.0,0.0,0.812982781153346,0.9041528338575024,1.0,0.9685942887281944,0.8135,0.8135,0.0,0.0,0.8434335315519458,0.9396426304478276,1.0,1.0,0.8135,0.8135,0.0,0.0,0.7816017091604656,0.847578843245911,1.0,0.9196855656038229,0.42,0.8135,0.0,0.0,0.8101958590409967,0.8330067665060276,1.0,0.8759570066202453,0.42,0.8135,0.0,0.0,0.7764670353198495,0.7625594187480005,1.0,1.0,0.8135,0.8135,0.0,0.0,0.407,0.407,0.8159929975469201,0.7776268127499015,1.0,0.915187702182494,0.42,0.8135,0.0,0.0,0.962446093410315,0.9403391783947506,1.0,0.9454186624886063,0.8135,0.42,0.0,0.0,0.723,0.407,0.778444415168596,0.8245475915087446,1.0,0.9445158632247284,0.8135,0.8135,0.0,0.0,0.8891695456690226,0.949901862873596,1.0,0.8903316283889849,0.42,0.8135,0.0,0.0,0.8189726373196938,0.8984483076563042,1.0,0.9386674090638787,0.42,0.8135,0.0,0.0,0.8696282383321836,0.8516238174841453,1.0,0.9452748971906675,0.42,0.42,0.0,0.0
,146,1.0,0.8039797356737,0.8487233221765733,0.8882679087704254,0.797732926639701,0.8982948226947121,0.7224369413907978,0.0,1.0,0.843950463030399,0.44017761378333725,0.8060684491118368,0.9243973353017543,0.8086993617563059,0.7919686739219012,0.9803448409337412,0.4016,0.74191030533824,0.0,1.0,0.9027057955023547,0.4592250280458635,0.841301847799013,0.8756343709410619,0.9538573128803167,0.8054508598453772,0.799511253575212,0.9099691540721513,1.0,0.7256,0.812,0.8565762006444634,0.0,0.7837274662586873,0.4286059244589575,0.8516405823917028,0.8093215617765802,0.7949437644531693,0.8095936545397149,0.0,0.40035542530621226,0.7892716847944711,0.7568076325861908,1.0,0.4039568085774716,0.4016,0.0,0.7601611554313414,0.3785024101586454,0.8540030916567218,0.9452936558821723,0.73068098342811,0.9365622477786754,0.8202248058770905,0.0,1.0,0.8866987789071589,0.3792594115253217,0.797406926784223,0.7578304492177025,0.7996258143383473,0.8444612143512895,0.8581729500163997,0.8984462695560149,1.0,0.4016,0.7073228813396987,0.0,1.0,0.7946193809140429,0.4039527870904762,0.728602548939477,0.78436417386136,0.9034928862194068,0.8551111775901049,0.8272198835334658,0.7334024709953554,1.0,0.4016,0.8215168660400676,0.0,1.0,0.747900575665944,0.41459132964968787,0.8991917543854284,0.8119196672385104,0.8363855573429525,0.7739139439208066,0.9577290739182237,0.812,0.8010379535198039,0.0,1.0,0.8166393256279776,0.41322780135910864,0.7958519217117371,0.7912216744482838,0.8817597402535117,0.7872866214857765,0.7153698932371018,0.8993541775430125,0.812,0.7323087391195283,0.0,1.0,0.8288415605254215,0.8914292662635492,0.8619725007435493,0.8446944238541746,0.7564228699584877,0.4133,0.848713537107019,0.0,1.0,0.9099066127054176,0.7993053612037383,0.7856845016664746,0.9530780075100933,0.9179087926798521,0.8869560703147874,0.812,0.8367283734154811,0.0,1.0,0.7735228686049638,0.37458283112223645,0.8735140660658249,0.8995054016777907,0.8175293408469193,0.8095665564112138,0.7703382932419769,0.812,0.7904368220372435,0.0,0.9148196299899285,0.7245982527768772,0.0,1.0,0.7187893588352319,0.3995007743222828,0.8720743762675238,0.9293894446582144,0.8178523180592971,0.0,0.8494412673343129,0.43942015338285323,0.8621948621537017,0.7996618461871255,0.9347237619745536,0.8528078033866004,1.0,0.812,0.7224590595526468,0.0,0.812,0.0,0.8434861191219747,0.9350308333836957,0.0,1.0,0.8879316170743633,0.4405186535973335,0.8450115784347724,0.7821703783754175,0.8235550280723538,0.7901163574701963,0.9410777148200129,0.7382087083001958,0.9837741680008746,0.812,0.7725366114970114,0.0,1.0,0.9063681641811121,0.45237773203793186,0.7549797159926186,0.7664646337800805,0.8555086610568273,0.7743947945252279,0.8457916645592648,0.7929413121025368,0.8736838300002773,0.4016,0.7528310170938599,0.0,0.873351912980169,0.41290534151238734,0.7455475330097949,0.8775517926400003,0.8025477261386791,0.0,1.0,0.748023284813585,0.3921343821941023,0.9058177920820255,0.8301400565012189,0.7932810200318745,0.8855719672581979,0.9329946263557704,0.73297678544744,1.0,0.7256,0.7838151390277156,0.0,0.4082730913065182,0.9434772239052881,0.0,0.8725342218436327,0.0,1.0,0.4249829452164793,0.7167887835953148,0.9163824732247496,0.4016,0.7761097072962432,0.0,0.8086014548247751,0.4267796445404802,0.9023151411048953,0.7826171899613803,0.0,0.0,0.0,0.0,0.0,0.0,0.0,0.0,0.0,0.0,0.0,0.0,0.0,0.0,0.0,0.0,0.0,0.0,0.0,0.0,0.0,0.0,0.0,0.0,0.0,0.0,0.0,0.9038520994472943,0.9559957202357724,1.0,0.9055103243817488,0.4016,0.4016,0.0,0.0,0.7256,0.7256,0.9115133836345558,0.7684972364902806,1.0,1.0,0.812,0.4016,0.0,0.0,0.7256,0.4133,0.8184414973469751,0.7846503157488398,1.0,0.9054956568962185,0.4016,0.812,0.0,0.0,0.7256,0.7256,0.7991116086227293,0.8168791262564387,1.0,0.8892690987184315,0.812,0.812,0.0,0.0,0.8042812657442566,0.9536590167668542,1.0,0.9106135688464668,0.4016,0.4016,0.0,0.0,0.8711685073162974,0.9350017932230303,1.0,0.9832270702979691,0.812,0.812,0.0,0.0,0.9179077268655929,0.8563113914758567,1.0,0.9780470656659581,0.812,0.0,0.0,0.4133,0.4133,0.870185294153601,0.7989570454191394,1.0,1.0,0.4016,0.812,0.0,0.0,0.7256,0.7256,0.79474304994349,0.856564254648302,1.0,0.8929491601417742,0.4016,0.812,0.0,0.0,0.7256,0.4133,0.8602011236118552,0.7874725829308411,1.0,1.0,0.4016,0.4016,0.0,0.0,0.4133,0.4133,0.8683816526420814,0.8327240970244437,1.0,1.0,0.4016,0.4016,0.0,0.0,0.7256,0.7256,0.9653205108790285,0.7854757677469074,1.0,0.9776950969118158,0.0,0.4133,0.4133,0.9343696708323507,0.8951394666216216,1.0,0.9268997507383635,0.812,0.4016,0.0,0.0,0.4133,0.4133,0.7785101280776525,0.8307957341435003,1.0,1.0,0.812,0.812,0.0,0.0,0.9554578822258948,0.8770897004187348,1.0,1.0,0.812,0.4016,0.0,0.0,0.9158795625441084,0.8406929215836803,1.0,0.9851033725991021,0.4016,0.4016,0.0,0.0,0.812982781153346,0.9041528338575024,1.0,0.9685942887281944,0.812,0.812,0.0,0.0,0.8434335315519458,0.9396426304478276,1.0,1.0,0.812,0.812,0.0,0.0,0.7816017091604656,0.847578843245911,1.0,0.9196855656038229,0.4016,0.812,0.0,0.0,0.8101958590409967,0.8330067665060276,1.0,0.8759570066202453,0.4016,0.812,0.0,0.0,0.7764670353198495,0.7625594187480005,1.0,1.0,0.812,0.812,0.0,0.0,0.4133,0.4133,0.8159929975469201,0.7776268127499015,1.0,0.915187702182494,0.4016,0.812,0.0,0.0,0.962446093410315,0.9403391783947506,1.0,0.9454186624886063,0.812,0.4016,0.0,0.0,0.7256,0.4133,0.778444415168596,0.8245475915087446,1.0,0.9445158632247284,0.812,0.812,0.0,0.0,0.8891695456690226,0.949901862873596,1.0,0.8903316283889849,0.4016,0.812,0.0,0.0,0.8189726373196938,0.8984483076563042,1.0,0.9386674090638787,0.4016,0.812,0.0,0.0,0.8696282383321836,0.8516238174841453,1.0,0.9452748971906675,0.4016,0.4016,0.0,0.0
,147,1.0,0.8039797356737,0.8487233221765733,0.8882679087704254,0.797732926639701,0.8982948226947121,0.7224369413907978,0.0,1.0,0.843950463030399,0.44017761378333725,0.8060684491118368,0.9243973353017543,0.8086993617563059,0.7919686739219012,0.9803448409337412,0.3923,0.74191030533824,0.0,1.0,0.9027057955023547,0.4592250280458635,0.841301847799013,0.8756343709410619,0.9538573128803167,0.8054508598453772,0.799511253575212,0.9099691540721513,1.0,0.7134,0.801,0.8565762006444634,0.0,0.7837274662586873,0.4286059244589575,0.8516405823917028,0.8093215617765802,0.7949437644531693,0.8095936545397149,0.0,0.40035542530621226,0.7892716847944711,0.7568076325861908,1.0,0.4039568085774716,0.3923,0.0,0.7601611554313414,0.3785024101586454,0.8540030916567218,0.9452936558821723,0.73068098342811,0.9365622477786754,0.8202248058770905,0.0,1.0,0.8866987789071589,0.3792594115253217,0.797406926784223,0.7578304492177025,0.7996258143383473,0.8444612143512895,0.8581729500163997,0.8984462695560149,1.0,0.3923,0.7073228813396987,0.0,1.0,0.7946193809140429,0.4039527870904762,0.728602548939477,0.78436417386136,0.9034928862194068,0.8551111775901049,0.8272198835334658,0.7334024709953554,1.0,0.3923,0.8215168660400676,0.0,1.0,0.747900575665944,0.41459132964968787,0.8991917543854284,0.8119196672385104,0.8363855573429525,0.7739139439208066,0.9577290739182237,0.801,0.8010379535198039,0.0,1.0,0.8166393256279776,0.41322780135910864,0.7958519217117371,0.7912216744482838,0.8817597402535117,0.7872866214857765,0.7153698932371018,0.8993541775430125,0.801,0.7323087391195283,0.0,1.0,0.8288415605254215,0.8914292662635492,0.8619725007435493,0.8446944238541746,0.7564228699584877,0.4453,0.848713537107019,0.0,1.0,0.9099066127054176,0.7993053612037383,0.7856845016664746,0.9530780075100933,0.9179087926798521,0.8869560703147874,0.801,0.8367283734154811,0.0,1.0,0.7735228686049638,0.37458283112223645,0.8735140660658249,0.8995054016777907,0.8175293408469193,0.8095665564112138,0.7703382932419769,0.801,0.7904368220372435,0.0,0.9148196299899285,0.7245982527768772,0.0,1.0,0.7187893588352319,0.3995007743222828,0.8720743762675238,0.9293894446582144,0.8178523180592971,0.0,0.8494412673343129,0.43942015338285323,0.8621948621537017,0.7996618461871255,0.9347237619745536,0.8528078033866004,1.0,0.801,0.7224590595526468,0.0,0.801,0.0,0.8434861191219747,0.9350308333836957,0.0,1.0,0.8879316170743633,0.4405186535973335,0.8450115784347724,0.7821703783754175,0.8235550280723538,0.7901163574701963,0.9410777148200129,0.7382087083001958,0.9837741680008746,0.801,0.7725366114970114,0.0,1.0,0.9063681641811121,0.45237773203793186,0.7549797159926186,0.7664646337800805,0.8555086610568273,0.7743947945252279,0.8457916645592648,0.7929413121025368,0.8736838300002773,0.3923,0.7528310170938599,0.0,0.873351912980169,0.41290534151238734,0.7455475330097949,0.8775517926400003,0.8025477261386791,0.0,1.0,0.748023284813585,0.3921343821941023,0.9058177920820255,0.8301400565012189,0.7932810200318745,0.8855719672581979,0.9329946263557704,0.73297678544744,1.0,0.7134,0.7838151390277156,0.0,0.4082730913065182,0.9434772239052881,0.0,0.8725342218436327,0.0,1.0,0.4249829452164793,0.7167887835953148,0.9163824732247496,0.3923,0.7761097072962432,0.0,0.8086014548247751,0.4267796445404802,0.9023151411048953,0.7826171899613803,0.0,0.0,0.0,0.0,0.0,0.0,0.0,0.0,0.0,0.0,0.0,0.0,0.0,0.0,0.0,0.0,0.0,0.0,0.0,0.0,0.0,0.0,0.0,0.0,0.0,0.0,0.0,0.9038520994472943,0.9559957202357724,1.0,0.9055103243817488,0.3923,0.3923,0.0,0.0,0.7134,0.7134,0.9115133836345558,0.7684972364902806,1.0,1.0,0.801,0.3923,0.0,0.0,0.7134,0.4453,0.8184414973469751,0.7846503157488398,1.0,0.9054956568962185,0.3923,0.801,0.0,0.0,0.7134,0.7134,0.7991116086227293,0.8168791262564387,1.0,0.8892690987184315,0.801,0.801,0.0,0.0,0.8042812657442566,0.9536590167668542,1.0,0.9106135688464668,0.3923,0.3923,0.0,0.0,0.8711685073162974,0.9350017932230303,1.0,0.9832270702979691,0.801,0.801,0.0,0.0,0.9179077268655929,0.8563113914758567,1.0,0.9780470656659581,0.801,0.0,0.0,0.4453,0.4453,0.870185294153601,0.7989570454191394,1.0,1.0,0.3923,0.801,0.0,0.0,0.7134,0.7134,0.79474304994349,0.856564254648302,1.0,0.8929491601417742,0.3923,0.801,0.0,0.0,0.7134,0.4453,0.8602011236118552,0.7874725829308411,1.0,1.0,0.3923,0.3923,0.0,0.0,0.4453,0.4453,0.8683816526420814,0.8327240970244437,1.0,1.0,0.3923,0.3923,0.0,0.0,0.7134,0.7134,0.9653205108790285,0.7854757677469074,1.0,0.9776950969118158,0.0,0.4453,0.4453,0.9343696708323507,0.8951394666216216,1.0,0.9268997507383635,0.801,0.3923,0.0,0.0,0.4453,0.4453,0.7785101280776525,0.8307957341435003,1.0,1.0,0.801,0.801,0.0,0.0,0.9554578822258948,0.8770897004187348,1.0,1.0,0.801,0.3923,0.0,0.0,0.9158795625441084,0.8406929215836803,1.0,0.9851033725991021,0.3923,0.3923,0.0,0.0,0.812982781153346,0.9041528338575024,1.0,0.9685942887281944,0.801,0.801,0.0,0.0,0.8434335315519458,0.9396426304478276,1.0,1.0,0.801,0.801,0.0,0.0,0.7816017091604656,0.847578843245911,1.0,0.9196855656038229,0.3923,0.801,0.0,0.0,0.8101958590409967,0.8330067665060276,1.0,0.8759570066202453,0.3923,0.801,0.0,0.0,0.7764670353198495,0.7625594187480005,1.0,1.0,0.801,0.801,0.0,0.0,0.4453,0.4453,0.8159929975469201,0.7776268127499015,1.0,0.915187702182494,0.3923,0.801,0.0,0.0,0.962446093410315,0.9403391783947506,1.0,0.9454186624886063,0.801,0.3923,0.0,0.0,0.7134,0.4453,0.778444415168596,0.8245475915087446,1.0,0.9445158632247284,0.801,0.801,0.0,0.0,0.8891695456690226,0.949901862873596,1.0,0.8903316283889849,0.3923,0.801,0.0,0.0,0.8189726373196938,0.8984483076563042,1.0,0.9386674090638787,0.3923,0.801,0.0,0.0,0.8696282383321836,0.8516238174841453,1.0,0.9452748971906675,0.3923,0.3923,0.0,0.0
,148,1.0,0.8039797356737,0.8487233221765733,0.8882679087704254,0.797732926639701,0.8982948226947121,0.7224369413907978,0.0,1.0,0.843950463030399,0.44017761378333725,0.8060684491118368,0.9243973353017543,0.8086993617563059,0.7919686739219012,0.9803448409337412,0.384,0.74191030533824,0.0,1.0,0.9027057955023547,0.4592250280458635,0.841301847799013,0.8756343709410619,0.9538573128803167,0.8054508598453772,0.799511253575212,0.9099691540721513,1.0,0.702,0.7793,0.8565762006444634,0.0,0.7837274662586873,0.4286059244589575,0.8516405823917028,0.8093215617765802,0.7949437644531693,0.8095936545397149,0.0,0.40035542530621226,0.7892716847944711,0.7568076325861908,1.0,0.4039568085774716,0.384,0.0,0.7601611554313414,0.3785024101586454,0.8540030916567218,0.9452936558821723,0.73068098342811,0.9365622477786754,0.8202248058770905,0.0,1.0,0.8866987789071589,0.3792594115253217,0.797406926784223,0.7578304492177025,0.7996258143383473,0.8444612143512895,0.8581729500163997,0.8984462695560149,1.0,0.384,0.7073228813396987,0.0,1.0,0.7946193809140429,0.4039527870904762,0.728602548939477,0.78436417386136,0.9034928862194068,0.8551111775901049,0.8272198835334658,0.7334024709953554,1.0,0.384,0.8215168660400676,0.0,1.0,0.747900575665944,0.41459132964968787,0.8991917543854284,0.8119196672385104,0.8363855573429525,0.7739139439208066,0.9577290739182237,0.7793,0.8010379535198039,0.0,1.0,0.8166393256279776,0.41322780135910864,0.7958519217117371,0.7912216744482838,0.8817597402535117,0.7872866214857765,0.7153698932371018,0.8993541775430125,0.7793,0.7323087391195283,0.0,1.0,0.8288415605254215,0.8914292662635492,0.8619725007435493,0.8446944238541746,0.7564228699584877,0.4714,0.848713537107019,0.0,1.0,0.9099066127054176,0.7993053612037383,0.7856845016664746,0.9530780075100933,0.9179087926798521,0.8869560703147874,0.7793,0.8367283734154811,0.0,1.0,0.7735228686049638,0.37458283112223645,0.8735140660658249,0.8995054016777907,0.8175293408469193,0.8095665564112138,0.7703382932419769,0.7793,0.7904368220372435,0.0,0.9148196299899285,0.7245982527768772,0.0,1.0,0.7187893588352319,0.3995007743222828,0.8720743762675238,0.9293894446582144,0.8178523180592971,0.0,0.8494412673343129,0.43942015338285323,0.8621948621537017,0.7996618461871255,0.9347237619745536,0.8528078033866004,1.0,0.7793,0.7224590595526468,0.0,0.7793,0.0,0.8434861191219747,0.9350308333836957,0.0,1.0,0.8879316170743633,0.4405186535973335,0.8450115784347724,0.7821703783754175,0.8235550280723538,0.7901163574701963,0.9410777148200129,0.7382087083001958,0.9837741680008746,0.7793,0.7725366114970114,0.0,1.0,0.9063681641811121,0.45237773203793186,0.7549797159926186,0.7664646337800805,0.8555086610568273,0.7743947945252279,0.8457916645592648,0.7929413121025368,0.8736838300002773,0.384,0.7528310170938599,0.0,0.873351912980169,0.41290534151238734,0.7455475330097949,0.8775517926400003,0.8025477261386791,0.0,1.0,0.748023284813585,0.3921343821941023,0.9058177920820255,0.8301400565012189,0.7932810200318745,0.8855719672581979,0.9329946263557704,0.73297678544744,1.0,0.702,0.7838151390277156,0.0,0.4082730913065182,0.9434772239052881,0.0,0.8725342218436327,0.0,1.0,0.4249829452164793,0.7167887835953148,0.9163824732247496,0.384,0.7761097072962432,0.0,0.8086014548247751,0.4267796445404802,0.9023151411048953,0.7826171899613803,0.0,0.0,0.0,0.0,0.0,0.0,0.0,0.0,0.0,0.0,0.0,0.0,0.0,0.0,0.0,0.0,0.0,0.0,0.0,0.0,0.0,0.0,0.0,0.0,0.0,0.0,0.0,0.9038520994472943,0.9559957202357724,1.0,0.9055103243817488,0.384,0.384,0.0,0.0,0.702,0.702,0.9115133836345558,0.7684972364902806,1.0,1.0,0.7793,0.384,0.0,0.0,0.702,0.4714,0.8184414973469751,0.7846503157488398,1.0,0.9054956568962185,0.384,0.7793,0.0,0.0,0.702,0.702,0.7991116086227293,0.8168791262564387,1.0,0.8892690987184315,0.7793,0.7793,0.0,0.0,0.8042812657442566,0.9536590167668542,1.0,0.9106135688464668,0.384,0.384,0.0,0.0,0.8711685073162974,0.9350017932230303,1.0,0.9832270702979691,0.7793,0.7793,0.0,0.0,0.9179077268655929,0.8563113914758567,1.0,0.9780470656659581,0.7793,0.0,0.0,0.4714,0.4714,0.870185294153601,0.7989570454191394,1.0,1.0,0.384,0.7793,0.0,0.0,0.702,0.702,0.79474304994349,0.856564254648302,1.0,0.8929491601417742,0.384,0.7793,0.0,0.0,0.702,0.4714,0.8602011236118552,0.7874725829308411,1.0,1.0,0.384,0.384,0.0,0.0,0.4714,0.4714,0.8683816526420814,0.8327240970244437,1.0,1.0,0.384,0.384,0.0,0.0,0.702,0.702,0.9653205108790285,0.7854757677469074,1.0,0.9776950969118158,0.0,0.4714,0.4714,0.9343696708323507,0.8951394666216216,1.0,0.9268997507383635,0.7793,0.384,0.0,0.0,0.4714,0.4714,0.7785101280776525,0.8307957341435003,1.0,1.0,0.7793,0.7793,0.0,0.0,0.9554578822258948,0.8770897004187348,1.0,1.0,0.7793,0.384,0.0,0.0,0.9158795625441084,0.8406929215836803,1.0,0.9851033725991021,0.384,0.384,0.0,0.0,0.812982781153346,0.9041528338575024,1.0,0.9685942887281944,0.7793,0.7793,0.0,0.0,0.8434335315519458,0.9396426304478276,1.0,1.0,0.7793,0.7793,0.0,0.0,0.7816017091604656,0.847578843245911,1.0,0.9196855656038229,0.384,0.7793,0.0,0.0,0.8101958590409967,0.8330067665060276,1.0,0.8759570066202453,0.384,0.7793,0.0,0.0,0.7764670353198495,0.7625594187480005,1.0,1.0,0.7793,0.7793,0.0,0.0,0.4714,0.4714,0.8159929975469201,0.7776268127499015,1.0,0.915187702182494,0.384,0.7793,0.0,0.0,0.962446093410315,0.9403391783947506,1.0,0.9454186624886063,0.7793,0.384,0.0,0.0,0.702,0.4714,0.778444415168596,0.8245475915087446,1.0,0.9445158632247284,0.7793,0.7793,0.0,0.0,0.8891695456690226,0.949901862873596,1.0,0.8903316283889849,0.384,0.7793,0.0,0.0,0.8189726373196938,0.8984483076563042,1.0,0.9386674090638787,0.384,0.7793,0.0,0.0,0.8696282383321836,0.8516238174841453,1.0,0.9452748971906675,0.384,0.384,0.0,0.0
,149,1.0,0.8039797356737,0.8487233221765733,0.8882679087704254,0.797732926639701,0.8982948226947121,0.7224369413907978,0.0,1.0,0.843950463030399,0.44017761378333725,0.8060684491118368,0.9243973353017543,0.8086993617563059,0.7919686739219012,0.9803448409337412,0.3752,0.74191030533824,0.0,1.0,0.9027057955023547,0.4592250280458635,0.841301847799013,0.8756343709410619,0.9538573128803167,0.8054508598453772,0.799511253575212,0.9099691540721513,1.0,0.699,0.7573,0.8565762006444634,0.0,0.7837274662586873,0.4286059244589575,0.8516405823917028,0.8093215617765802,0.7949437644531693,0.8095936545397149,0.0,0.40035542530621226,0.7892716847944711,0.7568076325861908,1.0,0.4039568085774716,0.3752,0.0,0.7601611554313414,0.3785024101586454,0.8540030916567218,0.9452936558821723,0.73068098342811,0.9365622477786754,0.8202248058770905,0.0,1.0,0.8866987789071589,0.3792594115253217,0.797406926784223,0.7578304492177025,0.7996258143383473,0.8444612143512895,0.8581729500163997,0.8984462695560149,1.0,0.3752,0.7073228813396987,0.0,1.0,0.7946193809140429,0.4039527870904762,0.728602548939477,0.78436417386136,0.9034928862194068,0.8551111775901049,0.8272198835334658,0.7334024709953554,1.0,0.3752,0.8215168660400676,0.0,1.0,0.747900575665944,0.41459132964968787,0.8991917543854284,0.8119196672385104,0.8363855573429525,0.7739139439208066,0.9577290739182237,0.7573,0.8010379535198039,0.0,1.0,0.8166393256279776,0.41322780135910864,0.7958519217117371,0.7912216744482838,0.8817597402535117,0.7872866214857765,0.7153698932371018,0.8993541775430125,0.7573,0.7323087391195283,0.0,1.0,0.8288415605254215,0.8914292662635492,0.8619725007435493,0.8446944238541746,0.7564228699584877,0.4856,0.848713537107019,0.0,1.0,0.9099066127054176,0.7993053612037383,0.7856845016664746,0.9530780075100933,0.9179087926798521,0.8869560703147874,0.7573,0.8367283734154811,0.0,1.0,0.7735228686049638,0.37458283112223645,0.8735140660658249,0.8995054016777907,0.8175293408469193,0.8095665564112138,0.7703382932419769,0.7573,0.7904368220372435,0.0,0.9148196299899285,0.7245982527768772,0.0,1.0,0.7187893588352319,0.3995007743222828,0.8720743762675238,0.9293894446582144,0.8178523180592971,0.0,0.8494412673343129,0.43942015338285323,0.8621948621537017,0.7996618461871255,0.9347237619745536,0.8528078033866004,1.0,0.7573,0.7224590595526468,0.0,0.7573,0.0,0.8434861191219747,0.9350308333836957,0.0,1.0,0.8879316170743633,0.4405186535973335,0.8450115784347724,0.7821703783754175,0.8235550280723538,0.7901163574701963,0.9410777148200129,0.7382087083001958,0.9837741680008746,0.7573,0.7725366114970114,0.0,1.0,0.9063681641811121,0.45237773203793186,0.7549797159926186,0.7664646337800805,0.8555086610568273,0.7743947945252279,0.8457916645592648,0.7929413121025368,0.8736838300002773,0.3752,0.7528310170938599,0.0,0.873351912980169,0.41290534151238734,0.7455475330097949,0.8775517926400003,0.8025477261386791,0.0,1.0,0.748023284813585,0.3921343821941023,0.9058177920820255,0.8301400565012189,0.7932810200318745,0.8855719672581979,0.9329946263557704,0.73297678544744,1.0,0.699,0.7838151390277156,0.0,0.4082730913065182,0.9434772239052881,0.0,0.8725342218436327,0.0,1.0,0.4249829452164793,0.7167887835953148,0.9163824732247496,0.3752,0.7761097072962432,0.0,0.8086014548247751,0.4267796445404802,0.9023151411048953,0.7826171899613803,0.0,0.0,0.0,0.0,0.0,0.0,0.0,0.0,0.0,0.0,0.0,0.0,0.0,0.0,0.0,0.0,0.0,0.0,0.0,0.0,0.0,0.0,0.0,0.0,0.0,0.0,0.0,0.9038520994472943,0.9559957202357724,1.0,0.9055103243817488,0.3752,0.3752,0.0,0.0,0.699,0.699,0.9115133836345558,0.7684972364902806,1.0,1.0,0.7573,0.3752,0.0,0.0,0.699,0.4856,0.8184414973469751,0.7846503157488398,1.0,0.9054956568962185,0.3752,0.7573,0.0,0.0,0.699,0.699,0.7991116086227293,0.8168791262564387,1.0,0.8892690987184315,0.7573,0.7573,0.0,0.0,0.8042812657442566,0.9536590167668542,1.0,0.9106135688464668,0.3752,0.3752,0.0,0.0,0.8711685073162974,0.9350017932230303,1.0,0.9832270702979691,0.7573,0.7573,0.0,0.0,0.9179077268655929,0.8563113914758567,1.0,0.9780470656659581,0.7573,0.0,0.0,0.4856,0.4856,0.870185294153601,0.7989570454191394,1.0,1.0,0.3752,0.7573,0.0,0.0,0.699,0.699,0.79474304994349,0.856564254648302,1.0,0.8929491601417742,0.3752,0.7573,0.0,0.0,0.699,0.4856,0.8602011236118552,0.7874725829308411,1.0,1.0,0.3752,0.3752,0.0,0.0,0.4856,0.4856,0.8683816526420814,0.8327240970244437,1.0,1.0,0.3752,0.3752,0.0,0.0,0.699,0.699,0.9653205108790285,0.7854757677469074,1.0,0.9776950969118158,0.0,0.4856,0.4856,0.9343696708323507,0.8951394666216216,1.0,0.9268997507383635,0.7573,0.3752,0.0,0.0,0.4856,0.4856,0.7785101280776525,0.8307957341435003,1.0,1.0,0.7573,0.7573,0.0,0.0,0.9554578822258948,0.8770897004187348,1.0,1.0,0.7573,0.3752,0.0,0.0,0.9158795625441084,0.8406929215836803,1.0,0.9851033725991021,0.3752,0.3752,0.0,0.0,0.812982781153346,0.9041528338575024,1.0,0.9685942887281944,0.7573,0.7573,0.0,0.0,0.8434335315519458,0.9396426304478276,1.0,1.0,0.7573,0.7573,0.0,0.0,0.7816017091604656,0.847578843245911,1.0,0.9196855656038229,0.3752,0.7573,0.0,0.0,0.8101958590409967,0.8330067665060276,1.0,0.8759570066202453,0.3752,0.7573,0.0,0.0,0.7764670353198495,0.7625594187480005,1.0,1.0,0.7573,0.7573,0.0,0.0,0.4856,0.4856,0.8159929975469201,0.7776268127499015,1.0,0.915187702182494,0.3752,0.7573,0.0,0.0,0.962446093410315,0.9403391783947506,1.0,0.9454186624886063,0.7573,0.3752,0.0,0.0,0.699,0.4856,0.778444415168596,0.8245475915087446,1.0,0.9445158632247284,0.7573,0.7573,0.0,0.0,0.8891695456690226,0.949901862873596,1.0,0.8903316283889849,0.3752,0.7573,0.0,0.0,0.8189726373196938,0.8984483076563042,1.0,0.9386674090638787,0.3752,0.7573,0.0,0.0,0.8696282383321836,0.8516238174841453,1.0,0.9452748971906675,0.3752,0.3752,0.0,0.0
,150,1.0,0.8039797356737,0.8487233221765733,0.8882679087704254,0.797732926639701,0.8982948226947121,0.7224369413907978,0.0,1.0,0.843950463030399,0.44017761378333725,0.8060684491118368,0.9243973353017543,0.8086993617563059,0.7919686739219012,0.9803448409337412,0.3691,0.74191030533824,0.0,1.0,0.9027057955023547,0.4592250280458635,0.841301847799013,0.8756343709410619,0.9538573128803167,0.8054508598453772,0.799511253575212,0.9099691540721513,1.0,0.695,0.734,0.8565762006444634,0.0,0.7837274662586873,0.4286059244589575,0.8516405823917028,0.8093215617765802,0.7949437644531693,0.8095936545397149,0.0,0.40035542530621226,0.7892716847944711,0.7568076325861908,1.0,0.4039568085774716,0.3691,0.0,0.7601611554313414,0.3785024101586454,0.8540030916567218,0.9452936558821723,0.73068098342811,0.9365622477786754,0.8202248058770905,0.0,1.0,0.8866987789071589,0.3792594115253217,0.797406926784223,0.7578304492177025,0.7996258143383473,0.8444612143512895,0.8581729500163997,0.8984462695560149,1.0,0.3691,0.7073228813396987,0.0,1.0,0.7946193809140429,0.4039527870904762,0.728602548939477,0.78436417386136,0.9034928862194068,0.8551111775901049,0.8272198835334658,0.7334024709953554,1.0,0.3691,0.8215168660400676,0.0,1.0,0.747900575665944,0.41459132964968787,0.8991917543854284,0.8119196672385104,0.8363855573429525,0.7739139439208066,0.9577290739182237,0.734,0.8010379535198039,0.0,1.0,0.8166393256279776,0.41322780135910864,0.7958519217117371,0.7912216744482838,0.8817597402535117,0.7872866214857765,0.7153698932371018,0.8993541775430125,0.734,0.7323087391195283,0.0,1.0,0.8288415605254215,0.8914292662635492,0.8619725007435493,0.8446944238541746,0.7564228699584877,0.487,0.848713537107019,0.0,1.0,0.9099066127054176,0.7993053612037383,0.7856845016664746,0.9530780075100933,0.9179087926798521,0.8869560703147874,0.734,0.8367283734154811,0.0,1.0,0.7735228686049638,0.37458283112223645,0.8735140660658249,0.8995054016777907,0.8175293408469193,0.8095665564112138,0.7703382932419769,0.734,0.7904368220372435,0.0,0.9148196299899285,0.7245982527768772,0.0,1.0,0.7187893588352319,0.3995007743222828,0.8720743762675238,0.9293894446582144,0.8178523180592971,0.0,0.8494412673343129,0.43942015338285323,0.8621948621537017,0.7996618461871255,0.9347237619745536,0.8528078033866004,1.0,0.734,0.7224590595526468,0.0,0.734,0.0,0.8434861191219747,0.9350308333836957,0.0,1.0,0.8879316170743633,0.4405186535973335,0.8450115784347724,0.7821703783754175,0.8235550280723538,0.7901163574701963,0.9410777148200129,0.7382087083001958,0.9837741680008746,0.734,0.7725366114970114,0.0,1.0,0.9063681641811121,0.45237773203793186,0.7549797159926186,0.7664646337800805,0.8555086610568273,0.7743947945252279,0.8457916645592648,0.7929413121025368,0.8736838300002773,0.3691,0.7528310170938599,0.0,0.873351912980169,0.41290534151238734,0.7455475330097949,0.8775517926400003,0.8025477261386791,0.0,1.0,0.748023284813585,0.3921343821941023,0.9058177920820255,0.8301400565012189,0.7932810200318745,0.8855719672581979,0.9329946263557704,0.73297678544744,1.0,0.695,0.7838151390277156,0.0,0.4082730913065182,0.9434772239052881,0.0,0.8725342218436327,0.0,1.0,0.4249829452164793,0.7167887835953148,0.9163824732247496,0.3691,0.7761097072962432,0.0,0.8086014548247751,0.4267796445404802,0.9023151411048953,0.7826171899613803,0.0,0.0,0.0,0.0,0.0,0.0,0.0,0.0,0.0,0.0,0.0,0.0,0.0,0.0,0.0,0.0,0.0,0.0,0.0,0.0,0.0,0.0,0.0,0.0,0.0,0.0,0.0,0.9038520994472943,0.9559957202357724,1.0,0.9055103243817488,0.3691,0.3691,0.0,0.0,0.695,0.695,0.9115133836345558,0.7684972364902806,1.0,1.0,0.734,0.3691,0.0,0.0,0.695,0.487,0.8184414973469751,0.7846503157488398,1.0,0.9054956568962185,0.3691,0.734,0.0,0.0,0.695,0.695,0.7991116086227293,0.8168791262564387,1.0,0.8892690987184315,0.734,0.734,0.0,0.0,0.8042812657442566,0.9536590167668542,1.0,0.9106135688464668,0.3691,0.3691,0.0,0.0,0.8711685073162974,0.9350017932230303,1.0,0.9832270702979691,0.734,0.734,0.0,0.0,0.9179077268655929,0.8563113914758567,1.0,0.9780470656659581,0.734,0.0,0.0,0.487,0.487,0.870185294153601,0.7989570454191394,1.0,1.0,0.3691,0.734,0.0,0.0,0.695,0.695,0.79474304994349,0.856564254648302,1.0,0.8929491601417742,0.3691,0.734,0.0,0.0,0.695,0.487,0.8602011236118552,0.7874725829308411,1.0,1.0,0.3691,0.3691,0.0,0.0,0.487,0.487,0.8683816526420814,0.8327240970244437,1.0,1.0,0.3691,0.3691,0.0,0.0,0.695,0.695,0.9653205108790285,0.7854757677469074,1.0,0.9776950969118158,0.0,0.487,0.487,0.9343696708323507,0.8951394666216216,1.0,0.9268997507383635,0.734,0.3691,0.0,0.0,0.487,0.487,0.7785101280776525,0.8307957341435003,1.0,1.0,0.734,0.734,0.0,0.0,0.9554578822258948,0.8770897004187348,1.0,1.0,0.734,0.3691,0.0,0.0,0.9158795625441084,0.8406929215836803,1.0,0.9851033725991021,0.3691,0.3691,0.0,0.0,0.812982781153346,0.9041528338575024,1.0,0.9685942887281944,0.734,0.734,0.0,0.0,0.8434335315519458,0.9396426304478276,1.0,1.0,0.734,0.734,0.0,0.0,0.7816017091604656,0.847578843245911,1.0,0.9196855656038229,0.3691,0.734,0.0,0.0,0.8101958590409967,0.8330067665060276,1.0,0.8759570066202453,0.3691,0.734,0.0,0.0,0.7764670353198495,0.7625594187480005,1.0,1.0,0.734,0.734,0.0,0.0,0.487,0.487,0.8159929975469201,0.7776268127499015,1.0,0.915187702182494,0.3691,0.734,0.0,0.0,0.962446093410315,0.9403391783947506,1.0,0.9454186624886063,0.734,0.3691,0.0,0.0,0.695,0.487,0.778444415168596,0.8245475915087446,1.0,0.9445158632247284,0.734,0.734,0.0,0.0,0.8891695456690226,0.949901862873596,1.0,0.8903316283889849,0.3691,0.734,0.0,0.0,0.8189726373196938,0.8984483076563042,1.0,0.9386674090638787,0.3691,0.734,0.0,0.0,0.8696282383321836,0.8516238174841453,1.0,0.9452748971906675,0.3691,0.3691,0.0,0.0
,151,1.0,0.8039797356737,0.8487233221765733,0.8882679087704254,0.797732926639701,0.8982948226947121,0.7224369413907978,0.000603,1.0,0.843950463030399,0.44017761378333725,0.8060684491118368,0.9243973353017543,0.8086993617563059,0.7919686739219012,0.9803448409337412,0.363,0.74191030533824,0.000603,1.0,0.9027057955023547,0.4592250280458635,0.841301847799013,0.8756343709410619,0.9538573128803167,0.8054508598453772,0.799511253575212,0.9099691540721513,1.0,0.698,0.7134,0.8565762006444634,0.000603,0.7837274662586873,0.4286059244589575,0.8516405823917028,0.8093215617765802,0.7949437644531693,0.8095936545397149,0.000603,0.40035542530621226,0.7892716847944711,0.7568076325861908,1.0,0.4039568085774716,0.363,0.000603,0.7601611554313414,0.3785024101586454,0.8540030916567218,0.9452936558821723,0.73068098342811,0.9365622477786754,0.8202248058770905,0.000603,1.0,0.8866987789071589,0.3792594115253217,0.797406926784223,0.7578304492177025,0.7996258143383473,0.8444612143512895,0.8581729500163997,0.8984462695560149,1.0,0.363,0.7073228813396987,0.0,1.0,0.7946193809140429,0.4039527870904762,0.728602548939477,0.78436417386136,0.9034928862194068,0.8551111775901049,0.8272198835334658,0.7334024709953554,1.0,0.363,0.8215168660400676,0.000603,1.0,0.747900575665944,0.41459132964968787,0.8991917543854284,0.8119196672385104,0.8363855573429525,0.7739139439208066,0.9577290739182237,0.7134,0.8010379535198039,0.000603,1.0,0.8166393256279776,0.41322780135910864,0.7958519217117371,0.7912216744482838,0.8817597402535117,0.7872866214857765,0.7153698932371018,0.8993541775430125,0.7134,0.7323087391195283,0.0,1.0,0.8288415605254215,0.8914292662635492,0.8619725007435493,0.8446944238541746,0.7564228699584877,0.5034,0.848713537107019,0.000603,1.0,0.9099066127054176,0.7993053612037383,0.7856845016664746,0.9530780075100933,0.9179087926798521,0.8869560703147874,0.7134,0.8367283734154811,0.000603,1.0,0.7735228686049638,0.37458283112223645,0.8735140660658249,0.8995054016777907,0.8175293408469193,0.8095665564112138,0.7703382932419769,0.7134,0.7904368220372435,0.000603,0.9148196299899285,0.7245982527768772,0.0,1.0,0.7187893588352319,0.3995007743222828,0.8720743762675238,0.9293894446582144,0.8178523180592971,0.0,0.8494412673343129,0.43942015338285323,0.8621948621537017,0.7996618461871255,0.9347237619745536,0.8528078033866004,1.0,0.7134,0.7224590595526468,0.0,0.7134,0.0,0.8434861191219747,0.9350308333836957,0.000603,1.0,0.8879316170743633,0.4405186535973335,0.8450115784347724,0.7821703783754175,0.8235550280723538,0.7901163574701963,0.9410777148200129,0.7382087083001958,0.9837741680008746,0.7134,0.7725366114970114,0.000603,1.0,0.9063681641811121,0.45237773203793186,0.7549797159926186,0.7664646337800805,0.8555086610568273,0.7743947945252279,0.8457916645592648,0.7929413121025368,0.8736838300002773,0.363,0.7528310170938599,0.0,0.873351912980169,0.41290534151238734,0.7455475330097949,0.8775517926400003,0.8025477261386791,0.0,1.0,0.748023284813585,0.3921343821941023,0.9058177920820255,0.8301400565012189,0.7932810200318745,0.8855719672581979,0.9329946263557704,0.73297678544744,1.0,0.698,0.7838151390277156,0.000603,0.4082730913065182,0.9434772239052881,0.000603,0.8725342218436327,0.0,1.0,0.4249829452164793,0.7167887835953148,0.9163824732247496,0.363,0.7761097072962432,0.0,0.8086014548247751,0.4267796445404802,0.9023151411048953,0.7826171899613803,0.0004921314754511657,0.0,0.0004682136749396952,0.0,0.0004759825008970614,0.0004884444289309219,0.0004943236788729616,0.00048180347327974905,0.00047826149252120753,0.0,0.0,0.0,0.0,0.00048291026542310984,0.0,0.0,0.0004828439585787677,0.0004689675559673912,0.0004848822000147716,0.0004857556395141755,0.00047570513750766193,0.0,0.00046848223947428675,0.0,0.0,0.0,0.0004956482909613886,0.9038520994472943,0.9559957202357724,1.0,0.9055103243817488,0.363,0.363,0.000603,0.0,0.698,0.698,0.9115133836345558,0.7684972364902806,1.0,1.0,0.7134,0.363,0.000603,0.0,0.698,0.5034,0.8184414973469751,0.7846503157488398,1.0,0.9054956568962185,0.363,0.7134,0.0,0.0,0.698,0.698,0.7991116086227293,0.8168791262564387,1.0,0.8892690987184315,0.7134,0.7134,0.0,0.0,0.8042812657442566,0.9536590167668542,1.0,0.9106135688464668,0.363,0.363,0.0,0.000603,0.8711685073162974,0.9350017932230303,1.0,0.9832270702979691,0.7134,0.7134,0.000603,0.000603,0.9179077268655929,0.8563113914758567,1.0,0.9780470656659581,0.7134,0.000603,0.0,0.5034,0.5034,0.870185294153601,0.7989570454191394,1.0,1.0,0.363,0.7134,0.000603,0.000603,0.698,0.698,0.79474304994349,0.856564254648302,1.0,0.8929491601417742,0.363,0.7134,0.0,0.0,0.698,0.5034,0.8602011236118552,0.7874725829308411,1.0,1.0,0.363,0.363,0.000603,0.000603,0.5034,0.5034,0.8683816526420814,0.8327240970244437,1.0,1.0,0.363,0.363,0.0,0.0,0.698,0.698,0.9653205108790285,0.7854757677469074,1.0,0.9776950969118158,0.000603,0.5034,0.5034,0.9343696708323507,0.8951394666216216,1.0,0.9268997507383635,0.7134,0.363,0.000603,0.0,0.5034,0.5034,0.7785101280776525,0.8307957341435003,1.0,1.0,0.7134,0.7134,0.0,0.000603,0.9554578822258948,0.8770897004187348,1.0,1.0,0.7134,0.363,0.0,0.000603,0.9158795625441084,0.8406929215836803,1.0,0.9851033725991021,0.363,0.363,0.000603,0.000603,0.812982781153346,0.9041528338575024,1.0,0.9685942887281944,0.7134,0.7134,0.0,0.0,0.8434335315519458,0.9396426304478276,1.0,1.0,0.7134,0.7134,0.0,0.0,0.7816017091604656,0.847578843245911,1.0,0.9196855656038229,0.363,0.7134,0.000603,0.000603,0.8101958590409967,0.8330067665060276,1.0,0.8759570066202453,0.363,0.7134,0.000603,0.000603,0.7764670353198495,0.7625594187480005,1.0,1.0,0.7134,0.7134,0.0,0.000603,0.5034,0.5034,0.8159929975469201,0.7776268127499015,1.0,0.915187702182494,0.363,0.7134,0.0,0.000603,0.962446093410315,0.9403391783947506,1.0,0.9454186624886063,0.7134,0.363,0.0,0.000603,0.698,0.5034,0.778444415168596,0.8245475915087446,1.0,0.9445158632247284,0.7134,0.7134,0.0,0.000603,0.8891695456690226,0.949901862873596,1.0,0.8903316283889849,0.363,0.7134,0.000603,0.000603,0.8189726373196938,0.8984483076563042,1.0,0.9386674090638787,0.363,0.7134,0.0,0.0,0.8696282383321836,0.8516238174841453,1.0,0.9452748971906675,0.363,0.363,0.000603,0.000603
,152,1.0,0.8039797356737,0.8487233221765733,0.8882679087704254,0.797732926639701,0.8982948226947121,0.7224369413907978,0.1329,1.0,0.843950463030399,0.44017761378333725,0.8060684491118368,0.9243973353017543,0.8086993617563059,0.7919686739219012,0.9803448409337412,0.3164,0.74191030533824,0.1329,1.0,0.9027057955023547,0.4592250280458635,0.841301847799013,0.8756343709410619,0.9538573128803167,0.8054508598453772,0.799511253575212,0.9099691540721513,1.0,0.6875,0.677,0.8565762006444634,0.1329,0.7837274662586873,0.4286059244589575,0.8516405823917028,0.8093215617765802,0.7949437644531693,0.8095936545397149,0.1329,0.40035542530621226,0.7892716847944711,0.7568076325861908,1.0,0.4039568085774716,0.3164,0.1329,0.7601611554313414,0.3785024101586454,0.8540030916567218,0.9452936558821723,0.73068098342811,0.9365622477786754,0.8202248058770905,0.1329,1.0,0.8866987789071589,0.3792594115253217,0.797406926784223,0.7578304492177025,0.7996258143383473,0.8444612143512895,0.8581729500163997,0.8984462695560149,1.0,0.3164,0.7073228813396987,0.02524,1.0,0.7946193809140429,0.4039527870904762,0.728602548939477,0.78436417386136,0.9034928862194068,0.8551111775901049,0.8272198835334658,0.7334024709953554,1.0,0.3164,0.8215168660400676,0.1329,1.0,0.747900575665944,0.41459132964968787,0.8991917543854284,0.8119196672385104,0.8363855573429525,0.7739139439208066,0.9577290739182237,0.677,0.8010379535198039,0.1329,1.0,0.8166393256279776,0.41322780135910864,0.7958519217117371,0.7912216744482838,0.8817597402535117,0.7872866214857765,0.7153698932371018,0.8993541775430125,0.677,0.7323087391195283,0.02524,1.0,0.8288415605254215,0.8914292662635492,0.8619725007435493,0.8446944238541746,0.7564228699584877,0.51,0.848713537107019,0.1329,1.0,0.9099066127054176,0.7993053612037383,0.7856845016664746,0.9530780075100933,0.9179087926798521,0.8869560703147874,0.677,0.8367283734154811,0.1329,1.0,0.7735228686049638,0.37458283112223645,0.8735140660658249,0.8995054016777907,0.8175293408469193,0.8095665564112138,0.7703382932419769,0.677,0.7904368220372435,0.1329,0.9148196299899285,0.7245982527768772,0.02524,1.0,0.7187893588352319,0.3995007743222828,0.8720743762675238,0.9293894446582144,0.8178523180592971,0.02524,0.8494412673343129,0.43942015338285323,0.8621948621537017,0.7996618461871255,0.9347237619745536,0.8528078033866004,1.0,0.677,0.7224590595526468,0.02524,0.677,0.02524,0.8434861191219747,0.9350308333836957,0.1329,1.0,0.8879316170743633,0.4405186535973335,0.8450115784347724,0.7821703783754175,0.8235550280723538,0.7901163574701963,0.9410777148200129,0.7382087083001958,0.9837741680008746,0.677,0.7725366114970114,0.1329,1.0,0.9063681641811121,0.45237773203793186,0.7549797159926186,0.7664646337800805,0.8555086610568273,0.7743947945252279,0.8457916645592648,0.7929413121025368,0.8736838300002773,0.3164,0.7528310170938599,0.02524,0.873351912980169,0.41290534151238734,0.7455475330097949,0.8775517926400003,0.8025477261386791,0.02524,1.0,0.748023284813585,0.3921343821941023,0.9058177920820255,0.8301400565012189,0.7932810200318745,0.8855719672581979,0.9329946263557704,0.73297678544744,1.0,0.6875,0.7838151390277156,0.1329,0.4082730913065182,0.9434772239052881,0.1329,0.8725342218436327,0.02524,1.0,0.4249829452164793,0.7167887835953148,0.9163824732247496,0.3164,0.7761097072962432,0.02524,0.8086014548247751,0.4267796445404802,0.9023151411048953,0.7826171899613803,0.10846479782331661,0.019874392206912103,0.10319336218820147,0.02016618116884098,0.10490559596885483,0.10765218010766088,0.10894795509488656,0.10618852669797453,0.10540788118750992,0.020251507527866097,0.01963604422723189,0.019765721695039068,0.020003153863327416,0.10643246148379983,0.02023703363021503,0.01978713359632422,0.10641784758726072,0.10335951606644492,0.10686707194355413,0.1070595762710347,0.10484446562979813,0.02058476727098967,0.10325255327716866,0.020163792486318964,0.02046052587028114,0.02055403189582757,0.10923989696313191,0.9038520994472943,0.9559957202357724,1.0,0.9055103243817488,0.3164,0.3164,0.1329,0.02524,0.6875,0.6875,0.9115133836345558,0.7684972364902806,1.0,1.0,0.677,0.3164,0.1329,0.02524,0.6875,0.51,0.8184414973469751,0.7846503157488398,1.0,0.9054956568962185,0.3164,0.677,0.02524,0.02524,0.6875,0.6875,0.7991116086227293,0.8168791262564387,1.0,0.8892690987184315,0.677,0.677,0.02524,0.02524,0.8042812657442566,0.9536590167668542,1.0,0.9106135688464668,0.3164,0.3164,0.02524,0.1329,0.8711685073162974,0.9350017932230303,1.0,0.9832270702979691,0.677,0.677,0.1329,0.1329,0.9179077268655929,0.8563113914758567,1.0,0.9780470656659581,0.677,0.1329,0.02524,0.51,0.51,0.870185294153601,0.7989570454191394,1.0,1.0,0.3164,0.677,0.1329,0.1329,0.6875,0.6875,0.79474304994349,0.856564254648302,1.0,0.8929491601417742,0.3164,0.677,0.02524,0.02524,0.6875,0.51,0.8602011236118552,0.7874725829308411,1.0,1.0,0.3164,0.3164,0.1329,0.1329,0.51,0.51,0.8683816526420814,0.8327240970244437,1.0,1.0,0.3164,0.3164,0.02524,0.02524,0.6875,0.6875,0.9653205108790285,0.7854757677469074,1.0,0.9776950969118158,0.1329,0.51,0.51,0.9343696708323507,0.8951394666216216,1.0,0.9268997507383635,0.677,0.3164,0.1329,0.02524,0.51,0.51,0.7785101280776525,0.8307957341435003,1.0,1.0,0.677,0.677,0.02524,0.1329,0.9554578822258948,0.8770897004187348,1.0,1.0,0.677,0.3164,0.02524,0.1329,0.9158795625441084,0.8406929215836803,1.0,0.9851033725991021,0.3164,0.3164,0.1329,0.1329,0.812982781153346,0.9041528338575024,1.0,0.9685942887281944,0.677,0.677,0.02524,0.02524,0.8434335315519458,0.9396426304478276,1.0,1.0,0.677,0.677,0.02524,0.02524,0.7816017091604656,0.847578843245911,1.0,0.9196855656038229,0.3164,0.677,0.1329,0.1329,0.8101958590409967,0.8330067665060276,1.0,0.8759570066202453,0.3164,0.677,0.1329,0.1329,0.7764670353198495,0.7625594187480005,1.0,1.0,0.677,0.677,0.02524,0.1329,0.51,0.51,0.8159929975469201,0.7776268127499015,1.0,0.915187702182494,0.3164,0.677,0.02524,0.1329,0.962446093410315,0.9403391783947506,1.0,0.9454186624886063,0.677,0.3164,0.02524,0.1329,0.6875,0.51,0.778444415168596,0.8245475915087446,1.0,0.9445158632247284,0.677,0.677,0.02524,0.1329,0.8891695456690226,0.949901862873596,1.0,0.8903316283889849,0.3164,0.677,0.1329,0.1329,0.8189726373196938,0.8984483076563042,1.0,0.9386674090638787,0.3164,0.677,0.02524,0.02524,0.8696282383321836,0.8516238174841453,1.0,0.9452748971906675,0.3164,0.3164,0.1329,0.1329
,153,1.0,0.8039797356737,0.8487233221765733,0.8882679087704254,0.797732926639701,0.8982948226947121,0.7224369413907978,0.3962,1.0,0.843950463030399,0.44017761378333725,0.8060684491118368,0.9243973353017543,0.8086993617563059,0.7919686739219012,0.9803448409337412,0.2238,0.74191030533824,0.3962,1.0,0.9027057955023547,0.4592250280458635,0.841301847799013,0.8756343709410619,0.9538573128803167,0.8054508598453772,0.799511253575212,0.9099691540721513,1.0,0.661,0.5215,0.8565762006444634,0.3962,0.7837274662586873,0.4286059244589575,0.8516405823917028,0.8093215617765802,0.7949437644531693,0.8095936545397149,0.3962,0.40035542530621226,0.7892716847944711,0.7568076325861908,1.0,0.4039568085774716,0.2238,0.3962,0.7601611554313414,0.3785024101586454,0.8540030916567218,0.9452936558821723,0.73068098342811,0.9365622477786754,0.8202248058770905,0.3962,1.0,0.8866987789071589,0.3792594115253217,0.797406926784223,0.7578304492177025,0.7996258143383473,0.8444612143512895,0.8581729500163997,0.8984462695560149,1.0,0.2238,0.7073228813396987,0.1067,1.0,0.7946193809140429,0.4039527870904762,0.728602548939477,0.78436417386136,0.9034928862194068,0.8551111775901049,0.8272198835334658,0.7334024709953554,1.0,0.2238,0.8215168660400676,0.3962,1.0,0.747900575665944,0.41459132964968787,0.8991917543854284,0.8119196672385104,0.8363855573429525,0.7739139439208066,0.9577290739182237,0.5215,0.8010379535198039,0.3962,1.0,0.8166393256279776,0.41322780135910864,0.7958519217117371,0.7912216744482838,0.8817597402535117,0.7872866214857765,0.7153698932371018,0.8993541775430125,0.5215,0.7323087391195283,0.1067,1.0,0.8288415605254215,0.8914292662635492,0.8619725007435493,0.8446944238541746,0.7564228699584877,0.4993,0.848713537107019,0.3962,1.0,0.9099066127054176,0.7993053612037383,0.7856845016664746,0.9530780075100933,0.9179087926798521,0.8869560703147874,0.5215,0.8367283734154811,0.3962,1.0,0.7735228686049638,0.37458283112223645,0.8735140660658249,0.8995054016777907,0.8175293408469193,0.8095665564112138,0.7703382932419769,0.5215,0.7904368220372435,0.3962,0.9148196299899285,0.7245982527768772,0.1067,1.0,0.7187893588352319,0.3995007743222828,0.8720743762675238,0.9293894446582144,0.8178523180592971,0.1067,0.8494412673343129,0.43942015338285323,0.8621948621537017,0.7996618461871255,0.9347237619745536,0.8528078033866004,1.0,0.5215,0.7224590595526468,0.1067,0.5215,0.1067,0.8434861191219747,0.9350308333836957,0.3962,1.0,0.8879316170743633,0.4405186535973335,0.8450115784347724,0.7821703783754175,0.8235550280723538,0.7901163574701963,0.9410777148200129,0.7382087083001958,0.9837741680008746,0.5215,0.7725366114970114,0.3962,1.0,0.9063681641811121,0.45237773203793186,0.7549797159926186,0.7664646337800805,0.8555086610568273,0.7743947945252279,0.8457916645592648,0.7929413121025368,0.8736838300002773,0.2238,0.7528310170938599,0.1067,0.873351912980169,0.41290534151238734,0.7455475330097949,0.8775517926400003,0.8025477261386791,0.1067,1.0,0.748023284813585,0.3921343821941023,0.9058177920820255,0.8301400565012189,0.7932810200318745,0.8855719672581979,0.9329946263557704,0.73297678544744,1.0,0.661,0.7838151390277156,0.3962,0.4082730913065182,0.9434772239052881,0.3962,0.8725342218436327,0.1067,1.0,0.4249829452164793,0.7167887835953148,0.9163824732247496,0.2238,0.7761097072962432,0.1067,0.8086014548247751,0.4267796445404802,0.9023151411048953,0.7826171899613803,0.32335404738598983,0.08401733948009198,0.30763890217430717,0.08525085303943472,0.3127433944534258,0.32093148050154435,0.3247944304634617,0.3165680532561137,0.3142408015537354,0.08561156312295216,0.08300974322684797,0.08355794393267309,0.08456166866945464,0.31729526892311133,0.08555037592487891,0.08364846096385874,0.31725170213749215,0.308134238265805,0.31859092478582507,0.3191648165431448,0.31256115336738916,0.08702039095937392,0.3078153619895728,0.08524075508281431,0.08649517077492067,0.08689045971809832,0.32566476430995384,0.9038520994472943,0.9559957202357724,1.0,0.9055103243817488,0.2238,0.2238,0.3962,0.1067,0.661,0.661,0.9115133836345558,0.7684972364902806,1.0,1.0,0.5215,0.2238,0.3962,0.1067,0.661,0.4993,0.8184414973469751,0.7846503157488398,1.0,0.9054956568962185,0.2238,0.5215,0.1067,0.1067,0.661,0.661,0.7991116086227293,0.8168791262564387,1.0,0.8892690987184315,0.5215,0.5215,0.1067,0.1067,0.8042812657442566,0.9536590167668542,1.0,0.9106135688464668,0.2238,0.2238,0.1067,0.3962,0.8711685073162974,0.9350017932230303,1.0,0.9832270702979691,0.5215,0.5215,0.3962,0.3962,0.9179077268655929,0.8563113914758567,1.0,0.9780470656659581,0.5215,0.3962,0.1067,0.4993,0.4993,0.870185294153601,0.7989570454191394,1.0,1.0,0.2238,0.5215,0.3962,0.3962,0.661,0.661,0.79474304994349,0.856564254648302,1.0,0.8929491601417742,0.2238,0.5215,0.1067,0.1067,0.661,0.4993,0.8602011236118552,0.7874725829308411,1.0,1.0,0.2238,0.2238,0.3962,0.3962,0.4993,0.4993,0.8683816526420814,0.8327240970244437,1.0,1.0,0.2238,0.2238,0.1067,0.1067,0.661,0.661,0.9653205108790285,0.7854757677469074,1.0,0.9776950969118158,0.3962,0.4993,0.4993,0.9343696708323507,0.8951394666216216,1.0,0.9268997507383635,0.5215,0.2238,0.3962,0.1067,0.4993,0.4993,0.7785101280776525,0.8307957341435003,1.0,1.0,0.5215,0.5215,0.1067,0.3962,0.9554578822258948,0.8770897004187348,1.0,1.0,0.5215,0.2238,0.1067,0.3962,0.9158795625441084,0.8406929215836803,1.0,0.9851033725991021,0.2238,0.2238,0.3962,0.3962,0.812982781153346,0.9041528338575024,1.0,0.9685942887281944,0.5215,0.5215,0.1067,0.1067,0.8434335315519458,0.9396426304478276,1.0,1.0,0.5215,0.5215,0.1067,0.1067,0.7816017091604656,0.847578843245911,1.0,0.9196855656038229,0.2238,0.5215,0.3962,0.3962,0.8101958590409967,0.8330067665060276,1.0,0.8759570066202453,0.2238,0.5215,0.3962,0.3962,0.7764670353198495,0.7625594187480005,1.0,1.0,0.5215,0.5215,0.1067,0.3962,0.4993,0.4993,0.8159929975469201,0.7776268127499015,1.0,0.915187702182494,0.2238,0.5215,0.1067,0.3962,0.962446093410315,0.9403391783947506,1.0,0.9454186624886063,0.5215,0.2238,0.1067,0.3962,0.661,0.4993,0.778444415168596,0.8245475915087446,1.0,0.9445158632247284,0.5215,0.5215,0.1067,0.3962,0.8891695456690226,0.949901862873596,1.0,0.8903316283889849,0.2238,0.5215,0.3962,0.3962,0.8189726373196938,0.8984483076563042,1.0,0.9386674090638787,0.2238,0.5215,0.1067,0.1067,0.8696282383321836,0.8516238174841453,1.0,0.9452748971906675,0.2238,0.2238,0.3962,0.3962
,154,1.0,0.8039797356737,0.8487233221765733,0.8882679087704254,0.797732926639701,0.8982948226947121,0.7224369413907978,0.4612,1.0,0.843950463030399,0.44017761378333725,0.8060684491118368,0.9243973353017543,0.8086993617563059,0.7919686739219012,0.9803448409337412,0.2052,0.74191030533824,0.4612,1.0,0.9027057955023547,0.4592250280458635,0.841301847799013,0.8756343709410619,0.9538573128803167,0.8054508598453772,0.799511253575212,0.9099691540721513,1.0,0.6006,0.3572,0.8565762006444634,0.4612,0.7837274662586873,0.4286059244589575,0.8516405823917028,0.8093215617765802,0.7949437644531693,0.8095936545397149,0.4612,0.40035542530621226,0.7892716847944711,0.7568076325861908,1.0,0.4039568085774716,0.2052,0.4612,0.7601611554313414,0.3785024101586454,0.8540030916567218,0.9452936558821723,0.73068098342811,0.9365622477786754,0.8202248058770905,0.4612,1.0,0.8866987789071589,0.3792594115253217,0.797406926784223,0.7578304492177025,0.7996258143383473,0.8444612143512895,0.8581729500163997,0.8984462695560149,1.0,0.2052,0.7073228813396987,0.1664,1.0,0.7946193809140429,0.4039527870904762,0.728602548939477,0.78436417386136,0.9034928862194068,0.8551111775901049,0.8272198835334658,0.7334024709953554,1.0,0.2052,0.8215168660400676,0.4612,1.0,0.747900575665944,0.41459132964968787,0.8991917543854284,0.8119196672385104,0.8363855573429525,0.7739139439208066,0.9577290739182237,0.3572,0.8010379535198039,0.4612,1.0,0.8166393256279776,0.41322780135910864,0.7958519217117371,0.7912216744482838,0.8817597402535117,0.7872866214857765,0.7153698932371018,0.8993541775430125,0.3572,0.7323087391195283,0.1664,1.0,0.8288415605254215,0.8914292662635492,0.8619725007435493,0.8446944238541746,0.7564228699584877,0.463,0.848713537107019,0.4612,1.0,0.9099066127054176,0.7993053612037383,0.7856845016664746,0.9530780075100933,0.9179087926798521,0.8869560703147874,0.3572,0.8367283734154811,0.4612,1.0,0.7735228686049638,0.37458283112223645,0.8735140660658249,0.8995054016777907,0.8175293408469193,0.8095665564112138,0.7703382932419769,0.3572,0.7904368220372435,0.4612,0.9148196299899285,0.7245982527768772,0.1664,1.0,0.7187893588352319,0.3995007743222828,0.8720743762675238,0.9293894446582144,0.8178523180592971,0.1664,0.8494412673343129,0.43942015338285323,0.8621948621537017,0.7996618461871255,0.9347237619745536,0.8528078033866004,1.0,0.3572,0.7224590595526468,0.1664,0.3572,0.1664,0.8434861191219747,0.9350308333836957,0.4612,1.0,0.8879316170743633,0.4405186535973335,0.8450115784347724,0.7821703783754175,0.8235550280723538,0.7901163574701963,0.9410777148200129,0.7382087083001958,0.9837741680008746,0.3572,0.7725366114970114,0.4612,1.0,0.9063681641811121,0.45237773203793186,0.7549797159926186,0.7664646337800805,0.8555086610568273,0.7743947945252279,0.8457916645592648,0.7929413121025368,0.8736838300002773,0.2052,0.7528310170938599,0.1664,0.873351912980169,0.41290534151238734,0.7455475330097949,0.8775517926400003,0.8025477261386791,0.1664,1.0,0.748023284813585,0.3921343821941023,0.9058177920820255,0.8301400565012189,0.7932810200318745,0.8855719672581979,0.9329946263557704,0.73297678544744,1.0,0.6006,0.7838151390277156,0.4612,0.4082730913065182,0.9434772239052881,0.4612,0.8725342218436327,0.1664,1.0,0.4249829452164793,0.7167887835953148,0.9163824732247496,0.2052,0.7761097072962432,0.1664,0.8086014548247751,0.4267796445404802,0.9023151411048953,0.7826171899613803,0.37640304556895127,0.13102610393146488,0.35810969632203554,0.13294978393403878,0.36405162423503273,0.3735830358589406,0.3780797358146101,0.3685037510391712,0.3657946937823896,0.133512315873095,0.12945474482612465,0.1303096707628566,0.13187499218929005,0.36935027265860404,0.13341689366354123,0.13045083321823892,0.3692995583690342,0.3586862965375801,0.3708584919515964,0.3715265355620858,0.36383948493952517,0.13570940070890175,0.3583151058798359,0.1329340360429269,0.13489031318600558,0.13550677129420394,0.3790928553754435,0.9038520994472943,0.9559957202357724,1.0,0.9055103243817488,0.2052,0.2052,0.4612,0.1664,0.6006,0.6006,0.9115133836345558,0.7684972364902806,1.0,1.0,0.3572,0.2052,0.4612,0.1664,0.6006,0.463,0.8184414973469751,0.7846503157488398,1.0,0.9054956568962185,0.2052,0.3572,0.1664,0.1664,0.6006,0.6006,0.7991116086227293,0.8168791262564387,1.0,0.8892690987184315,0.3572,0.3572,0.1664,0.1664,0.8042812657442566,0.9536590167668542,1.0,0.9106135688464668,0.2052,0.2052,0.1664,0.4612,0.8711685073162974,0.9350017932230303,1.0,0.9832270702979691,0.3572,0.3572,0.4612,0.4612,0.9179077268655929,0.8563113914758567,1.0,0.9780470656659581,0.3572,0.4612,0.1664,0.463,0.463,0.870185294153601,0.7989570454191394,1.0,1.0,0.2052,0.3572,0.4612,0.4612,0.6006,0.6006,0.79474304994349,0.856564254648302,1.0,0.8929491601417742,0.2052,0.3572,0.1664,0.1664,0.6006,0.463,0.8602011236118552,0.7874725829308411,1.0,1.0,0.2052,0.2052,0.4612,0.4612,0.463,0.463,0.8683816526420814,0.8327240970244437,1.0,1.0,0.2052,0.2052,0.1664,0.1664,0.6006,0.6006,0.9653205108790285,0.7854757677469074,1.0,0.9776950969118158,0.4612,0.463,0.463,0.9343696708323507,0.8951394666216216,1.0,0.9268997507383635,0.3572,0.2052,0.4612,0.1664,0.463,0.463,0.7785101280776525,0.8307957341435003,1.0,1.0,0.3572,0.3572,0.1664,0.4612,0.9554578822258948,0.8770897004187348,1.0,1.0,0.3572,0.2052,0.1664,0.4612,0.9158795625441084,0.8406929215836803,1.0,0.9851033725991021,0.2052,0.2052,0.4612,0.4612,0.812982781153346,0.9041528338575024,1.0,0.9685942887281944,0.3572,0.3572,0.1664,0.1664,0.8434335315519458,0.9396426304478276,1.0,1.0,0.3572,0.3572,0.1664,0.1664,0.7816017091604656,0.847578843245911,1.0,0.9196855656038229,0.2052,0.3572,0.4612,0.4612,0.8101958590409967,0.8330067665060276,1.0,0.8759570066202453,0.2052,0.3572,0.4612,0.4612,0.7764670353198495,0.7625594187480005,1.0,1.0,0.3572,0.3572,0.1664,0.4612,0.463,0.463,0.8159929975469201,0.7776268127499015,1.0,0.915187702182494,0.2052,0.3572,0.1664,0.4612,0.962446093410315,0.9403391783947506,1.0,0.9454186624886063,0.3572,0.2052,0.1664,0.4612,0.6006,0.463,0.778444415168596,0.8245475915087446,1.0,0.9445158632247284,0.3572,0.3572,0.1664,0.4612,0.8891695456690226,0.949901862873596,1.0,0.8903316283889849,0.2052,0.3572,0.4612,0.4612,0.8189726373196938,0.8984483076563042,1.0,0.9386674090638787,0.2052,0.3572,0.1664,0.1664,0.8696282383321836,0.8516238174841453,1.0,0.9452748971906675,0.2052,0.2052,0.4612,0.4612
,155,1.0,0.8039797356737,0.8487233221765733,0.8882679087704254,0.797732926639701,0.8982948226947121,0.7224369413907978,0.4365,1.0,0.843950463030399,0.44017761378333725,0.8060684491118368,0.9243973353017543,0.8086993617563059,0.7919686739219012,0.9803448409337412,0.2147,0.74191030533824,0.4365,1.0,0.9027057955023547,0.4592250280458635,0.841301847799013,0.8756343709410619,0.9538573128803167,0.8054508598453772,0.799511253575212,0.9099691540721513,1.0,0.5557,0.3132,0.8565762006444634,0.4365,0.7837274662586873,0.4286059244589575,0.8516405823917028,0.8093215617765802,0.7949437644531693,0.8095936545397149,0.4365,0.40035542530621226,0.7892716847944711,0.7568076325861908,1.0,0.4039568085774716,0.2147,0.4365,0.7601611554313414,0.3785024101586454,0.8540030916567218,0.9452936558821723,0.73068098342811,0.9365622477786754,0.8202248058770905,0.4365,1.0,0.8866987789071589,0.3792594115253217,0.797406926784223,0.7578304492177025,0.7996258143383473,0.8444612143512895,0.8581729500163997,0.8984462695560149,1.0,0.2147,0.7073228813396987,0.1913,1.0,0.7946193809140429,0.4039527870904762,0.728602548939477,0.78436417386136,0.9034928862194068,0.8551111775901049,0.8272198835334658,0.7334024709953554,1.0,0.2147,0.8215168660400676,0.4365,1.0,0.747900575665944,0.41459132964968787,0.8991917543854284,0.8119196672385104,0.8363855573429525,0.7739139439208066,0.9577290739182237,0.3132,0.8010379535198039,0.4365,1.0,0.8166393256279776,0.41322780135910864,0.7958519217117371,0.7912216744482838,0.8817597402535117,0.7872866214857765,0.7153698932371018,0.8993541775430125,0.3132,0.7323087391195283,0.1913,1.0,0.8288415605254215,0.8914292662635492,0.8619725007435493,0.8446944238541746,0.7564228699584877,0.4292,0.848713537107019,0.4365,1.0,0.9099066127054176,0.7993053612037383,0.7856845016664746,0.9530780075100933,0.9179087926798521,0.8869560703147874,0.3132,0.8367283734154811,0.4365,1.0,0.7735228686049638,0.37458283112223645,0.8735140660658249,0.8995054016777907,0.8175293408469193,0.8095665564112138,0.7703382932419769,0.3132,0.7904368220372435,0.4365,0.9148196299899285,0.7245982527768772,0.1913,1.0,0.7187893588352319,0.3995007743222828,0.8720743762675238,0.9293894446582144,0.8178523180592971,0.1913,0.8494412673343129,0.43942015338285323,0.8621948621537017,0.7996618461871255,0.9347237619745536,0.8528078033866004,1.0,0.3132,0.7224590595526468,0.1913,0.3132,0.1913,0.8434861191219747,0.9350308333836957,0.4365,1.0,0.8879316170743633,0.4405186535973335,0.8450115784347724,0.7821703783754175,0.8235550280723538,0.7901163574701963,0.9410777148200129,0.7382087083001958,0.9837741680008746,0.3132,0.7725366114970114,0.4365,1.0,0.9063681641811121,0.45237773203793186,0.7549797159926186,0.7664646337800805,0.8555086610568273,0.7743947945252279,0.8457916645592648,0.7929413121025368,0.8736838300002773,0.2147,0.7528310170938599,0.1913,0.873351912980169,0.41290534151238734,0.7455475330097949,0.8775517926400003,0.8025477261386791,0.1913,1.0,0.748023284813585,0.3921343821941023,0.9058177920820255,0.8301400565012189,0.7932810200318745,0.8855719672581979,0.9329946263557704,0.73297678544744,1.0,0.5557,0.7838151390277156,0.4365,0.4082730913065182,0.9434772239052881,0.4365,0.8725342218436327,0.1913,1.0,0.4249829452164793,0.7167887835953148,0.9163824732247496,0.2147,0.7761097072962432,0.1913,0.8086014548247751,0.4267796445404802,0.9023151411048953,0.7826171899613803,0.35624442625942593,0.15063277453178628,0.33893079454589875,0.15284431290012992,0.3445544969180221,0.35357544482313,0.35783131978117366,0.34876818588160935,0.346204214735501,0.1534910217940089,0.14882627815647625,0.14980913471715426,0.1516086899387692,0.3495693712391168,0.15338132066006874,0.14997142064092012,0.34952137300104824,0.33947651439430554,0.3509968164286033,0.35162908233488827,0.3443537189421135,0.15601687713709683,0.33912520320153594,0.1528262085036774,0.15507522182982494,0.15578392637368518,0.3587901807705574,0.9038520994472943,0.9559957202357724,1.0,0.9055103243817488,0.2147,0.2147,0.4365,0.1913,0.5557,0.5557,0.9115133836345558,0.7684972364902806,1.0,1.0,0.3132,0.2147,0.4365,0.1913,0.5557,0.4292,0.8184414973469751,0.7846503157488398,1.0,0.9054956568962185,0.2147,0.3132,0.1913,0.1913,0.5557,0.5557,0.7991116086227293,0.8168791262564387,1.0,0.8892690987184315,0.3132,0.3132,0.1913,0.1913,0.8042812657442566,0.9536590167668542,1.0,0.9106135688464668,0.2147,0.2147,0.1913,0.4365,0.8711685073162974,0.9350017932230303,1.0,0.9832270702979691,0.3132,0.3132,0.4365,0.4365,0.9179077268655929,0.8563113914758567,1.0,0.9780470656659581,0.3132,0.4365,0.1913,0.4292,0.4292,0.870185294153601,0.7989570454191394,1.0,1.0,0.2147,0.3132,0.4365,0.4365,0.5557,0.5557,0.79474304994349,0.856564254648302,1.0,0.8929491601417742,0.2147,0.3132,0.1913,0.1913,0.5557,0.4292,0.8602011236118552,0.7874725829308411,1.0,1.0,0.2147,0.2147,0.4365,0.4365,0.4292,0.4292,0.8683816526420814,0.8327240970244437,1.0,1.0,0.2147,0.2147,0.1913,0.1913,0.5557,0.5557,0.9653205108790285,0.7854757677469074,1.0,0.9776950969118158,0.4365,0.4292,0.4292,0.9343696708323507,0.8951394666216216,1.0,0.9268997507383635,0.3132,0.2147,0.4365,0.1913,0.4292,0.4292,0.7785101280776525,0.8307957341435003,1.0,1.0,0.3132,0.3132,0.1913,0.4365,0.9554578822258948,0.8770897004187348,1.0,1.0,0.3132,0.2147,0.1913,0.4365,0.9158795625441084,0.8406929215836803,1.0,0.9851033725991021,0.2147,0.2147,0.4365,0.4365,0.812982781153346,0.9041528338575024,1.0,0.9685942887281944,0.3132,0.3132,0.1913,0.1913,0.8434335315519458,0.9396426304478276,1.0,1.0,0.3132,0.3132,0.1913,0.1913,0.7816017091604656,0.847578843245911,1.0,0.9196855656038229,0.2147,0.3132,0.4365,0.4365,0.8101958590409967,0.8330067665060276,1.0,0.8759570066202453,0.2147,0.3132,0.4365,0.4365,0.7764670353198495,0.7625594187480005,1.0,1.0,0.3132,0.3132,0.1913,0.4365,0.4292,0.4292,0.8159929975469201,0.7776268127499015,1.0,0.915187702182494,0.2147,0.3132,0.1913,0.4365,0.962446093410315,0.9403391783947506,1.0,0.9454186624886063,0.3132,0.2147,0.1913,0.4365,0.5557,0.4292,0.778444415168596,0.8245475915087446,1.0,0.9445158632247284,0.3132,0.3132,0.1913,0.4365,0.8891695456690226,0.949901862873596,1.0,0.8903316283889849,0.2147,0.3132,0.4365,0.4365,0.8189726373196938,0.8984483076563042,1.0,0.9386674090638787,0.2147,0.3132,0.1913,0.1913,0.8696282383321836,0.8516238174841453,1.0,0.9452748971906675,0.2147,0.2147,0.4365,0.4365
,156,1.0,0.8039797356737,0.8487233221765733,0.8882679087704254,0.797732926639701,0.8982948226947121,0.7224369413907978,0.391,1.0,0.843950463030399,0.44017761378333725,0.8060684491118368,0.9243973353017543,0.8086993617563059,0.7919686739219012,0.9803448409337412,0.2278,0.74191030533824,0.391,1.0,0.9027057955023547,0.4592250280458635,0.841301847799013,0.8756343709410619,0.9538573128803167,0.8054508598453772,0.799511253575212,0.9099691540721513,1.0,0.5034,0.3164,0.8565762006444634,0.391,0.7837274662586873,0.4286059244589575,0.8516405823917028,0.8093215617765802,0.7949437644531693,0.8095936545397149,0.391,0.40035542530621226,0.7892716847944711,0.7568076325861908,1.0,0.4039568085774716,0.2278,0.391,0.7601611554313414,0.3785024101586454,0.8540030916567218,0.9452936558821723,0.73068098342811,0.9365622477786754,0.8202248058770905,0.391,1.0,0.8866987789071589,0.3792594115253217,0.797406926784223,0.7578304492177025,0.7996258143383473,0.8444612143512895,0.8581729500163997,0.8984462695560149,1.0,0.2278,0.7073228813396987,0.2047,1.0,0.7946193809140429,0.4039527870904762,0.728602548939477,0.78436417386136,0.9034928862194068,0.8551111775901049,0.8272198835334658,0.7334024709953554,1.0,0.2278,0.8215168660400676,0.391,1.0,0.747900575665944,0.41459132964968787,0.8991917543854284,0.8119196672385104,0.8363855573429525,0.7739139439208066,0.9577290739182237,0.3164,0.8010379535198039,0.391,1.0,0.8166393256279776,0.41322780135910864,0.7958519217117371,0.7912216744482838,0.8817597402535117,0.7872866214857765,0.7153698932371018,0.8993541775430125,0.3164,0.7323087391195283,0.2047,1.0,0.8288415605254215,0.8914292662635492,0.8619725007435493,0.8446944238541746,0.7564228699584877,0.4172,0.848713537107019,0.391,1.0,0.9099066127054176,0.7993053612037383,0.7856845016664746,0.9530780075100933,0.9179087926798521,0.8869560703147874,0.3164,0.8367283734154811,0.391,1.0,0.7735228686049638,0.37458283112223645,0.8735140660658249,0.8995054016777907,0.8175293408469193,0.8095665564112138,0.7703382932419769,0.3164,0.7904368220372435,0.391,0.9148196299899285,0.7245982527768772,0.2047,1.0,0.7187893588352319,0.3995007743222828,0.8720743762675238,0.9293894446582144,0.8178523180592971,0.2047,0.8494412673343129,0.43942015338285323,0.8621948621537017,0.7996618461871255,0.9347237619745536,0.8528078033866004,1.0,0.3164,0.7224590595526468,0.2047,0.3164,0.2047,0.8434861191219747,0.9350308333836957,0.391,1.0,0.8879316170743633,0.4405186535973335,0.8450115784347724,0.7821703783754175,0.8235550280723538,0.7901163574701963,0.9410777148200129,0.7382087083001958,0.9837741680008746,0.3164,0.7725366114970114,0.391,1.0,0.9063681641811121,0.45237773203793186,0.7549797159926186,0.7664646337800805,0.8555086610568273,0.7743947945252279,0.8457916645592648,0.7929413121025368,0.8736838300002773,0.2278,0.7528310170938599,0.2047,0.873351912980169,0.41290534151238734,0.7455475330097949,0.8775517926400003,0.8025477261386791,0.2047,1.0,0.748023284813585,0.3921343821941023,0.9058177920820255,0.8301400565012189,0.7932810200318745,0.8855719672581979,0.9329946263557704,0.73297678544744,1.0,0.5034,0.7838151390277156,0.391,0.4082730913065182,0.9434772239052881,0.391,0.8725342218436327,0.2047,1.0,0.4249829452164793,0.7167887835953148,0.9163824732247496,0.2278,0.7761097072962432,0.2047,0.8086014548247751,0.4267796445404802,0.9023151411048953,0.7826171899613803,0.31911012753135287,0.16118415549742107,0.30360123864248895,0.16355060559674123,0.3086387360708972,0.31671935607295265,0.3205316060353698,0.3124131974334691,0.31011649017544307,0.16424261453859706,0.15925111938646466,0.1603028221463747,0.1622284308963202,0.31313086862427186,0.16412522916422412,0.1604764757197927,0.3130878736389688,0.304090073604063,0.31440951941256334,0.31497587902162955,0.3084588868416183,0.16694539858841465,0.3037753824783518,0.16353123304078812,0.16593778310802493,0.16669613031204056,0.32139051702471466,0.9038520994472943,0.9559957202357724,1.0,0.9055103243817488,0.2278,0.2278,0.391,0.2047,0.5034,0.5034,0.9115133836345558,0.7684972364902806,1.0,1.0,0.3164,0.2278,0.391,0.2047,0.5034,0.4172,0.8184414973469751,0.7846503157488398,1.0,0.9054956568962185,0.2278,0.3164,0.2047,0.2047,0.5034,0.5034,0.7991116086227293,0.8168791262564387,1.0,0.8892690987184315,0.3164,0.3164,0.2047,0.2047,0.8042812657442566,0.9536590167668542,1.0,0.9106135688464668,0.2278,0.2278,0.2047,0.391,0.8711685073162974,0.9350017932230303,1.0,0.9832270702979691,0.3164,0.3164,0.391,0.391,0.9179077268655929,0.8563113914758567,1.0,0.9780470656659581,0.3164,0.391,0.2047,0.4172,0.4172,0.870185294153601,0.7989570454191394,1.0,1.0,0.2278,0.3164,0.391,0.391,0.5034,0.5034,0.79474304994349,0.856564254648302,1.0,0.8929491601417742,0.2278,0.3164,0.2047,0.2047,0.5034,0.4172,0.8602011236118552,0.7874725829308411,1.0,1.0,0.2278,0.2278,0.391,0.391,0.4172,0.4172,0.8683816526420814,0.8327240970244437,1.0,1.0,0.2278,0.2278,0.2047,0.2047,0.5034,0.5034,0.9653205108790285,0.7854757677469074,1.0,0.9776950969118158,0.391,0.4172,0.4172,0.9343696708323507,0.8951394666216216,1.0,0.9268997507383635,0.3164,0.2278,0.391,0.2047,0.4172,0.4172,0.7785101280776525,0.8307957341435003,1.0,1.0,0.3164,0.3164,0.2047,0.391,0.9554578822258948,0.8770897004187348,1.0,1.0,0.3164,0.2278,0.2047,0.391,0.9158795625441084,0.8406929215836803,1.0,0.9851033725991021,0.2278,0.2278,0.391,0.391,0.812982781153346,0.9041528338575024,1.0,0.9685942887281944,0.3164,0.3164,0.2047,0.2047,0.8434335315519458,0.9396426304478276,1.0,1.0,0.3164,0.3164,0.2047,0.2047,0.7816017091604656,0.847578843245911,1.0,0.9196855656038229,0.2278,0.3164,0.391,0.391,0.8101958590409967,0.8330067665060276,1.0,0.8759570066202453,0.2278,0.3164,0.391,0.391,0.7764670353198495,0.7625594187480005,1.0,1.0,0.3164,0.3164,0.2047,0.391,0.4172,0.4172,0.8159929975469201,0.7776268127499015,1.0,0.915187702182494,0.2278,0.3164,0.2047,0.391,0.962446093410315,0.9403391783947506,1.0,0.9454186624886063,0.3164,0.2278,0.2047,0.391,0.5034,0.4172,0.778444415168596,0.8245475915087446,1.0,0.9445158632247284,0.3164,0.3164,0.2047,0.391,0.8891695456690226,0.949901862873596,1.0,0.8903316283889849,0.2278,0.3164,0.391,0.391,0.8189726373196938,0.8984483076563042,1.0,0.9386674090638787,0.2278,0.3164,0.2047,0.2047,0.8696282383321836,0.8516238174841453,1.0,0.9452748971906675,0.2278,0.2278,0.391,0.391
,157,1.0,0.8039797356737,0.8487233221765733,0.8882679087704254,0.797732926639701,0.8982948226947121,0.7224369413907978,0.3682,1.0,0.843950463030399,0.44017761378333725,0.8060684491118368,0.9243973353017543,0.8086993617563059,0.7919686739219012,0.9803448409337412,0.2462,0.74191030533824,0.3682,1.0,0.9027057955023547,0.4592250280458635,0.841301847799013,0.8756343709410619,0.9538573128803167,0.8054508598453772,0.799511253575212,0.9099691540721513,1.0,0.4722,0.3372,0.8565762006444634,0.3682,0.7837274662586873,0.4286059244589575,0.8516405823917028,0.8093215617765802,0.7949437644531693,0.8095936545397149,0.3682,0.40035542530621226,0.7892716847944711,0.7568076325861908,1.0,0.4039568085774716,0.2462,0.3682,0.7601611554313414,0.3785024101586454,0.8540030916567218,0.9452936558821723,0.73068098342811,0.9365622477786754,0.8202248058770905,0.3682,1.0,0.8866987789071589,0.3792594115253217,0.797406926784223,0.7578304492177025,0.7996258143383473,0.8444612143512895,0.8581729500163997,0.8984462695560149,1.0,0.2462,0.7073228813396987,0.2039,1.0,0.7946193809140429,0.4039527870904762,0.728602548939477,0.78436417386136,0.9034928862194068,0.8551111775901049,0.8272198835334658,0.7334024709953554,1.0,0.2462,0.8215168660400676,0.3682,1.0,0.747900575665944,0.41459132964968787,0.8991917543854284,0.8119196672385104,0.8363855573429525,0.7739139439208066,0.9577290739182237,0.3372,0.8010379535198039,0.3682,1.0,0.8166393256279776,0.41322780135910864,0.7958519217117371,0.7912216744482838,0.8817597402535117,0.7872866214857765,0.7153698932371018,0.8993541775430125,0.3372,0.7323087391195283,0.2039,1.0,0.8288415605254215,0.8914292662635492,0.8619725007435493,0.8446944238541746,0.7564228699584877,0.4224,0.848713537107019,0.3682,1.0,0.9099066127054176,0.7993053612037383,0.7856845016664746,0.9530780075100933,0.9179087926798521,0.8869560703147874,0.3372,0.8367283734154811,0.3682,1.0,0.7735228686049638,0.37458283112223645,0.8735140660658249,0.8995054016777907,0.8175293408469193,0.8095665564112138,0.7703382932419769,0.3372,0.7904368220372435,0.3682,0.9148196299899285,0.7245982527768772,0.2039,1.0,0.7187893588352319,0.3995007743222828,0.8720743762675238,0.9293894446582144,0.8178523180592971,0.2039,0.8494412673343129,0.43942015338285323,0.8621948621537017,0.7996618461871255,0.9347237619745536,0.8528078033866004,1.0,0.3372,0.7224590595526468,0.2039,0.3372,0.2039,0.8434861191219747,0.9350308333836957,0.3682,1.0,0.8879316170743633,0.4405186535973335,0.8450115784347724,0.7821703783754175,0.8235550280723538,0.7901163574701963,0.9410777148200129,0.7382087083001958,0.9837741680008746,0.3372,0.7725366114970114,0.3682,1.0,0.9063681641811121,0.45237773203793186,0.7549797159926186,0.7664646337800805,0.8555086610568273,0.7743947945252279,0.8457916645592648,0.7929413121025368,0.8736838300002773,0.2462,0.7528310170938599,0.2039,0.873351912980169,0.41290534151238734,0.7455475330097949,0.8775517926400003,0.8025477261386791,0.2039,1.0,0.748023284813585,0.3921343821941023,0.9058177920820255,0.8301400565012189,0.7932810200318745,0.8855719672581979,0.9329946263557704,0.73297678544744,1.0,0.4722,0.7838151390277156,0.3682,0.4082730913065182,0.9434772239052881,0.3682,0.8725342218436327,0.2039,1.0,0.4249829452164793,0.7167887835953148,0.9163824732247496,0.2462,0.7761097072962432,0.2039,0.8086014548247751,0.4267796445404802,0.9023151411048953,0.7826171899613803,0.3005021712456372,0.16055422230544286,0.2858976370029781,0.1629114239432122,0.29064138777827203,0.29825081050143526,0.3018407604660439,0.2941957526726428,0.29203297105523823,0.1636007284045918,0.15862874080556985,0.1596763333446302,0.16159441651079476,0.2948715750062837,0.1634838017908417,0.15984930825239735,0.29483108714544326,0.28635796701027105,0.29607566508364663,0.2966089991196011,0.2904720259209306,0.16629294954654492,0.28606162615992103,0.16289212709827403,0.16528927198693835,0.1660446554500492,0.30264958662020447,0.9038520994472943,0.9559957202357724,1.0,0.9055103243817488,0.2462,0.2462,0.3682,0.2039,0.4722,0.4722,0.9115133836345558,0.7684972364902806,1.0,1.0,0.3372,0.2462,0.3682,0.2039,0.4722,0.4224,0.8184414973469751,0.7846503157488398,1.0,0.9054956568962185,0.2462,0.3372,0.2039,0.2039,0.4722,0.4722,0.7991116086227293,0.8168791262564387,1.0,0.8892690987184315,0.3372,0.3372,0.2039,0.2039,0.8042812657442566,0.9536590167668542,1.0,0.9106135688464668,0.2462,0.2462,0.2039,0.3682,0.8711685073162974,0.9350017932230303,1.0,0.9832270702979691,0.3372,0.3372,0.3682,0.3682,0.9179077268655929,0.8563113914758567,1.0,0.9780470656659581,0.3372,0.3682,0.2039,0.4224,0.4224,0.870185294153601,0.7989570454191394,1.0,1.0,0.2462,0.3372,0.3682,0.3682,0.4722,0.4722,0.79474304994349,0.856564254648302,1.0,0.8929491601417742,0.2462,0.3372,0.2039,0.2039,0.4722,0.4224,0.8602011236118552,0.7874725829308411,1.0,1.0,0.2462,0.2462,0.3682,0.3682,0.4224,0.4224,0.8683816526420814,0.8327240970244437,1.0,1.0,0.2462,0.2462,0.2039,0.2039,0.4722,0.4722,0.9653205108790285,0.7854757677469074,1.0,0.9776950969118158,0.3682,0.4224,0.4224,0.9343696708323507,0.8951394666216216,1.0,0.9268997507383635,0.3372,0.2462,0.3682,0.2039,0.4224,0.4224,0.7785101280776525,0.8307957341435003,1.0,1.0,0.3372,0.3372,0.2039,0.3682,0.9554578822258948,0.8770897004187348,1.0,1.0,0.3372,0.2462,0.2039,0.3682,0.9158795625441084,0.8406929215836803,1.0,0.9851033725991021,0.2462,0.2462,0.3682,0.3682,0.812982781153346,0.9041528338575024,1.0,0.9685942887281944,0.3372,0.3372,0.2039,0.2039,0.8434335315519458,0.9396426304478276,1.0,1.0,0.3372,0.3372,0.2039,0.2039,0.7816017091604656,0.847578843245911,1.0,0.9196855656038229,0.2462,0.3372,0.3682,0.3682,0.8101958590409967,0.8330067665060276,1.0,0.8759570066202453,0.2462,0.3372,0.3682,0.3682,0.7764670353198495,0.7625594187480005,1.0,1.0,0.3372,0.3372,0.2039,0.3682,0.4224,0.4224,0.8159929975469201,0.7776268127499015,1.0,0.915187702182494,0.2462,0.3372,0.2039,0.3682,0.962446093410315,0.9403391783947506,1.0,0.9454186624886063,0.3372,0.2462,0.2039,0.3682,0.4722,0.4224,0.778444415168596,0.8245475915087446,1.0,0.9445158632247284,0.3372,0.3372,0.2039,0.3682,0.8891695456690226,0.949901862873596,1.0,0.8903316283889849,0.2462,0.3372,0.3682,0.3682,0.8189726373196938,0.8984483076563042,1.0,0.9386674090638787,0.2462,0.3372,0.2039,0.2039,0.8696282383321836,0.8516238174841453,1.0,0.9452748971906675,0.2462,0.2462,0.3682,0.3682
,158,1.0,0.8039797356737,0.8487233221765733,0.8882679087704254,0.797732926639701,0.8982948226947121,0.7224369413907978,0.3408,1.0,0.843950463030399,0.44017761378333725,0.8060684491118368,0.9243973353017543,0.8086993617563059,0.7919686739219012,0.9803448409337412,0.255,0.74191030533824,0.3408,1.0,0.9027057955023547,0.4592250280458635,0.841301847799013,0.8756343709410619,0.9538573128803167,0.8054508598453772,0.799511253575212,0.9099691540721513,1.0,0.4578,0.355,0.8565762006444634,0.3408,0.7837274662586873,0.4286059244589575,0.8516405823917028,0.8093215617765802,0.7949437644531693,0.8095936545397149,0.3408,0.40035542530621226,0.7892716847944711,0.7568076325861908,1.0,0.4039568085774716,0.255,0.3408,0.7601611554313414,0.3785024101586454,0.8540030916567218,0.9452936558821723,0.73068098342811,0.9365622477786754,0.8202248058770905,0.3408,1.0,0.8866987789071589,0.3792594115253217,0.797406926784223,0.7578304492177025,0.7996258143383473,0.8444612143512895,0.8581729500163997,0.8984462695560149,1.0,0.255,0.7073228813396987,0.1757,1.0,0.7946193809140429,0.4039527870904762,0.728602548939477,0.78436417386136,0.9034928862194068,0.8551111775901049,0.8272198835334658,0.7334024709953554,1.0,0.255,0.8215168660400676,0.3408,1.0,0.747900575665944,0.41459132964968787,0.8991917543854284,0.8119196672385104,0.8363855573429525,0.7739139439208066,0.9577290739182237,0.355,0.8010379535198039,0.3408,1.0,0.8166393256279776,0.41322780135910864,0.7958519217117371,0.7912216744482838,0.8817597402535117,0.7872866214857765,0.7153698932371018,0.8993541775430125,0.355,0.7323087391195283,0.1757,1.0,0.8288415605254215,0.8914292662635492,0.8619725007435493,0.8446944238541746,0.7564228699584877,0.4421,0.848713537107019,0.3408,1.0,0.9099066127054176,0.7993053612037383,0.7856845016664746,0.9530780075100933,0.9179087926798521,0.8869560703147874,0.355,0.8367283734154811,0.3408,1.0,0.7735228686049638,0.37458283112223645,0.8735140660658249,0.8995054016777907,0.8175293408469193,0.8095665564112138,0.7703382932419769,0.355,0.7904368220372435,0.3408,0.9148196299899285,0.7245982527768772,0.1757,1.0,0.7187893588352319,0.3995007743222828,0.8720743762675238,0.9293894446582144,0.8178523180592971,0.1757,0.8494412673343129,0.43942015338285323,0.8621948621537017,0.7996618461871255,0.9347237619745536,0.8528078033866004,1.0,0.355,0.7224590595526468,0.1757,0.355,0.1757,0.8434861191219747,0.9350308333836957,0.3408,1.0,0.8879316170743633,0.4405186535973335,0.8450115784347724,0.7821703783754175,0.8235550280723538,0.7901163574701963,0.9410777148200129,0.7382087083001958,0.9837741680008746,0.355,0.7725366114970114,0.3408,1.0,0.9063681641811121,0.45237773203793186,0.7549797159926186,0.7664646337800805,0.8555086610568273,0.7743947945252279,0.8457916645592648,0.7929413121025368,0.8736838300002773,0.255,0.7528310170938599,0.1757,0.873351912980169,0.41290534151238734,0.7455475330097949,0.8775517926400003,0.8025477261386791,0.1757,1.0,0.748023284813585,0.3921343821941023,0.9058177920820255,0.8301400565012189,0.7932810200318745,0.8855719672581979,0.9329946263557704,0.73297678544744,1.0,0.4578,0.7838151390277156,0.3408,0.4082730913065182,0.9434772239052881,0.3408,0.8725342218436327,0.1757,1.0,0.4249829452164793,0.7167887835953148,0.9163824732247496,0.255,0.7761097072962432,0.1757,0.8086014548247751,0.4267796445404802,0.9023151411048953,0.7826171899613803,0.2781399781654349,0.13834907728821141,0.26462225608532025,0.14038027065631378,0.2690129955318715,0.27605615485847124,0.2793789548257136,0.2723028585302462,0.27030102263885164,0.1409742421809062,0.13668989582902705,0.13759260308313645,0.13924540942102323,0.27292838881624515,0.14087348687911175,0.13774165502671018,0.2728909139032239,0.26504833013878426,0.2740428752322291,0.27453652064084744,0.2688562369197532,0.14329412082063725,0.26477404181233316,0.14036364262465298,0.1424292549686369,0.14308016656485356,0.2801275913095211,0.9038520994472943,0.9559957202357724,1.0,0.9055103243817488,0.255,0.255,0.3408,0.1757,0.4578,0.4578,0.9115133836345558,0.7684972364902806,1.0,1.0,0.355,0.255,0.3408,0.1757,0.4578,0.4421,0.8184414973469751,0.7846503157488398,1.0,0.9054956568962185,0.255,0.355,0.1757,0.1757,0.4578,0.4578,0.7991116086227293,0.8168791262564387,1.0,0.8892690987184315,0.355,0.355,0.1757,0.1757,0.8042812657442566,0.9536590167668542,1.0,0.9106135688464668,0.255,0.255,0.1757,0.3408,0.8711685073162974,0.9350017932230303,1.0,0.9832270702979691,0.355,0.355,0.3408,0.3408,0.9179077268655929,0.8563113914758567,1.0,0.9780470656659581,0.355,0.3408,0.1757,0.4421,0.4421,0.870185294153601,0.7989570454191394,1.0,1.0,0.255,0.355,0.3408,0.3408,0.4578,0.4578,0.79474304994349,0.856564254648302,1.0,0.8929491601417742,0.255,0.355,0.1757,0.1757,0.4578,0.4421,0.8602011236118552,0.7874725829308411,1.0,1.0,0.255,0.255,0.3408,0.3408,0.4421,0.4421,0.8683816526420814,0.8327240970244437,1.0,1.0,0.255,0.255,0.1757,0.1757,0.4578,0.4578,0.9653205108790285,0.7854757677469074,1.0,0.9776950969118158,0.3408,0.4421,0.4421,0.9343696708323507,0.8951394666216216,1.0,0.9268997507383635,0.355,0.255,0.3408,0.1757,0.4421,0.4421,0.7785101280776525,0.8307957341435003,1.0,1.0,0.355,0.355,0.1757,0.3408,0.9554578822258948,0.8770897004187348,1.0,1.0,0.355,0.255,0.1757,0.3408,0.9158795625441084,0.8406929215836803,1.0,0.9851033725991021,0.255,0.255,0.3408,0.3408,0.812982781153346,0.9041528338575024,1.0,0.9685942887281944,0.355,0.355,0.1757,0.1757,0.8434335315519458,0.9396426304478276,1.0,1.0,0.355,0.355,0.1757,0.1757,0.7816017091604656,0.847578843245911,1.0,0.9196855656038229,0.255,0.355,0.3408,0.3408,0.8101958590409967,0.8330067665060276,1.0,0.8759570066202453,0.255,0.355,0.3408,0.3408,0.7764670353198495,0.7625594187480005,1.0,1.0,0.355,0.355,0.1757,0.3408,0.4421,0.4421,0.8159929975469201,0.7776268127499015,1.0,0.915187702182494,0.255,0.355,0.1757,0.3408,0.962446093410315,0.9403391783947506,1.0,0.9454186624886063,0.355,0.255,0.1757,0.3408,0.4578,0.4421,0.778444415168596,0.8245475915087446,1.0,0.9445158632247284,0.355,0.355,0.1757,0.3408,0.8891695456690226,0.949901862873596,1.0,0.8903316283889849,0.255,0.355,0.3408,0.3408,0.8189726373196938,0.8984483076563042,1.0,0.9386674090638787,0.255,0.355,0.1757,0.1757,0.8696282383321836,0.8516238174841453,1.0,0.9452748971906675,0.255,0.255,0.3408,0.3408
,159,1.0,0.8039797356737,0.8487233221765733,0.8882679087704254,0.797732926639701,0.8982948226947121,0.7224369413907978,0.2942,1.0,0.843950463030399,0.44017761378333725,0.8060684491118368,0.9243973353017543,0.8086993617563059,0.7919686739219012,0.9803448409337412,0.2603,0.74191030533824,0.2942,1.0,0.9027057955023547,0.4592250280458635,0.841301847799013,0.8756343709410619,0.9538573128803167,0.8054508598453772,0.799511253575212,0.9099691540721513,1.0,0.4558,0.3582,0.8565762006444634,0.2942,0.7837274662586873,0.4286059244589575,0.8516405823917028,0.8093215617765802,0.7949437644531693,0.8095936545397149,0.2942,0.40035542530621226,0.7892716847944711,0.7568076325861908,1.0,0.4039568085774716,0.2603,0.2942,0.7601611554313414,0.3785024101586454,0.8540030916567218,0.9452936558821723,0.73068098342811,0.9365622477786754,0.8202248058770905,0.2942,1.0,0.8866987789071589,0.3792594115253217,0.797406926784223,0.7578304492177025,0.7996258143383473,0.8444612143512895,0.8581729500163997,0.8984462695560149,1.0,0.2603,0.7073228813396987,0.1478,1.0,0.7946193809140429,0.4039527870904762,0.728602548939477,0.78436417386136,0.9034928862194068,0.8551111775901049,0.8272198835334658,0.7334024709953554,1.0,0.2603,0.8215168660400676,0.2942,1.0,0.747900575665944,0.41459132964968787,0.8991917543854284,0.8119196672385104,0.8363855573429525,0.7739139439208066,0.9577290739182237,0.3582,0.8010379535198039,0.2942,1.0,0.8166393256279776,0.41322780135910864,0.7958519217117371,0.7912216744482838,0.8817597402535117,0.7872866214857765,0.7153698932371018,0.8993541775430125,0.3582,0.7323087391195283,0.1478,1.0,0.8288415605254215,0.8914292662635492,0.8619725007435493,0.8446944238541746,0.7564228699584877,0.4634,0.848713537107019,0.2942,1.0,0.9099066127054176,0.7993053612037383,0.7856845016664746,0.9530780075100933,0.9179087926798521,0.8869560703147874,0.3582,0.8367283734154811,0.2942,1.0,0.7735228686049638,0.37458283112223645,0.8735140660658249,0.8995054016777907,0.8175293408469193,0.8095665564112138,0.7703382932419769,0.3582,0.7904368220372435,0.2942,0.9148196299899285,0.7245982527768772,0.1478,1.0,0.7187893588352319,0.3995007743222828,0.8720743762675238,0.9293894446582144,0.8178523180592971,0.1478,0.8494412673343129,0.43942015338285323,0.8621948621537017,0.7996618461871255,0.9347237619745536,0.8528078033866004,1.0,0.3582,0.7224590595526468,0.1478,0.3582,0.1478,0.8434861191219747,0.9350308333836957,0.2942,1.0,0.8879316170743633,0.4405186535973335,0.8450115784347724,0.7821703783754175,0.8235550280723538,0.7901163574701963,0.9410777148200129,0.7382087083001958,0.9837741680008746,0.3582,0.7725366114970114,0.2942,1.0,0.9063681641811121,0.45237773203793186,0.7549797159926186,0.7664646337800805,0.8555086610568273,0.7743947945252279,0.8457916645592648,0.7929413121025368,0.8736838300002773,0.2603,0.7528310170938599,0.1478,0.873351912980169,0.41290534151238734,0.7455475330097949,0.8775517926400003,0.8025477261386791,0.1478,1.0,0.748023284813585,0.3921343821941023,0.9058177920820255,0.8301400565012189,0.7932810200318745,0.8855719672581979,0.9329946263557704,0.73297678544744,1.0,0.4558,0.7838151390277156,0.2942,0.4082730913065182,0.9434772239052881,0.2942,0.8725342218436327,0.1478,1.0,0.4249829452164793,0.7167887835953148,0.9163824732247496,0.2603,0.7761097072962432,0.1478,0.8086014548247751,0.4267796445404802,0.9023151411048953,0.7826171899613803,0.24010792716041948,0.11638015721797182,0.22843857905017964,0.11808881048948877,0.23222894156536564,0.23830903978686108,0.24117748975858258,0.2350689582734696,0.23334084759492416,0.11858846325747262,0.11498444282031986,0.11574380612229691,0.11713415772582375,0.23560895536895343,0.1185037072324002,0.11586918960129634,0.2355766046664568,0.22880639297778854,0.2365710501564607,0.2369971959288067,0.2320936176695757,0.12053996048543078,0.22856961003869844,0.11807482287947474,0.11981242962074296,0.1203599807529047,0.24182375986872393,0.9038520994472943,0.9559957202357724,1.0,0.9055103243817488,0.2603,0.2603,0.2942,0.1478,0.4558,0.4558,0.9115133836345558,0.7684972364902806,1.0,1.0,0.3582,0.2603,0.2942,0.1478,0.4558,0.4634,0.8184414973469751,0.7846503157488398,1.0,0.9054956568962185,0.2603,0.3582,0.1478,0.1478,0.4558,0.4558,0.7991116086227293,0.8168791262564387,1.0,0.8892690987184315,0.3582,0.3582,0.1478,0.1478,0.8042812657442566,0.9536590167668542,1.0,0.9106135688464668,0.2603,0.2603,0.1478,0.2942,0.8711685073162974,0.9350017932230303,1.0,0.9832270702979691,0.3582,0.3582,0.2942,0.2942,0.9179077268655929,0.8563113914758567,1.0,0.9780470656659581,0.3582,0.2942,0.1478,0.4634,0.4634,0.870185294153601,0.7989570454191394,1.0,1.0,0.2603,0.3582,0.2942,0.2942,0.4558,0.4558,0.79474304994349,0.856564254648302,1.0,0.8929491601417742,0.2603,0.3582,0.1478,0.1478,0.4558,0.4634,0.8602011236118552,0.7874725829308411,1.0,1.0,0.2603,0.2603,0.2942,0.2942,0.4634,0.4634,0.8683816526420814,0.8327240970244437,1.0,1.0,0.2603,0.2603,0.1478,0.1478,0.4558,0.4558,0.9653205108790285,0.7854757677469074,1.0,0.9776950969118158,0.2942,0.4634,0.4634,0.9343696708323507,0.8951394666216216,1.0,0.9268997507383635,0.3582,0.2603,0.2942,0.1478,0.4634,0.4634,0.7785101280776525,0.8307957341435003,1.0,1.0,0.3582,0.3582,0.1478,0.2942,0.9554578822258948,0.8770897004187348,1.0,1.0,0.3582,0.2603,0.1478,0.2942,0.9158795625441084,0.8406929215836803,1.0,0.9851033725991021,0.2603,0.2603,0.2942,0.2942,0.812982781153346,0.9041528338575024,1.0,0.9685942887281944,0.3582,0.3582,0.1478,0.1478,0.8434335315519458,0.9396426304478276,1.0,1.0,0.3582,0.3582,0.1478,0.1478,0.7816017091604656,0.847578843245911,1.0,0.9196855656038229,0.2603,0.3582,0.2942,0.2942,0.8101958590409967,0.8330067665060276,1.0,0.8759570066202453,0.2603,0.3582,0.2942,0.2942,0.7764670353198495,0.7625594187480005,1.0,1.0,0.3582,0.3582,0.1478,0.2942,0.4634,0.4634,0.8159929975469201,0.7776268127499015,1.0,0.915187702182494,0.2603,0.3582,0.1478,0.2942,0.962446093410315,0.9403391783947506,1.0,0.9454186624886063,0.3582,0.2603,0.1478,0.2942,0.4558,0.4634,0.778444415168596,0.8245475915087446,1.0,0.9445158632247284,0.3582,0.3582,0.1478,0.2942,0.8891695456690226,0.949901862873596,1.0,0.8903316283889849,0.2603,0.3582,0.2942,0.2942,0.8189726373196938,0.8984483076563042,1.0,0.9386674090638787,0.2603,0.3582,0.1478,0.1478,0.8696282383321836,0.8516238174841453,1.0,0.9452748971906675,0.2603,0.2603,0.2942,0.2942
,160,1.0,0.8039797356737,0.8487233221765733,0.8882679087704254,0.797732926639701,0.8982948226947121,0.7224369413907978,0.215,1.0,0.843950463030399,0.44017761378333725,0.8060684491118368,0.9243973353017543,0.8086993617563059,0.7919686739219012,0.9803448409337412,0.2551,0.74191030533824,0.215,1.0,0.9027057955023547,0.4592250280458635,0.841301847799013,0.8756343709410619,0.9538573128803167,0.8054508598453772,0.799511253575212,0.9099691540721513,1.0,0.4622,0.3506,0.8565762006444634,0.215,0.7837274662586873,0.4286059244589575,0.8516405823917028,0.8093215617765802,0.7949437644531693,0.8095936545397149,0.215,0.40035542530621226,0.7892716847944711,0.7568076325861908,1.0,0.4039568085774716,0.2551,0.215,0.7601611554313414,0.3785024101586454,0.8540030916567218,0.9452936558821723,0.73068098342811,0.9365622477786754,0.8202248058770905,0.215,1.0,0.8866987789071589,0.3792594115253217,0.797406926784223,0.7578304492177025,0.7996258143383473,0.8444612143512895,0.8581729500163997,0.8984462695560149,1.0,0.2551,0.7073228813396987,0.1197,1.0,0.7946193809140429,0.4039527870904762,0.728602548939477,0.78436417386136,0.9034928862194068,0.8551111775901049,0.8272198835334658,0.7334024709953554,1.0,0.2551,0.8215168660400676,0.215,1.0,0.747900575665944,0.41459132964968787,0.8991917543854284,0.8119196672385104,0.8363855573429525,0.7739139439208066,0.9577290739182237,0.3506,0.8010379535198039,0.215,1.0,0.8166393256279776,0.41322780135910864,0.7958519217117371,0.7912216744482838,0.8817597402535117,0.7872866214857765,0.7153698932371018,0.8993541775430125,0.3506,0.7323087391195283,0.1197,1.0,0.8288415605254215,0.8914292662635492,0.8619725007435493,0.8446944238541746,0.7564228699584877,0.4946,0.848713537107019,0.215,1.0,0.9099066127054176,0.7993053612037383,0.7856845016664746,0.9530780075100933,0.9179087926798521,0.8869560703147874,0.3506,0.8367283734154811,0.215,1.0,0.7735228686049638,0.37458283112223645,0.8735140660658249,0.8995054016777907,0.8175293408469193,0.8095665564112138,0.7703382932419769,0.3506,0.7904368220372435,0.215,0.9148196299899285,0.7245982527768772,0.1197,1.0,0.7187893588352319,0.3995007743222828,0.8720743762675238,0.9293894446582144,0.8178523180592971,0.1197,0.8494412673343129,0.43942015338285323,0.8621948621537017,0.7996618461871255,0.9347237619745536,0.8528078033866004,1.0,0.3506,0.7224590595526468,0.1197,0.3506,0.1197,0.8434861191219747,0.9350308333836957,0.215,1.0,0.8879316170743633,0.4405186535973335,0.8450115784347724,0.7821703783754175,0.8235550280723538,0.7901163574701963,0.9410777148200129,0.7382087083001958,0.9837741680008746,0.3506,0.7725366114970114,0.215,1.0,0.9063681641811121,0.45237773203793186,0.7549797159926186,0.7664646337800805,0.8555086610568273,0.7743947945252279,0.8457916645592648,0.7929413121025368,0.8736838300002773,0.2551,0.7528310170938599,0.1197,0.873351912980169,0.41290534151238734,0.7455475330097949,0.8775517926400003,0.8025477261386791,0.1197,1.0,0.748023284813585,0.3921343821941023,0.9058177920820255,0.8301400565012189,0.7932810200318745,0.8855719672581979,0.9329946263557704,0.73297678544744,1.0,0.4622,0.7838151390277156,0.215,0.4082730913065182,0.9434772239052881,0.215,0.8725342218436327,0.1197,1.0,0.4249829452164793,0.7167887835953148,0.9163824732247496,0.2551,0.7761097072962432,0.1197,0.8086014548247751,0.4267796445404802,0.9023151411048953,0.7826171899613803,0.1754697632205649,0.09425375384973768,0.16694185756556296,0.09563755490928151,0.1697118369699307,0.17415514464369522,0.17625139462302944,0.17178730805165182,0.1705244127563178,0.09604221280053771,0.09312339516638897,0.09373838696102126,0.09486440243424293,0.1721819354327838,0.09597357074234307,0.09383993230903365,0.17215829368894703,0.16721065428356402,0.1728850298560131,0.17319645521649707,0.16961294289244996,0.09762268788975688,0.1670376144062548,0.09562622664866799,0.09703347649257736,0.09747692622545802,0.17672368583200423,0.9038520994472943,0.9559957202357724,1.0,0.9055103243817488,0.2551,0.2551,0.215,0.1197,0.4622,0.4622,0.9115133836345558,0.7684972364902806,1.0,1.0,0.3506,0.2551,0.215,0.1197,0.4622,0.4946,0.8184414973469751,0.7846503157488398,1.0,0.9054956568962185,0.2551,0.3506,0.1197,0.1197,0.4622,0.4622,0.7991116086227293,0.8168791262564387,1.0,0.8892690987184315,0.3506,0.3506,0.1197,0.1197,0.8042812657442566,0.9536590167668542,1.0,0.9106135688464668,0.2551,0.2551,0.1197,0.215,0.8711685073162974,0.9350017932230303,1.0,0.9832270702979691,0.3506,0.3506,0.215,0.215,0.9179077268655929,0.8563113914758567,1.0,0.9780470656659581,0.3506,0.215,0.1197,0.4946,0.4946,0.870185294153601,0.7989570454191394,1.0,1.0,0.2551,0.3506,0.215,0.215,0.4622,0.4622,0.79474304994349,0.856564254648302,1.0,0.8929491601417742,0.2551,0.3506,0.1197,0.1197,0.4622,0.4946,0.8602011236118552,0.7874725829308411,1.0,1.0,0.2551,0.2551,0.215,0.215,0.4946,0.4946,0.8683816526420814,0.8327240970244437,1.0,1.0,0.2551,0.2551,0.1197,0.1197,0.4622,0.4622,0.9653205108790285,0.7854757677469074,1.0,0.9776950969118158,0.215,0.4946,0.4946,0.9343696708323507,0.8951394666216216,1.0,0.9268997507383635,0.3506,0.2551,0.215,0.1197,0.4946,0.4946,0.7785101280776525,0.8307957341435003,1.0,1.0,0.3506,0.3506,0.1197,0.215,0.9554578822258948,0.8770897004187348,1.0,1.0,0.3506,0.2551,0.1197,0.215,0.9158795625441084,0.8406929215836803,1.0,0.9851033725991021,0.2551,0.2551,0.215,0.215,0.812982781153346,0.9041528338575024,1.0,0.9685942887281944,0.3506,0.3506,0.1197,0.1197,0.8434335315519458,0.9396426304478276,1.0,1.0,0.3506,0.3506,0.1197,0.1197,0.7816017091604656,0.847578843245911,1.0,0.9196855656038229,0.2551,0.3506,0.215,0.215,0.8101958590409967,0.8330067665060276,1.0,0.8759570066202453,0.2551,0.3506,0.215,0.215,0.7764670353198495,0.7625594187480005,1.0,1.0,0.3506,0.3506,0.1197,0.215,0.4946,0.4946,0.8159929975469201,0.7776268127499015,1.0,0.915187702182494,0.2551,0.3506,0.1197,0.215,0.962446093410315,0.9403391783947506,1.0,0.9454186624886063,0.3506,0.2551,0.1197,0.215,0.4622,0.4946,0.778444415168596,0.8245475915087446,1.0,0.9445158632247284,0.3506,0.3506,0.1197,0.215,0.8891695456690226,0.949901862873596,1.0,0.8903316283889849,0.2551,0.3506,0.215,0.215,0.8189726373196938,0.8984483076563042,1.0,0.9386674090638787,0.2551,0.3506,0.1197,0.1197,0.8696282383321836,0.8516238174841453,1.0,0.9452748971906675,0.2551,0.2551,0.215,0.215
,161,1.0,0.8039797356737,0.8487233221765733,0.8882679087704254,0.797732926639701,0.8982948226947121,0.7224369413907978,0.0674,1.0,0.843950463030399,0.44017761378333725,0.8060684491118368,0.9243973353017543,0.8086993617563059,0.7919686739219012,0.9803448409337412,0.2512,0.74191030533824,0.0674,1.0,0.9027057955023547,0.4592250280458635,0.841301847799013,0.8756343709410619,0.9538573128803167,0.8054508598453772,0.799511253575212,0.9099691540721513,1.0,0.489,0.4268,0.8565762006444634,0.0674,0.7837274662586873,0.4286059244589575,0.8516405823917028,0.8093215617765802,0.7949437644531693,0.8095936545397149,0.0674,0.40035542530621226,0.7892716847944711,0.7568076325861908,1.0,0.4039568085774716,0.2512,0.0674,0.7601611554313414,0.3785024101586454,0.8540030916567218,0.9452936558821723,0.73068098342811,0.9365622477786754,0.8202248058770905,0.0674,1.0,0.8866987789071589,0.3792594115253217,0.797406926784223,0.7578304492177025,0.7996258143383473,0.8444612143512895,0.8581729500163997,0.8984462695560149,1.0,0.2512,0.7073228813396987,0.03604,1.0,0.7946193809140429,0.4039527870904762,0.728602548939477,0.78436417386136,0.9034928862194068,0.8551111775901049,0.8272198835334658,0.7334024709953554,1.0,0.2512,0.8215168660400676,0.0674,1.0,0.747900575665944,0.41459132964968787,0.8991917543854284,0.8119196672385104,0.8363855573429525,0.7739139439208066,0.9577290739182237,0.4268,0.8010379535198039,0.0674,1.0,0.8166393256279776,0.41322780135910864,0.7958519217117371,0.7912216744482838,0.8817597402535117,0.7872866214857765,0.7153698932371018,0.8993541775430125,0.4268,0.7323087391195283,0.03604,1.0,0.8288415605254215,0.8914292662635492,0.8619725007435493,0.8446944238541746,0.7564228699584877,0.5273,0.848713537107019,0.0674,1.0,0.9099066127054176,0.7993053612037383,0.7856845016664746,0.9530780075100933,0.9179087926798521,0.8869560703147874,0.4268,0.8367283734154811,0.0674,1.0,0.7735228686049638,0.37458283112223645,0.8735140660658249,0.8995054016777907,0.8175293408469193,0.8095665564112138,0.7703382932419769,0.4268,0.7904368220372435,0.0674,0.9148196299899285,0.7245982527768772,0.03604,1.0,0.7187893588352319,0.3995007743222828,0.8720743762675238,0.9293894446582144,0.8178523180592971,0.03604,0.8494412673343129,0.43942015338285323,0.8621948621537017,0.7996618461871255,0.9347237619745536,0.8528078033866004,1.0,0.4268,0.7224590595526468,0.03604,0.4268,0.03604,0.8434861191219747,0.9350308333836957,0.0674,1.0,0.8879316170743633,0.4405186535973335,0.8450115784347724,0.7821703783754175,0.8235550280723538,0.7901163574701963,0.9410777148200129,0.7382087083001958,0.9837741680008746,0.4268,0.7725366114970114,0.0674,1.0,0.9063681641811121,0.45237773203793186,0.7549797159926186,0.7664646337800805,0.8555086610568273,0.7743947945252279,0.8457916645592648,0.7929413121025368,0.8736838300002773,0.2512,0.7528310170938599,0.03604,0.873351912980169,0.41290534151238734,0.7455475330097949,0.8775517926400003,0.8025477261386791,0.03604,1.0,0.748023284813585,0.3921343821941023,0.9058177920820255,0.8301400565012189,0.7932810200318745,0.8855719672581979,0.9329946263557704,0.73297678544744,1.0,0.489,0.7838151390277156,0.0674,0.4082730913065182,0.9434772239052881,0.0674,0.8725342218436327,0.03604,1.0,0.4249829452164793,0.7167887835953148,0.9163824732247496,0.2512,0.7761097072962432,0.03604,0.8086014548247751,0.4267796445404802,0.9023151411048953,0.7826171899613803,0.055007730423563134,0.028378490298617758,0.05233433116241369,0.02879513349148292,0.05320268749662013,0.05459561278597701,0.055252762779498525,0.05385332354735503,0.05345742055709683,0.02891697033693717,0.0280381550693121,0.028223320518589858,0.02856234806792076,0.05397703464264943,0.028896303170877564,0.028253894406161845,0.053969623230860596,0.05241859580796379,0.05419744656881527,0.054295074798101875,0.053171685353261056,0.029392829336230893,0.05236434981851895,0.028791722710258934,0.029215426004949772,0.029348942532711,0.055400820581753885,0.9038520994472943,0.9559957202357724,1.0,0.9055103243817488,0.2512,0.2512,0.0674,0.03604,0.489,0.489,0.9115133836345558,0.7684972364902806,1.0,1.0,0.4268,0.2512,0.0674,0.03604,0.489,0.5273,0.8184414973469751,0.7846503157488398,1.0,0.9054956568962185,0.2512,0.4268,0.03604,0.03604,0.489,0.489,0.7991116086227293,0.8168791262564387,1.0,0.8892690987184315,0.4268,0.4268,0.03604,0.03604,0.8042812657442566,0.9536590167668542,1.0,0.9106135688464668,0.2512,0.2512,0.03604,0.0674,0.8711685073162974,0.9350017932230303,1.0,0.9832270702979691,0.4268,0.4268,0.0674,0.0674,0.9179077268655929,0.8563113914758567,1.0,0.9780470656659581,0.4268,0.0674,0.03604,0.5273,0.5273,0.870185294153601,0.7989570454191394,1.0,1.0,0.2512,0.4268,0.0674,0.0674,0.489,0.489,0.79474304994349,0.856564254648302,1.0,0.8929491601417742,0.2512,0.4268,0.03604,0.03604,0.489,0.5273,0.8602011236118552,0.7874725829308411,1.0,1.0,0.2512,0.2512,0.0674,0.0674,0.5273,0.5273,0.8683816526420814,0.8327240970244437,1.0,1.0,0.2512,0.2512,0.03604,0.03604,0.489,0.489,0.9653205108790285,0.7854757677469074,1.0,0.9776950969118158,0.0674,0.5273,0.5273,0.9343696708323507,0.8951394666216216,1.0,0.9268997507383635,0.4268,0.2512,0.0674,0.03604,0.5273,0.5273,0.7785101280776525,0.8307957341435003,1.0,1.0,0.4268,0.4268,0.03604,0.0674,0.9554578822258948,0.8770897004187348,1.0,1.0,0.4268,0.2512,0.03604,0.0674,0.9158795625441084,0.8406929215836803,1.0,0.9851033725991021,0.2512,0.2512,0.0674,0.0674,0.812982781153346,0.9041528338575024,1.0,0.9685942887281944,0.4268,0.4268,0.03604,0.03604,0.8434335315519458,0.9396426304478276,1.0,1.0,0.4268,0.4268,0.03604,0.03604,0.7816017091604656,0.847578843245911,1.0,0.9196855656038229,0.2512,0.4268,0.0674,0.0674,0.8101958590409967,0.8330067665060276,1.0,0.8759570066202453,0.2512,0.4268,0.0674,0.0674,0.7764670353198495,0.7625594187480005,1.0,1.0,0.4268,0.4268,0.03604,0.0674,0.5273,0.5273,0.8159929975469201,0.7776268127499015,1.0,0.915187702182494,0.2512,0.4268,0.03604,0.0674,0.962446093410315,0.9403391783947506,1.0,0.9454186624886063,0.4268,0.2512,0.03604,0.0674,0.489,0.5273,0.778444415168596,0.8245475915087446,1.0,0.9445158632247284,0.4268,0.4268,0.03604,0.0674,0.8891695456690226,0.949901862873596,1.0,0.8903316283889849,0.2512,0.4268,0.0674,0.0674,0.8189726373196938,0.8984483076563042,1.0,0.9386674090638787,0.2512,0.4268,0.03604,0.03604,0.8696282383321836,0.8516238174841453,1.0,0.9452748971906675,0.2512,0.2512,0.0674,0.0674
,162,1.0,0.8039797356737,0.8487233221765733,0.8882679087704254,0.797732926639701,0.8982948226947121,0.7224369413907978,7.546e-05,1.0,0.843950463030399,0.44017761378333725,0.8060684491118368,0.9243973353017543,0.8086993617563059,0.7919686739219012,0.9803448409337412,0.304,0.74191030533824,7.546e-05,1.0,0.9027057955023547,0.4592250280458635,0.841301847799013,0.8756343709410619,0.9538573128803167,0.8054508598453772,0.799511253575212,0.9099691540721513,1.0,0.5005,0.5044,0.8565762006444634,7.546e-05,0.7837274662586873,0.4286059244589575,0.8516405823917028,0.8093215617765802,0.7949437644531693,0.8095936545397149,7.546e-05,0.40035542530621226,0.7892716847944711,0.7568076325861908,1.0,0.4039568085774716,0.304,7.546e-05,0.7601611554313414,0.3785024101586454,0.8540030916567218,0.9452936558821723,0.73068098342811,0.9365622477786754,0.8202248058770905,7.546e-05,1.0,0.8866987789071589,0.3792594115253217,0.797406926784223,0.7578304492177025,0.7996258143383473,0.8444612143512895,0.8581729500163997,0.8984462695560149,1.0,0.304,0.7073228813396987,0.0,1.0,0.7946193809140429,0.4039527870904762,0.728602548939477,0.78436417386136,0.9034928862194068,0.8551111775901049,0.8272198835334658,0.7334024709953554,1.0,0.304,0.8215168660400676,7.546e-05,1.0,0.747900575665944,0.41459132964968787,0.8991917543854284,0.8119196672385104,0.8363855573429525,0.7739139439208066,0.9577290739182237,0.5044,0.8010379535198039,7.546e-05,1.0,0.8166393256279776,0.41322780135910864,0.7958519217117371,0.7912216744482838,0.8817597402535117,0.7872866214857765,0.7153698932371018,0.8993541775430125,0.5044,0.7323087391195283,0.0,1.0,0.8288415605254215,0.8914292662635492,0.8619725007435493,0.8446944238541746,0.7564228699584877,0.556,0.848713537107019,7.546e-05,1.0,0.9099066127054176,0.7993053612037383,0.7856845016664746,0.9530780075100933,0.9179087926798521,0.8869560703147874,0.5044,0.8367283734154811,7.546e-05,1.0,0.7735228686049638,0.37458283112223645,0.8735140660658249,0.8995054016777907,0.8175293408469193,0.8095665564112138,0.7703382932419769,0.5044,0.7904368220372435,7.546e-05,0.9148196299899285,0.7245982527768772,0.0,1.0,0.7187893588352319,0.3995007743222828,0.8720743762675238,0.9293894446582144,0.8178523180592971,0.0,0.8494412673343129,0.43942015338285323,0.8621948621537017,0.7996618461871255,0.9347237619745536,0.8528078033866004,1.0,0.5044,0.7224590595526468,0.0,0.5044,0.0,0.8434861191219747,0.9350308333836957,7.546e-05,1.0,0.8879316170743633,0.4405186535973335,0.8450115784347724,0.7821703783754175,0.8235550280723538,0.7901163574701963,0.9410777148200129,0.7382087083001958,0.9837741680008746,0.5044,0.7725366114970114,7.546e-05,1.0,0.9063681641811121,0.45237773203793186,0.7549797159926186,0.7664646337800805,0.8555086610568273,0.7743947945252279,0.8457916645592648,0.7929413121025368,0.8736838300002773,0.304,0.7528310170938599,0.0,0.873351912980169,0.41290534151238734,0.7455475330097949,0.8775517926400003,0.8025477261386791,0.0,1.0,0.748023284813585,0.3921343821941023,0.9058177920820255,0.8301400565012189,0.7932810200318745,0.8855719672581979,0.9329946263557704,0.73297678544744,1.0,0.5005,0.7838151390277156,7.546e-05,0.4082730913065182,0.9434772239052881,7.546e-05,0.8725342218436327,0.0,1.0,0.4249829452164793,0.7167887835953148,0.9163824732247496,0.304,0.7761097072962432,0.0,0.8086014548247751,0.4267796445404802,0.9023151411048953,0.7826171899613803,6.158580619825036e-05,0.0,5.8592709636732004e-05,0.0,5.95649079895394e-05,6.112440565029414e-05,6.186014064304094e-05,6.0293350072454166e-05,5.985010319344995e-05,0.0,0.0,0.0,0.0,6.0431855105850526e-05,0.0,0.0,6.042355740357182e-05,5.868705103366391e-05,6.067862489737092e-05,6.078792795645055e-05,5.953019846820592e-05,0.0,5.862631806091157e-05,0.0,0.0,0.0,6.20259038738746e-05,0.9038520994472943,0.9559957202357724,1.0,0.9055103243817488,0.304,0.304,7.546e-05,0.0,0.5005,0.5005,0.9115133836345558,0.7684972364902806,1.0,1.0,0.5044,0.304,7.546e-05,0.0,0.5005,0.556,0.8184414973469751,0.7846503157488398,1.0,0.9054956568962185,0.304,0.5044,0.0,0.0,0.5005,0.5005,0.7991116086227293,0.8168791262564387,1.0,0.8892690987184315,0.5044,0.5044,0.0,0.0,0.8042812657442566,0.9536590167668542,1.0,0.9106135688464668,0.304,0.304,0.0,7.546e-05,0.8711685073162974,0.9350017932230303,1.0,0.9832270702979691,0.5044,0.5044,7.546e-05,7.546e-05,0.9179077268655929,0.8563113914758567,1.0,0.9780470656659581,0.5044,7.546e-05,0.0,0.556,0.556,0.870185294153601,0.7989570454191394,1.0,1.0,0.304,0.5044,7.546e-05,7.546e-05,0.5005,0.5005,0.79474304994349,0.856564254648302,1.0,0.8929491601417742,0.304,0.5044,0.0,0.0,0.5005,0.556,0.8602011236118552,0.7874725829308411,1.0,1.0,0.304,0.304,7.546e-05,7.546e-05,0.556,0.556,0.8683816526420814,0.8327240970244437,1.0,1.0,0.304,0.304,0.0,0.0,0.5005,0.5005,0.9653205108790285,0.7854757677469074,1.0,0.9776950969118158,7.546e-05,0.556,0.556,0.9343696708323507,0.8951394666216216,1.0,0.9268997507383635,0.5044,0.304,7.546e-05,0.0,0.556,0.556,0.7785101280776525,0.8307957341435003,1.0,1.0,0.5044,0.5044,0.0,7.546e-05,0.9554578822258948,0.8770897004187348,1.0,1.0,0.5044,0.304,0.0,7.546e-05,0.9158795625441084,0.8406929215836803,1.0,0.9851033725991021,0.304,0.304,7.546e-05,7.546e-05,0.812982781153346,0.9041528338575024,1.0,0.9685942887281944,0.5044,0.5044,0.0,0.0,0.8434335315519458,0.9396426304478276,1.0,1.0,0.5044,0.5044,0.0,0.0,0.7816017091604656,0.847578843245911,1.0,0.9196855656038229,0.304,0.5044,7.546e-05,7.546e-05,0.8101958590409967,0.8330067665060276,1.0,0.8759570066202453,0.304,0.5044,7.546e-05,7.546e-05,0.7764670353198495,0.7625594187480005,1.0,1.0,0.5044,0.5044,0.0,7.546e-05,0.556,0.556,0.8159929975469201,0.7776268127499015,1.0,0.915187702182494,0.304,0.5044,0.0,7.546e-05,0.962446093410315,0.9403391783947506,1.0,0.9454186624886063,0.5044,0.304,0.0,7.546e-05,0.5005,0.556,0.778444415168596,0.8245475915087446,1.0,0.9445158632247284,0.5044,0.5044,0.0,7.546e-05,0.8891695456690226,0.949901862873596,1.0,0.8903316283889849,0.304,0.5044,7.546e-05,7.546e-05,0.8189726373196938,0.8984483076563042,1.0,0.9386674090638787,0.304,0.5044,0.0,0.0,0.8696282383321836,0.8516238174841453,1.0,0.9452748971906675,0.304,0.304,7.546e-05,7.546e-05
,163,1.0,0.8039797356737,0.8487233221765733,0.8882679087704254,0.797732926639701,0.8982948226947121,0.7224369413907978,0.0,1.0,0.843950463030399,0.44017761378333725,0.8060684491118368,0.9243973353017543,0.8086993617563059,0.7919686739219012,0.9803448409337412,0.3418,0.74191030533824,0.0,1.0,0.9027057955023547,0.4592250280458635,0.841301847799013,0.8756343709410619,0.9538573128803167,0.8054508598453772,0.799511253575212,0.9099691540721513,1.0,0.5166,0.515,0.8565762006444634,0.0,0.7837274662586873,0.4286059244589575,0.8516405823917028,0.8093215617765802,0.7949437644531693,0.8095936545397149,0.0,0.40035542530621226,0.7892716847944711,0.7568076325861908,1.0,0.4039568085774716,0.3418,0.0,0.7601611554313414,0.3785024101586454,0.8540030916567218,0.9452936558821723,0.73068098342811,0.9365622477786754,0.8202248058770905,0.0,1.0,0.8866987789071589,0.3792594115253217,0.797406926784223,0.7578304492177025,0.7996258143383473,0.8444612143512895,0.8581729500163997,0.8984462695560149,1.0,0.3418,0.7073228813396987,0.0,1.0,0.7946193809140429,0.4039527870904762,0.728602548939477,0.78436417386136,0.9034928862194068,0.8551111775901049,0.8272198835334658,0.7334024709953554,1.0,0.3418,0.8215168660400676,0.0,1.0,0.747900575665944,0.41459132964968787,0.8991917543854284,0.8119196672385104,0.8363855573429525,0.7739139439208066,0.9577290739182237,0.515,0.8010379535198039,0.0,1.0,0.8166393256279776,0.41322780135910864,0.7958519217117371,0.7912216744482838,0.8817597402535117,0.7872866214857765,0.7153698932371018,0.8993541775430125,0.515,0.7323087391195283,0.0,1.0,0.8288415605254215,0.8914292662635492,0.8619725007435493,0.8446944238541746,0.7564228699584877,0.59,0.848713537107019,0.0,1.0,0.9099066127054176,0.7993053612037383,0.7856845016664746,0.9530780075100933,0.9179087926798521,0.8869560703147874,0.515,0.8367283734154811,0.0,1.0,0.7735228686049638,0.37458283112223645,0.8735140660658249,0.8995054016777907,0.8175293408469193,0.8095665564112138,0.7703382932419769,0.515,0.7904368220372435,0.0,0.9148196299899285,0.7245982527768772,0.0,1.0,0.7187893588352319,0.3995007743222828,0.8720743762675238,0.9293894446582144,0.8178523180592971,0.0,0.8494412673343129,0.43942015338285323,0.8621948621537017,0.7996618461871255,0.9347237619745536,0.8528078033866004,1.0,0.515,0.7224590595526468,0.0,0.515,0.0,0.8434861191219747,0.9350308333836957,0.0,1.0,0.8879316170743633,0.4405186535973335,0.8450115784347724,0.7821703783754175,0.8235550280723538,0.7901163574701963,0.9410777148200129,0.7382087083001958,0.9837741680008746,0.515,0.7725366114970114,0.0,1.0,0.9063681641811121,0.45237773203793186,0.7549797159926186,0.7664646337800805,0.8555086610568273,0.7743947945252279,0.8457916645592648,0.7929413121025368,0.8736838300002773,0.3418,0.7528310170938599,0.0,0.873351912980169,0.41290534151238734,0.7455475330097949,0.8775517926400003,0.8025477261386791,0.0,1.0,0.748023284813585,0.3921343821941023,0.9058177920820255,0.8301400565012189,0.7932810200318745,0.8855719672581979,0.9329946263557704,0.73297678544744,1.0,0.5166,0.7838151390277156,0.0,0.4082730913065182,0.9434772239052881,0.0,0.8725342218436327,0.0,1.0,0.4249829452164793,0.7167887835953148,0.9163824732247496,0.3418,0.7761097072962432,0.0,0.8086014548247751,0.4267796445404802,0.9023151411048953,0.7826171899613803,0.0,0.0,0.0,0.0,0.0,0.0,0.0,0.0,0.0,0.0,0.0,0.0,0.0,0.0,0.0,0.0,0.0,0.0,0.0,0.0,0.0,0.0,0.0,0.0,0.0,0.0,0.0,0.9038520994472943,0.9559957202357724,1.0,0.9055103243817488,0.3418,0.3418,0.0,0.0,0.5166,0.5166,0.9115133836345558,0.7684972364902806,1.0,1.0,0.515,0.3418,0.0,0.0,0.5166,0.59,0.8184414973469751,0.7846503157488398,1.0,0.9054956568962185,0.3418,0.515,0.0,0.0,0.5166,0.5166,0.7991116086227293,0.8168791262564387,1.0,0.8892690987184315,0.515,0.515,0.0,0.0,0.8042812657442566,0.9536590167668542,1.0,0.9106135688464668,0.3418,0.3418,0.0,0.0,0.8711685073162974,0.9350017932230303,1.0,0.9832270702979691,0.515,0.515,0.0,0.0,0.9179077268655929,0.8563113914758567,1.0,0.9780470656659581,0.515,0.0,0.0,0.59,0.59,0.870185294153601,0.7989570454191394,1.0,1.0,0.3418,0.515,0.0,0.0,0.5166,0.5166,0.79474304994349,0.856564254648302,1.0,0.8929491601417742,0.3418,0.515,0.0,0.0,0.5166,0.59,0.8602011236118552,0.7874725829308411,1.0,1.0,0.3418,0.3418,0.0,0.0,0.59,0.59,0.8683816526420814,0.8327240970244437,1.0,1.0,0.3418,0.3418,0.0,0.0,0.5166,0.5166,0.9653205108790285,0.7854757677469074,1.0,0.9776950969118158,0.0,0.59,0.59,0.9343696708323507,0.8951394666216216,1.0,0.9268997507383635,0.515,0.3418,0.0,0.0,0.59,0.59,0.7785101280776525,0.8307957341435003,1.0,1.0,0.515,0.515,0.0,0.0,0.9554578822258948,0.8770897004187348,1.0,1.0,0.515,0.3418,0.0,0.0,0.9158795625441084,0.8406929215836803,1.0,0.9851033725991021,0.3418,0.3418,0.0,0.0,0.812982781153346,0.9041528338575024,1.0,0.9685942887281944,0.515,0.515,0.0,0.0,0.8434335315519458,0.9396426304478276,1.0,1.0,0.515,0.515,0.0,0.0,0.7816017091604656,0.847578843245911,1.0,0.9196855656038229,0.3418,0.515,0.0,0.0,0.8101958590409967,0.8330067665060276,1.0,0.8759570066202453,0.3418,0.515,0.0,0.0,0.7764670353198495,0.7625594187480005,1.0,1.0,0.515,0.515,0.0,0.0,0.59,0.59,0.8159929975469201,0.7776268127499015,1.0,0.915187702182494,0.3418,0.515,0.0,0.0,0.962446093410315,0.9403391783947506,1.0,0.9454186624886063,0.515,0.3418,0.0,0.0,0.5166,0.59,0.778444415168596,0.8245475915087446,1.0,0.9445158632247284,0.515,0.515,0.0,0.0,0.8891695456690226,0.949901862873596,1.0,0.8903316283889849,0.3418,0.515,0.0,0.0,0.8189726373196938,0.8984483076563042,1.0,0.9386674090638787,0.3418,0.515,0.0,0.0,0.8696282383321836,0.8516238174841453,1.0,0.9452748971906675,0.3418,0.3418,0.0,0.0
,164,1.0,0.8039797356737,0.8487233221765733,0.8882679087704254,0.797732926639701,0.8982948226947121,0.7224369413907978,0.0,1.0,0.843950463030399,0.44017761378333725,0.8060684491118368,0.9243973353017543,0.8086993617563059,0.7919686739219012,0.9803448409337412,0.3596,0.74191030533824,0.0,1.0,0.9027057955023547,0.4592250280458635,0.841301847799013,0.8756343709410619,0.9538573128803167,0.8054508598453772,0.799511253575212,0.9099691540721513,1.0,0.538,0.488,0.8565762006444634,0.0,0.7837274662586873,0.4286059244589575,0.8516405823917028,0.8093215617765802,0.7949437644531693,0.8095936545397149,0.0,0.40035542530621226,0.7892716847944711,0.7568076325861908,1.0,0.4039568085774716,0.3596,0.0,0.7601611554313414,0.3785024101586454,0.8540030916567218,0.9452936558821723,0.73068098342811,0.9365622477786754,0.8202248058770905,0.0,1.0,0.8866987789071589,0.3792594115253217,0.797406926784223,0.7578304492177025,0.7996258143383473,0.8444612143512895,0.8581729500163997,0.8984462695560149,1.0,0.3596,0.7073228813396987,0.0,1.0,0.7946193809140429,0.4039527870904762,0.728602548939477,0.78436417386136,0.9034928862194068,0.8551111775901049,0.8272198835334658,0.7334024709953554,1.0,0.3596,0.8215168660400676,0.0,1.0,0.747900575665944,0.41459132964968787,0.8991917543854284,0.8119196672385104,0.8363855573429525,0.7739139439208066,0.9577290739182237,0.488,0.8010379535198039,0.0,1.0,0.8166393256279776,0.41322780135910864,0.7958519217117371,0.7912216744482838,0.8817597402535117,0.7872866214857765,0.7153698932371018,0.8993541775430125,0.488,0.7323087391195283,0.0,1.0,0.8288415605254215,0.8914292662635492,0.8619725007435493,0.8446944238541746,0.7564228699584877,0.5913,0.848713537107019,0.0,1.0,0.9099066127054176,0.7993053612037383,0.7856845016664746,0.9530780075100933,0.9179087926798521,0.8869560703147874,0.488,0.8367283734154811,0.0,1.0,0.7735228686049638,0.37458283112223645,0.8735140660658249,0.8995054016777907,0.8175293408469193,0.8095665564112138,0.7703382932419769,0.488,0.7904368220372435,0.0,0.9148196299899285,0.7245982527768772,0.0,1.0,0.7187893588352319,0.3995007743222828,0.8720743762675238,0.9293894446582144,0.8178523180592971,0.0,0.8494412673343129,0.43942015338285323,0.8621948621537017,0.7996618461871255,0.9347237619745536,0.8528078033866004,1.0,0.488,0.7224590595526468,0.0,0.488,0.0,0.8434861191219747,0.9350308333836957,0.0,1.0,0.8879316170743633,0.4405186535973335,0.8450115784347724,0.7821703783754175,0.8235550280723538,0.7901163574701963,0.9410777148200129,0.7382087083001958,0.9837741680008746,0.488,0.7725366114970114,0.0,1.0,0.9063681641811121,0.45237773203793186,0.7549797159926186,0.7664646337800805,0.8555086610568273,0.7743947945252279,0.8457916645592648,0.7929413121025368,0.8736838300002773,0.3596,0.7528310170938599,0.0,0.873351912980169,0.41290534151238734,0.7455475330097949,0.8775517926400003,0.8025477261386791,0.0,1.0,0.748023284813585,0.3921343821941023,0.9058177920820255,0.8301400565012189,0.7932810200318745,0.8855719672581979,0.9329946263557704,0.73297678544744,1.0,0.538,0.7838151390277156,0.0,0.4082730913065182,0.9434772239052881,0.0,0.8725342218436327,0.0,1.0,0.4249829452164793,0.7167887835953148,0.9163824732247496,0.3596,0.7761097072962432,0.0,0.8086014548247751,0.4267796445404802,0.9023151411048953,0.7826171899613803,0.0,0.0,0.0,0.0,0.0,0.0,0.0,0.0,0.0,0.0,0.0,0.0,0.0,0.0,0.0,0.0,0.0,0.0,0.0,0.0,0.0,0.0,0.0,0.0,0.0,0.0,0.0,0.9038520994472943,0.9559957202357724,1.0,0.9055103243817488,0.3596,0.3596,0.0,0.0,0.538,0.538,0.9115133836345558,0.7684972364902806,1.0,1.0,0.488,0.3596,0.0,0.0,0.538,0.5913,0.8184414973469751,0.7846503157488398,1.0,0.9054956568962185,0.3596,0.488,0.0,0.0,0.538,0.538,0.7991116086227293,0.8168791262564387,1.0,0.8892690987184315,0.488,0.488,0.0,0.0,0.8042812657442566,0.9536590167668542,1.0,0.9106135688464668,0.3596,0.3596,0.0,0.0,0.8711685073162974,0.9350017932230303,1.0,0.9832270702979691,0.488,0.488,0.0,0.0,0.9179077268655929,0.8563113914758567,1.0,0.9780470656659581,0.488,0.0,0.0,0.5913,0.5913,0.870185294153601,0.7989570454191394,1.0,1.0,0.3596,0.488,0.0,0.0,0.538,0.538,0.79474304994349,0.856564254648302,1.0,0.8929491601417742,0.3596,0.488,0.0,0.0,0.538,0.5913,0.8602011236118552,0.7874725829308411,1.0,1.0,0.3596,0.3596,0.0,0.0,0.5913,0.5913,0.8683816526420814,0.8327240970244437,1.0,1.0,0.3596,0.3596,0.0,0.0,0.538,0.538,0.9653205108790285,0.7854757677469074,1.0,0.9776950969118158,0.0,0.5913,0.5913,0.9343696708323507,0.8951394666216216,1.0,0.9268997507383635,0.488,0.3596,0.0,0.0,0.5913,0.5913,0.7785101280776525,0.8307957341435003,1.0,1.0,0.488,0.488,0.0,0.0,0.9554578822258948,0.8770897004187348,1.0,1.0,0.488,0.3596,0.0,0.0,0.9158795625441084,0.8406929215836803,1.0,0.9851033725991021,0.3596,0.3596,0.0,0.0,0.812982781153346,0.9041528338575024,1.0,0.9685942887281944,0.488,0.488,0.0,0.0,0.8434335315519458,0.9396426304478276,1.0,1.0,0.488,0.488,0.0,0.0,0.7816017091604656,0.847578843245911,1.0,0.9196855656038229,0.3596,0.488,0.0,0.0,0.8101958590409967,0.8330067665060276,1.0,0.8759570066202453,0.3596,0.488,0.0,0.0,0.7764670353198495,0.7625594187480005,1.0,1.0,0.488,0.488,0.0,0.0,0.5913,0.5913,0.8159929975469201,0.7776268127499015,1.0,0.915187702182494,0.3596,0.488,0.0,0.0,0.962446093410315,0.9403391783947506,1.0,0.9454186624886063,0.488,0.3596,0.0,0.0,0.538,0.5913,0.778444415168596,0.8245475915087446,1.0,0.9445158632247284,0.488,0.488,0.0,0.0,0.8891695456690226,0.949901862873596,1.0,0.8903316283889849,0.3596,0.488,0.0,0.0,0.8189726373196938,0.8984483076563042,1.0,0.9386674090638787,0.3596,0.488,0.0,0.0,0.8696282383321836,0.8516238174841453,1.0,0.9452748971906675,0.3596,0.3596,0.0,0.0
,165,1.0,0.8039797356737,0.8487233221765733,0.8882679087704254,0.797732926639701,0.8982948226947121,0.7224369413907978,0.0,1.0,0.843950463030399,0.44017761378333725,0.8060684491118368,0.9243973353017543,0.8086993617563059,0.7919686739219012,0.9803448409337412,0.3684,0.74191030533824,0.0,1.0,0.9027057955023547,0.4592250280458635,0.841301847799013,0.8756343709410619,0.9538573128803167,0.8054508598453772,0.799511253575212,0.9099691540721513,1.0,0.546,0.448,0.8565762006444634,0.0,0.7837274662586873,0.4286059244589575,0.8516405823917028,0.8093215617765802,0.7949437644531693,0.8095936545397149,0.0,0.40035542530621226,0.7892716847944711,0.7568076325861908,1.0,0.4039568085774716,0.3684,0.0,0.7601611554313414,0.3785024101586454,0.8540030916567218,0.9452936558821723,0.73068098342811,0.9365622477786754,0.8202248058770905,0.0,1.0,0.8866987789071589,0.3792594115253217,0.797406926784223,0.7578304492177025,0.7996258143383473,0.8444612143512895,0.8581729500163997,0.8984462695560149,1.0,0.3684,0.7073228813396987,0.0,1.0,0.7946193809140429,0.4039527870904762,0.728602548939477,0.78436417386136,0.9034928862194068,0.8551111775901049,0.8272198835334658,0.7334024709953554,1.0,0.3684,0.8215168660400676,0.0,1.0,0.747900575665944,0.41459132964968787,0.8991917543854284,0.8119196672385104,0.8363855573429525,0.7739139439208066,0.9577290739182237,0.448,0.8010379535198039,0.0,1.0,0.8166393256279776,0.41322780135910864,0.7958519217117371,0.7912216744482838,0.8817597402535117,0.7872866214857765,0.7153698932371018,0.8993541775430125,0.448,0.7323087391195283,0.0,1.0,0.8288415605254215,0.8914292662635492,0.8619725007435493,0.8446944238541746,0.7564228699584877,0.572,0.848713537107019,0.0,1.0,0.9099066127054176,0.7993053612037383,0.7856845016664746,0.9530780075100933,0.9179087926798521,0.8869560703147874,0.448,0.8367283734154811,0.0,1.0,0.7735228686049638,0.37458283112223645,0.8735140660658249,0.8995054016777907,0.8175293408469193,0.8095665564112138,0.7703382932419769,0.448,0.7904368220372435,0.0,0.9148196299899285,0.7245982527768772,0.0,1.0,0.7187893588352319,0.3995007743222828,0.8720743762675238,0.9293894446582144,0.8178523180592971,0.0,0.8494412673343129,0.43942015338285323,0.8621948621537017,0.7996618461871255,0.9347237619745536,0.8528078033866004,1.0,0.448,0.7224590595526468,0.0,0.448,0.0,0.8434861191219747,0.9350308333836957,0.0,1.0,0.8879316170743633,0.4405186535973335,0.8450115784347724,0.7821703783754175,0.8235550280723538,0.7901163574701963,0.9410777148200129,0.7382087083001958,0.9837741680008746,0.448,0.7725366114970114,0.0,1.0,0.9063681641811121,0.45237773203793186,0.7549797159926186,0.7664646337800805,0.8555086610568273,0.7743947945252279,0.8457916645592648,0.7929413121025368,0.8736838300002773,0.3684,0.7528310170938599,0.0,0.873351912980169,0.41290534151238734,0.7455475330097949,0.8775517926400003,0.8025477261386791,0.0,1.0,0.748023284813585,0.3921343821941023,0.9058177920820255,0.8301400565012189,0.7932810200318745,0.8855719672581979,0.9329946263557704,0.73297678544744,1.0,0.546,0.7838151390277156,0.0,0.4082730913065182,0.9434772239052881,0.0,0.8725342218436327,0.0,1.0,0.4249829452164793,0.7167887835953148,0.9163824732247496,0.3684,0.7761097072962432,0.0,0.8086014548247751,0.4267796445404802,0.9023151411048953,0.7826171899613803,0.0,0.0,0.0,0.0,0.0,0.0,0.0,0.0,0.0,0.0,0.0,0.0,0.0,0.0,0.0,0.0,0.0,0.0,0.0,0.0,0.0,0.0,0.0,0.0,0.0,0.0,0.0,0.9038520994472943,0.9559957202357724,1.0,0.9055103243817488,0.3684,0.3684,0.0,0.0,0.546,0.546,0.9115133836345558,0.7684972364902806,1.0,1.0,0.448,0.3684,0.0,0.0,0.546,0.572,0.8184414973469751,0.7846503157488398,1.0,0.9054956568962185,0.3684,0.448,0.0,0.0,0.546,0.546,0.7991116086227293,0.8168791262564387,1.0,0.8892690987184315,0.448,0.448,0.0,0.0,0.8042812657442566,0.9536590167668542,1.0,0.9106135688464668,0.3684,0.3684,0.0,0.0,0.8711685073162974,0.9350017932230303,1.0,0.9832270702979691,0.448,0.448,0.0,0.0,0.9179077268655929,0.8563113914758567,1.0,0.9780470656659581,0.448,0.0,0.0,0.572,0.572,0.870185294153601,0.7989570454191394,1.0,1.0,0.3684,0.448,0.0,0.0,0.546,0.546,0.79474304994349,0.856564254648302,1.0,0.8929491601417742,0.3684,0.448,0.0,0.0,0.546,0.572,0.8602011236118552,0.7874725829308411,1.0,1.0,0.3684,0.3684,0.0,0.0,0.572,0.572,0.8683816526420814,0.8327240970244437,1.0,1.0,0.3684,0.3684,0.0,0.0,0.546,0.546,0.9653205108790285,0.7854757677469074,1.0,0.9776950969118158,0.0,0.572,0.572,0.9343696708323507,0.8951394666216216,1.0,0.9268997507383635,0.448,0.3684,0.0,0.0,0.572,0.572,0.7785101280776525,0.8307957341435003,1.0,1.0,0.448,0.448,0.0,0.0,0.9554578822258948,0.8770897004187348,1.0,1.0,0.448,0.3684,0.0,0.0,0.9158795625441084,0.8406929215836803,1.0,0.9851033725991021,0.3684,0.3684,0.0,0.0,0.812982781153346,0.9041528338575024,1.0,0.9685942887281944,0.448,0.448,0.0,0.0,0.8434335315519458,0.9396426304478276,1.0,1.0,0.448,0.448,0.0,0.0,0.7816017091604656,0.847578843245911,1.0,0.9196855656038229,0.3684,0.448,0.0,0.0,0.8101958590409967,0.8330067665060276,1.0,0.8759570066202453,0.3684,0.448,0.0,0.0,0.7764670353198495,0.7625594187480005,1.0,1.0,0.448,0.448,0.0,0.0,0.572,0.572,0.8159929975469201,0.7776268127499015,1.0,0.915187702182494,0.3684,0.448,0.0,0.0,0.962446093410315,0.9403391783947506,1.0,0.9454186624886063,0.448,0.3684,0.0,0.0,0.546,0.572,0.778444415168596,0.8245475915087446,1.0,0.9445158632247284,0.448,0.448,0.0,0.0,0.8891695456690226,0.949901862873596,1.0,0.8903316283889849,0.3684,0.448,0.0,0.0,0.8189726373196938,0.8984483076563042,1.0,0.9386674090638787,0.3684,0.448,0.0,0.0,0.8696282383321836,0.8516238174841453,1.0,0.9452748971906675,0.3684,0.3684,0.0,0.0
,166,1.0,0.8039797356737,0.8487233221765733,0.8882679087704254,0.797732926639701,0.8982948226947121,0.7224369413907978,0.0,1.0,0.843950463030399,0.44017761378333725,0.8060684491118368,0.9243973353017543,0.8086993617563059,0.7919686739219012,0.9803448409337412,0.3762,0.74191030533824,0.0,1.0,0.9027057955023547,0.4592250280458635,0.841301847799013,0.8756343709410619,0.9538573128803167,0.8054508598453772,0.799511253575212,0.9099691540721513,1.0,0.554,0.4033,0.8565762006444634,0.0,0.7837274662586873,0.4286059244589575,0.8516405823917028,0.8093215617765802,0.7949437644531693,0.8095936545397149,0.0,0.40035542530621226,0.7892716847944711,0.7568076325861908,1.0,0.4039568085774716,0.3762,0.0,0.7601611554313414,0.3785024101586454,0.8540030916567218,0.9452936558821723,0.73068098342811,0.9365622477786754,0.8202248058770905,0.0,1.0,0.8866987789071589,0.3792594115253217,0.797406926784223,0.7578304492177025,0.7996258143383473,0.8444612143512895,0.8581729500163997,0.8984462695560149,1.0,0.3762,0.7073228813396987,0.0,1.0,0.7946193809140429,0.4039527870904762,0.728602548939477,0.78436417386136,0.9034928862194068,0.8551111775901049,0.8272198835334658,0.7334024709953554,1.0,0.3762,0.8215168660400676,0.0,1.0,0.747900575665944,0.41459132964968787,0.8991917543854284,0.8119196672385104,0.8363855573429525,0.7739139439208066,0.9577290739182237,0.4033,0.8010379535198039,0.0,1.0,0.8166393256279776,0.41322780135910864,0.7958519217117371,0.7912216744482838,0.8817597402535117,0.7872866214857765,0.7153698932371018,0.8993541775430125,0.4033,0.7323087391195283,0.0,1.0,0.8288415605254215,0.8914292662635492,0.8619725007435493,0.8446944238541746,0.7564228699584877,0.5474,0.848713537107019,0.0,1.0,0.9099066127054176,0.7993053612037383,0.7856845016664746,0.9530780075100933,0.9179087926798521,0.8869560703147874,0.4033,0.8367283734154811,0.0,1.0,0.7735228686049638,0.37458283112223645,0.8735140660658249,0.8995054016777907,0.8175293408469193,0.8095665564112138,0.7703382932419769,0.4033,0.7904368220372435,0.0,0.9148196299899285,0.7245982527768772,0.0,1.0,0.7187893588352319,0.3995007743222828,0.8720743762675238,0.9293894446582144,0.8178523180592971,0.0,0.8494412673343129,0.43942015338285323,0.8621948621537017,0.7996618461871255,0.9347237619745536,0.8528078033866004,1.0,0.4033,0.7224590595526468,0.0,0.4033,0.0,0.8434861191219747,0.9350308333836957,0.0,1.0,0.8879316170743633,0.4405186535973335,0.8450115784347724,0.7821703783754175,0.8235550280723538,0.7901163574701963,0.9410777148200129,0.7382087083001958,0.9837741680008746,0.4033,0.7725366114970114,0.0,1.0,0.9063681641811121,0.45237773203793186,0.7549797159926186,0.7664646337800805,0.8555086610568273,0.7743947945252279,0.8457916645592648,0.7929413121025368,0.8736838300002773,0.3762,0.7528310170938599,0.0,0.873351912980169,0.41290534151238734,0.7455475330097949,0.8775517926400003,0.8025477261386791,0.0,1.0,0.748023284813585,0.3921343821941023,0.9058177920820255,0.8301400565012189,0.7932810200318745,0.8855719672581979,0.9329946263557704,0.73297678544744,1.0,0.554,0.7838151390277156,0.0,0.4082730913065182,0.9434772239052881,0.0,0.8725342218436327,0.0,1.0,0.4249829452164793,0.7167887835953148,0.9163824732247496,0.3762,0.7761097072962432,0.0,0.8086014548247751,0.4267796445404802,0.9023151411048953,0.7826171899613803,0.0,0.0,0.0,0.0,0.0,0.0,0.0,0.0,0.0,0.0,0.0,0.0,0.0,0.0,0.0,0.0,0.0,0.0,0.0,0.0,0.0,0.0,0.0,0.0,0.0,0.0,0.0,0.9038520994472943,0.9559957202357724,1.0,0.9055103243817488,0.3762,0.3762,0.0,0.0,0.554,0.554,0.9115133836345558,0.7684972364902806,1.0,1.0,0.4033,0.3762,0.0,0.0,0.554,0.5474,0.8184414973469751,0.7846503157488398,1.0,0.9054956568962185,0.3762,0.4033,0.0,0.0,0.554,0.554,0.7991116086227293,0.8168791262564387,1.0,0.8892690987184315,0.4033,0.4033,0.0,0.0,0.8042812657442566,0.9536590167668542,1.0,0.9106135688464668,0.3762,0.3762,0.0,0.0,0.8711685073162974,0.9350017932230303,1.0,0.9832270702979691,0.4033,0.4033,0.0,0.0,0.9179077268655929,0.8563113914758567,1.0,0.9780470656659581,0.4033,0.0,0.0,0.5474,0.5474,0.870185294153601,0.7989570454191394,1.0,1.0,0.3762,0.4033,0.0,0.0,0.554,0.554,0.79474304994349,0.856564254648302,1.0,0.8929491601417742,0.3762,0.4033,0.0,0.0,0.554,0.5474,0.8602011236118552,0.7874725829308411,1.0,1.0,0.3762,0.3762,0.0,0.0,0.5474,0.5474,0.8683816526420814,0.8327240970244437,1.0,1.0,0.3762,0.3762,0.0,0.0,0.554,0.554,0.9653205108790285,0.7854757677469074,1.0,0.9776950969118158,0.0,0.5474,0.5474,0.9343696708323507,0.8951394666216216,1.0,0.9268997507383635,0.4033,0.3762,0.0,0.0,0.5474,0.5474,0.7785101280776525,0.8307957341435003,1.0,1.0,0.4033,0.4033,0.0,0.0,0.9554578822258948,0.8770897004187348,1.0,1.0,0.4033,0.3762,0.0,0.0,0.9158795625441084,0.8406929215836803,1.0,0.9851033725991021,0.3762,0.3762,0.0,0.0,0.812982781153346,0.9041528338575024,1.0,0.9685942887281944,0.4033,0.4033,0.0,0.0,0.8434335315519458,0.9396426304478276,1.0,1.0,0.4033,0.4033,0.0,0.0,0.7816017091604656,0.847578843245911,1.0,0.9196855656038229,0.3762,0.4033,0.0,0.0,0.8101958590409967,0.8330067665060276,1.0,0.8759570066202453,0.3762,0.4033,0.0,0.0,0.7764670353198495,0.7625594187480005,1.0,1.0,0.4033,0.4033,0.0,0.0,0.5474,0.5474,0.8159929975469201,0.7776268127499015,1.0,0.915187702182494,0.3762,0.4033,0.0,0.0,0.962446093410315,0.9403391783947506,1.0,0.9454186624886063,0.4033,0.3762,0.0,0.0,0.554,0.5474,0.778444415168596,0.8245475915087446,1.0,0.9445158632247284,0.4033,0.4033,0.0,0.0,0.8891695456690226,0.949901862873596,1.0,0.8903316283889849,0.3762,0.4033,0.0,0.0,0.8189726373196938,0.8984483076563042,1.0,0.9386674090638787,0.3762,0.4033,0.0,0.0,0.8696282383321836,0.8516238174841453,1.0,0.9452748971906675,0.3762,0.3762,0.0,0.0
,167,1.0,0.8039797356737,0.8487233221765733,0.8882679087704254,0.797732926639701,0.8982948226947121,0.7224369413907978,0.0,1.0,0.843950463030399,0.44017761378333725,0.8060684491118368,0.9243973353017543,0.8086993617563059,0.7919686739219012,0.9803448409337412,0.39,0.74191030533824,0.0,1.0,0.9027057955023547,0.4592250280458635,0.841301847799013,0.8756343709410619,0.9538573128803167,0.8054508598453772,0.799511253575212,0.9099691540721513,1.0,0.575,0.3633,0.8565762006444634,0.0,0.7837274662586873,0.4286059244589575,0.8516405823917028,0.8093215617765802,0.7949437644531693,0.8095936545397149,0.0,0.40035542530621226,0.7892716847944711,0.7568076325861908,1.0,0.4039568085774716,0.39,0.0,0.7601611554313414,0.3785024101586454,0.8540030916567218,0.9452936558821723,0.73068098342811,0.9365622477786754,0.8202248058770905,0.0,1.0,0.8866987789071589,0.3792594115253217,0.797406926784223,0.7578304492177025,0.7996258143383473,0.8444612143512895,0.8581729500163997,0.8984462695560149,1.0,0.39,0.7073228813396987,0.0,1.0,0.7946193809140429,0.4039527870904762,0.728602548939477,0.78436417386136,0.9034928862194068,0.8551111775901049,0.8272198835334658,0.7334024709953554,1.0,0.39,0.8215168660400676,0.0,1.0,0.747900575665944,0.41459132964968787,0.8991917543854284,0.8119196672385104,0.8363855573429525,0.7739139439208066,0.9577290739182237,0.3633,0.8010379535198039,0.0,1.0,0.8166393256279776,0.41322780135910864,0.7958519217117371,0.7912216744482838,0.8817597402535117,0.7872866214857765,0.7153698932371018,0.8993541775430125,0.3633,0.7323087391195283,0.0,1.0,0.8288415605254215,0.8914292662635492,0.8619725007435493,0.8446944238541746,0.7564228699584877,0.4858,0.848713537107019,0.0,1.0,0.9099066127054176,0.7993053612037383,0.7856845016664746,0.9530780075100933,0.9179087926798521,0.8869560703147874,0.3633,0.8367283734154811,0.0,1.0,0.7735228686049638,0.37458283112223645,0.8735140660658249,0.8995054016777907,0.8175293408469193,0.8095665564112138,0.7703382932419769,0.3633,0.7904368220372435,0.0,0.9148196299899285,0.7245982527768772,0.0,1.0,0.7187893588352319,0.3995007743222828,0.8720743762675238,0.9293894446582144,0.8178523180592971,0.0,0.8494412673343129,0.43942015338285323,0.8621948621537017,0.7996618461871255,0.9347237619745536,0.8528078033866004,1.0,0.3633,0.7224590595526468,0.0,0.3633,0.0,0.8434861191219747,0.9350308333836957,0.0,1.0,0.8879316170743633,0.4405186535973335,0.8450115784347724,0.7821703783754175,0.8235550280723538,0.7901163574701963,0.9410777148200129,0.7382087083001958,0.9837741680008746,0.3633,0.7725366114970114,0.0,1.0,0.9063681641811121,0.45237773203793186,0.7549797159926186,0.7664646337800805,0.8555086610568273,0.7743947945252279,0.8457916645592648,0.7929413121025368,0.8736838300002773,0.39,0.7528310170938599,0.0,0.873351912980169,0.41290534151238734,0.7455475330097949,0.8775517926400003,0.8025477261386791,0.0,1.0,0.748023284813585,0.3921343821941023,0.9058177920820255,0.8301400565012189,0.7932810200318745,0.8855719672581979,0.9329946263557704,0.73297678544744,1.0,0.575,0.7838151390277156,0.0,0.4082730913065182,0.9434772239052881,0.0,0.8725342218436327,0.0,1.0,0.4249829452164793,0.7167887835953148,0.9163824732247496,0.39,0.7761097072962432,0.0,0.8086014548247751,0.4267796445404802,0.9023151411048953,0.7826171899613803,0.0,0.0,0.0,0.0,0.0,0.0,0.0,0.0,0.0,0.0,0.0,0.0,0.0,0.0,0.0,0.0,0.0,0.0,0.0,0.0,0.0,0.0,0.0,0.0,0.0,0.0,0.0,0.9038520994472943,0.9559957202357724,1.0,0.9055103243817488,0.39,0.39,0.0,0.0,0.575,0.575,0.9115133836345558,0.7684972364902806,1.0,1.0,0.3633,0.39,0.0,0.0,0.575,0.4858,0.8184414973469751,0.7846503157488398,1.0,0.9054956568962185,0.39,0.3633,0.0,0.0,0.575,0.575,0.7991116086227293,0.8168791262564387,1.0,0.8892690987184315,0.3633,0.3633,0.0,0.0,0.8042812657442566,0.9536590167668542,1.0,0.9106135688464668,0.39,0.39,0.0,0.0,0.8711685073162974,0.9350017932230303,1.0,0.9832270702979691,0.3633,0.3633,0.0,0.0,0.9179077268655929,0.8563113914758567,1.0,0.9780470656659581,0.3633,0.0,0.0,0.4858,0.4858,0.870185294153601,0.7989570454191394,1.0,1.0,0.39,0.3633,0.0,0.0,0.575,0.575,0.79474304994349,0.856564254648302,1.0,0.8929491601417742,0.39,0.3633,0.0,0.0,0.575,0.4858,0.8602011236118552,0.7874725829308411,1.0,1.0,0.39,0.39,0.0,0.0,0.4858,0.4858,0.8683816526420814,0.8327240970244437,1.0,1.0,0.39,0.39,0.0,0.0,0.575,0.575,0.9653205108790285,0.7854757677469074,1.0,0.9776950969118158,0.0,0.4858,0.4858,0.9343696708323507,0.8951394666216216,1.0,0.9268997507383635,0.3633,0.39,0.0,0.0,0.4858,0.4858,0.7785101280776525,0.8307957341435003,1.0,1.0,0.3633,0.3633,0.0,0.0,0.9554578822258948,0.8770897004187348,1.0,1.0,0.3633,0.39,0.0,0.0,0.9158795625441084,0.8406929215836803,1.0,0.9851033725991021,0.39,0.39,0.0,0.0,0.812982781153346,0.9041528338575024,1.0,0.9685942887281944,0.3633,0.3633,0.0,0.0,0.8434335315519458,0.9396426304478276,1.0,1.0,0.3633,0.3633,0.0,0.0,0.7816017091604656,0.847578843245911,1.0,0.9196855656038229,0.39,0.3633,0.0,0.0,0.8101958590409967,0.8330067665060276,1.0,0.8759570066202453,0.39,0.3633,0.0,0.0,0.7764670353198495,0.7625594187480005,1.0,1.0,0.3633,0.3633,0.0,0.0,0.4858,0.4858,0.8159929975469201,0.7776268127499015,1.0,0.915187702182494,0.39,0.3633,0.0,0.0,0.962446093410315,0.9403391783947506,1.0,0.9454186624886063,0.3633,0.39,0.0,0.0,0.575,0.4858,0.778444415168596,0.8245475915087446,1.0,0.9445158632247284,0.3633,0.3633,0.0,0.0,0.8891695456690226,0.949901862873596,1.0,0.8903316283889849,0.39,0.3633,0.0,0.0,0.8189726373196938,0.8984483076563042,1.0,0.9386674090638787,0.39,0.3633,0.0,0.0,0.8696282383321836,0.8516238174841453,1.0,0.9452748971906675,0.39,0.39,0.0,0.0
