Unnamed: 0,Time_Index,DE1_batteries_1,DE1_biomass_1,DE1_natural_gas_fired_combined_cycle_1,DE1_natural_gas_fired_combined_cycle_2,DE1_natural_gas_fired_combustion_turbine_1,DE1_natural_gas_steam_turbine_1,DE1_petroleum_liquids_1,DE1_solar_photovoltaic_1,IL1_batteries_1,IL1_biomass_1,IL1_conventional_hydroelectric_1,IL1_natural_gas_fired_combined_cycle_1,IL1_natural_gas_fired_combined_cycle_2,IL1_natural_gas_fired_combustion_turbine_1,IL1_natural_gas_steam_turbine_1,IL1_nuclear_1,IL1_onshore_wind_turbine_1,IL1_petroleum_liquids_1,IL1_solar_photovoltaic_1,ISONE_batteries_1,ISONE_biomass_1,ISONE_conventional_hydroelectric_1,ISONE_conventional_steam_coal_1,ISONE_hydroelectric_pumped_storage_1,ISONE_natural_gas_fired_combined_cycle_1,ISONE_natural_gas_fired_combined_cycle_2,ISONE_natural_gas_fired_combustion_turbine_1,ISONE_natural_gas_steam_turbine_1,ISONE_nuclear_1,ISONE_offshore_wind_turbine_1,ISONE_onshore_wind_turbine_1,ISONE_petroleum_liquids_1,ISONE_solar_photovoltaic_1,KY3_biomass_1,KY3_conventional_hydroelectric_1,KY3_conventional_steam_coal_1,KY3_natural_gas_fired_combined_cycle_1,KY3_natural_gas_fired_combustion_turbine_1,KY3_petroleum_liquids_1,KY3_solar_photovoltaic_1,KY4_conventional_hydroelectric_1,KY4_natural_gas_fired_combustion_turbine_1,KY4_natural_gas_steam_turbine_1,MD1_batteries_1,MD1_conventional_hydroelectric_1,MD1_onshore_wind_turbine_1,MD1_solar_photovoltaic_1,MD2_biomass_1,MD2_conventional_hydroelectric_1,MD2_natural_gas_fired_combined_cycle_2,MD2_natural_gas_fired_combustion_turbine_1,MD2_natural_gas_steam_turbine_1,MD2_nuclear_1,MD2_petroleum_liquids_1,MD2_solar_photovoltaic_1,MI_batteries_1,MI_biomass_1,MI_conventional_hydroelectric_1,MI_conventional_steam_coal_1,MI_hydroelectric_pumped_storage_1,MI_natural_gas_fired_combined_cycle_1,MI_natural_gas_fired_combined_cycle_2,MI_natural_gas_fired_combustion_turbine_1,MI_natural_gas_steam_turbine_1,MI_nuclear_1,MI_onshore_wind_turbine_1,MI_petroleum_liquids_1,MI_solar_photovoltaic_1,MISC_batteries_1,MISC_biomass_1,MISC_conventional_hydroelectric_1,MISC_conventional_steam_coal_1,MISC_hydroelectric_pumped_storage_1,MISC_natural_gas_fired_combined_cycle_1,MISC_natural_gas_fired_combined_cycle_2,MISC_natural_gas_fired_combustion_turbine_1,MISC_natural_gas_steam_turbine_1,MISC_nuclear_1,MISC_onshore_wind_turbine_1,MISC_petroleum_liquids_1,MISC_solar_photovoltaic_1,NJ1_batteries_1,NJ1_biomass_1,NJ1_conventional_hydroelectric_1,NJ1_hydroelectric_pumped_storage_1,NJ1_natural_gas_fired_combined_cycle_1,NJ1_natural_gas_fired_combined_cycle_2,NJ1_natural_gas_fired_combustion_turbine_1,NJ1_nuclear_1,NJ1_onshore_wind_turbine_1,NJ1_petroleum_liquids_1,NJ1_solar_photovoltaic_1,NY1_batteries_1,NY1_biomass_1,NY1_conventional_hydroelectric_1,NY1_hydroelectric_pumped_storage_1,NY1_natural_gas_fired_combined_cycle_1,NY1_natural_gas_fired_combined_cycle_2,NY1_natural_gas_fired_combustion_turbine_1,NY1_natural_gas_steam_turbine_1,NY1_nuclear_1,NY1_onshore_wind_turbine_1,NY1_petroleum_liquids_1,NY1_solar_photovoltaic_1,NY2_batteries_1,NY2_biomass_1,NY2_natural_gas_fired_combined_cycle_1,NY2_natural_gas_fired_combined_cycle_2,NY2_natural_gas_fired_combustion_turbine_1,NY2_natural_gas_steam_turbine_1,NY2_offshore_wind_turbine_1,NY2_petroleum_liquids_1,NY2_solar_photovoltaic_1,OH1_batteries_1,OH1_biomass_1,OH1_conventional_steam_coal_1,OH1_natural_gas_fired_combined_cycle_1,OH1_natural_gas_fired_combined_cycle_2,OH1_natural_gas_fired_combustion_turbine_1,OH1_nuclear_1,OH1_onshore_wind_turbine_1,OH1_petroleum_liquids_1,OH1_solar_photovoltaic_1,OH2_batteries_1,OH2_biomass_1,OH2_conventional_hydroelectric_1,OH2_conventional_steam_coal_1,OH2_natural_gas_fired_combined_cycle_1,OH2_natural_gas_fired_combined_cycle_2,OH2_natural_gas_fired_combustion_turbine_1,OH2_natural_gas_steam_turbine_1,OH2_onshore_wind_turbine_1,OH2_petroleum_liquids_1,OH2_solar_photovoltaic_1,OH3_natural_gas_fired_combustion_turbine_1,OH3_petroleum_liquids_1,OH3_solar_photovoltaic_1,OH4_batteries_1,OH4_biomass_1,OH4_conventional_hydroelectric_1,OH4_natural_gas_fired_combined_cycle_2,OH4_natural_gas_fired_combustion_turbine_1,OH4_petroleum_liquids_1,OH4_solar_photovoltaic_1,PA1_biomass_1,PA1_conventional_hydroelectric_1,PA1_conventional_steam_coal_1,PA1_natural_gas_fired_combined_cycle_1,PA1_natural_gas_fired_combined_cycle_2,PA1_natural_gas_fired_combustion_turbine_1,PA1_nuclear_1,PA1_onshore_wind_turbine_1,PA1_petroleum_liquids_1,PA1_solar_photovoltaic_1,PA2_onshore_wind_turbine_1,PA2_solar_photovoltaic_1,PA3_biomass_1,PA3_natural_gas_fired_combustion_turbine_1,PA3_solar_photovoltaic_1,PA4_batteries_1,PA4_biomass_1,PA4_conventional_hydroelectric_1,PA4_conventional_steam_coal_1,PA4_hydroelectric_pumped_storage_1,PA4_natural_gas_fired_combined_cycle_1,PA4_natural_gas_fired_combined_cycle_2,PA4_natural_gas_fired_combustion_turbine_1,PA4_natural_gas_steam_turbine_1,PA4_nuclear_1,PA4_onshore_wind_turbine_1,PA4_petroleum_liquids_1,PA4_solar_photovoltaic_1,SERC_batteries_1,SERC_biomass_1,SERC_conventional_hydroelectric_1,SERC_conventional_steam_coal_1,SERC_hydroelectric_pumped_storage_1,SERC_natural_gas_fired_combined_cycle_1,SERC_natural_gas_fired_combined_cycle_2,SERC_natural_gas_fired_combustion_turbine_1,SERC_natural_gas_steam_turbine_1,SERC_nuclear_1,SERC_onshore_wind_turbine_1,SERC_petroleum_liquids_1,SERC_solar_photovoltaic_1,VA1_biomass_1,VA1_conventional_hydroelectric_1,VA1_conventional_steam_coal_1,VA1_natural_gas_fired_combustion_turbine_1,VA1_petroleum_liquids_1,VA1_solar_photovoltaic_1,VA2_batteries_1,VA2_biomass_1,VA2_conventional_hydroelectric_1,VA2_conventional_steam_coal_1,VA2_hydroelectric_pumped_storage_1,VA2_natural_gas_fired_combined_cycle_1,VA2_natural_gas_fired_combined_cycle_2,VA2_natural_gas_fired_combustion_turbine_1,VA2_natural_gas_steam_turbine_1,VA2_nuclear_1,VA2_offshore_wind_turbine_1,VA2_petroleum_liquids_1,VA2_solar_photovoltaic_1,VA3_conventional_hydroelectric_1,VA3_natural_gas_fired_combined_cycle_1,VA3_solar_photovoltaic_1,VA4_petroleum_liquids_1,VA4_solar_photovoltaic_1,WV1_batteries_1,WV1_conventional_hydroelectric_1,WV1_conventional_steam_coal_1,WV1_natural_gas_fired_combustion_turbine_1,WV1_onshore_wind_turbine_1,WV1_petroleum_liquids_1,WV1_solar_photovoltaic_1,WV2_biomass_1,WV2_conventional_hydroelectric_1,WV2_conventional_steam_coal_1,WV2_natural_gas_fired_combustion_turbine_1,DE1_distributed_generation_1,IL1_distributed_generation_1,ISONE_distributed_generation_1,KY3_distributed_generation_1,KY4_distributed_generation_1,MD1_distributed_generation_1,MD2_distributed_generation_1,MI_distributed_generation_1,MISC_distributed_generation_1,NJ1_distributed_generation_1,NY1_distributed_generation_1,NY2_distributed_generation_1,OH1_distributed_generation_1,OH2_distributed_generation_1,OH3_distributed_generation_1,OH4_distributed_generation_1,PA1_distributed_generation_1,PA2_distributed_generation_1,PA3_distributed_generation_1,PA4_distributed_generation_1,SERC_distributed_generation_1,VA1_distributed_generation_1,VA2_distributed_generation_1,VA3_distributed_generation_1,VA4_distributed_generation_1,WV1_distributed_generation_1,WV2_distributed_generation_1,DE1_naturalgas_1on1_combined_cycle_hframe_moderate_0,DE1_naturalgas_combustion_turbine_fframe_moderate_0,DE1_utilityscale_battery_storage_lithium_ion_advanced_0,DE1_nuclear_nuclear__large_conservative_0,DE1_landbasedwind_class3_moderate_0,DE1_landbasedwind_class3_moderate_1,DE1_utilitypv_class1_moderate_0,DE1_utilitypv_class1_moderate_1,DE1_offshorewind_class3_conservative_fixed_1_1,DE1_offshorewind_class3_conservative_fixed_0_1,IL1_naturalgas_1on1_combined_cycle_hframe_moderate_0,IL1_naturalgas_combustion_turbine_fframe_moderate_0,IL1_utilityscale_battery_storage_lithium_ion_advanced_0,IL1_nuclear_nuclear__large_conservative_0,IL1_landbasedwind_class3_moderate_0,IL1_landbasedwind_class3_moderate_1,IL1_utilitypv_class1_moderate_0,IL1_utilitypv_class1_moderate_1,IL1_offshorewind_class3_conservative_fixed_1_1,IL1_offshorewind_class3_conservative_fixed_0_1,ISONE_naturalgas_1on1_combined_cycle_hframe_moderate_0,ISONE_naturalgas_combustion_turbine_fframe_moderate_0,ISONE_utilityscale_battery_storage_lithium_ion_advanced_0,ISONE_nuclear_nuclear__large_conservative_0,ISONE_landbasedwind_class3_moderate_0,ISONE_landbasedwind_class3_moderate_1,ISONE_utilitypv_class1_moderate_0,ISONE_utilitypv_class1_moderate_1,ISONE_offshorewind_class3_conservative_fixed_1_1,ISONE_offshorewind_class3_conservative_fixed_0_1,KY3_naturalgas_1on1_combined_cycle_hframe_moderate_0,KY3_naturalgas_combustion_turbine_fframe_moderate_0,KY3_utilityscale_battery_storage_lithium_ion_advanced_0,KY3_nuclear_nuclear__large_conservative_0,KY3_landbasedwind_class3_moderate_0,KY3_landbasedwind_class3_moderate_1,KY3_utilitypv_class1_moderate_0,KY3_utilitypv_class1_moderate_1,KY4_naturalgas_1on1_combined_cycle_hframe_moderate_0,KY4_naturalgas_combustion_turbine_fframe_moderate_0,KY4_utilityscale_battery_storage_lithium_ion_advanced_0,KY4_nuclear_nuclear__large_conservative_0,KY4_landbasedwind_class3_moderate_0,KY4_landbasedwind_class3_moderate_1,KY4_utilitypv_class1_moderate_0,KY4_utilitypv_class1_moderate_1,MD1_naturalgas_1on1_combined_cycle_hframe_moderate_0,MD1_naturalgas_combustion_turbine_fframe_moderate_0,MD1_utilityscale_battery_storage_lithium_ion_advanced_0,MD1_nuclear_nuclear__large_conservative_0,MD1_landbasedwind_class3_moderate_0,MD1_landbasedwind_class3_moderate_1,MD1_utilitypv_class1_moderate_0,MD1_utilitypv_class1_moderate_1,MD2_naturalgas_1on1_combined_cycle_hframe_moderate_0,MD2_naturalgas_combustion_turbine_fframe_moderate_0,MD2_utilityscale_battery_storage_lithium_ion_advanced_0,MD2_nuclear_nuclear__large_conservative_0,MD2_landbasedwind_class3_moderate_0,MD2_utilitypv_class1_moderate_0,MD2_utilitypv_class1_moderate_1,MD2_offshorewind_class3_conservative_fixed_1_1,MD2_offshorewind_class3_conservative_fixed_0_1,MI_naturalgas_1on1_combined_cycle_hframe_moderate_0,MI_naturalgas_combustion_turbine_fframe_moderate_0,MI_utilityscale_battery_storage_lithium_ion_advanced_0,MI_nuclear_nuclear__large_conservative_0,MI_landbasedwind_class3_moderate_0,MI_landbasedwind_class3_moderate_1,MI_utilitypv_class1_moderate_0,MI_utilitypv_class1_moderate_1,MI_offshorewind_class3_conservative_fixed_1_1,MI_offshorewind_class3_conservative_fixed_0_1,MISC_naturalgas_1on1_combined_cycle_hframe_moderate_0,MISC_naturalgas_combustion_turbine_fframe_moderate_0,MISC_utilityscale_battery_storage_lithium_ion_advanced_0,MISC_nuclear_nuclear__large_conservative_0,MISC_landbasedwind_class3_moderate_0,MISC_landbasedwind_class3_moderate_1,MISC_utilitypv_class1_moderate_0,MISC_utilitypv_class1_moderate_1,MISC_offshorewind_class3_conservative_fixed_1_1,MISC_offshorewind_class3_conservative_fixed_0_1,NJ1_naturalgas_1on1_combined_cycle_hframe_moderate_0,NJ1_naturalgas_combustion_turbine_fframe_moderate_0,NJ1_utilityscale_battery_storage_lithium_ion_advanced_0,NJ1_nuclear_nuclear__large_conservative_0,NJ1_landbasedwind_class3_moderate_0,NJ1_landbasedwind_class3_moderate_1,NJ1_utilitypv_class1_moderate_0,NJ1_utilitypv_class1_moderate_1,NJ1_offshorewind_class3_conservative_fixed_1_1,NJ1_offshorewind_class3_conservative_fixed_0_1,NY1_naturalgas_1on1_combined_cycle_hframe_moderate_0,NY1_naturalgas_combustion_turbine_fframe_moderate_0,NY1_utilityscale_battery_storage_lithium_ion_advanced_0,NY1_nuclear_nuclear__large_conservative_0,NY1_landbasedwind_class3_moderate_0,NY1_landbasedwind_class3_moderate_1,NY1_utilitypv_class1_moderate_0,NY1_utilitypv_class1_moderate_1,NY1_offshorewind_class3_conservative_fixed_1_1,NY1_offshorewind_class3_conservative_fixed_0_1,NY2_naturalgas_1on1_combined_cycle_hframe_moderate_0,NY2_naturalgas_combustion_turbine_fframe_moderate_0,NY2_utilityscale_battery_storage_lithium_ion_advanced_0,NY2_nuclear_nuclear__large_conservative_0,NY2_utilitypv_class1_moderate_0,NY2_offshorewind_class3_conservative_fixed_1_1,NY2_offshorewind_class3_conservative_fixed_0_1,OH1_naturalgas_1on1_combined_cycle_hframe_moderate_0,OH1_naturalgas_combustion_turbine_fframe_moderate_0,OH1_utilityscale_battery_storage_lithium_ion_advanced_0,OH1_nuclear_nuclear__large_conservative_0,OH1_landbasedwind_class3_moderate_0,OH1_landbasedwind_class3_moderate_1,OH1_utilitypv_class1_moderate_0,OH1_utilitypv_class1_moderate_1,OH1_offshorewind_class3_conservative_fixed_1_1,OH1_offshorewind_class3_conservative_fixed_0_1,OH2_naturalgas_1on1_combined_cycle_hframe_moderate_0,OH2_naturalgas_combustion_turbine_fframe_moderate_0,OH2_utilityscale_battery_storage_lithium_ion_advanced_0,OH2_nuclear_nuclear__large_conservative_0,OH2_landbasedwind_class3_moderate_0,OH2_landbasedwind_class3_moderate_1,OH2_utilitypv_class1_moderate_0,OH2_utilitypv_class1_moderate_1,OH3_naturalgas_1on1_combined_cycle_hframe_moderate_0,OH3_naturalgas_combustion_turbine_fframe_moderate_0,OH3_utilityscale_battery_storage_lithium_ion_advanced_0,OH3_nuclear_nuclear__large_conservative_0,OH3_landbasedwind_class3_moderate_0,OH3_landbasedwind_class3_moderate_1,OH3_utilitypv_class1_moderate_0,OH3_utilitypv_class1_moderate_1,OH4_naturalgas_1on1_combined_cycle_hframe_moderate_0,OH4_naturalgas_combustion_turbine_fframe_moderate_0,OH4_utilityscale_battery_storage_lithium_ion_advanced_0,OH4_nuclear_nuclear__large_conservative_0,OH4_landbasedwind_class3_moderate_0,OH4_landbasedwind_class3_moderate_1,OH4_utilitypv_class1_moderate_0,OH4_utilitypv_class1_moderate_1,PA1_naturalgas_1on1_combined_cycle_hframe_moderate_0,PA1_naturalgas_combustion_turbine_fframe_moderate_0,PA1_utilityscale_battery_storage_lithium_ion_advanced_0,PA1_nuclear_nuclear__large_conservative_0,PA1_landbasedwind_class3_moderate_0,PA1_landbasedwind_class3_moderate_1,PA1_utilitypv_class1_moderate_0,PA1_utilitypv_class1_moderate_1,PA2_naturalgas_1on1_combined_cycle_hframe_moderate_0,PA2_naturalgas_combustion_turbine_fframe_moderate_0,PA2_utilityscale_battery_storage_lithium_ion_advanced_0,PA2_nuclear_nuclear__large_conservative_0,PA2_landbasedwind_class3_moderate_0,PA2_landbasedwind_class3_moderate_1,PA2_utilitypv_class1_moderate_0,PA2_utilitypv_class1_moderate_1,PA3_naturalgas_1on1_combined_cycle_hframe_moderate_0,PA3_naturalgas_combustion_turbine_fframe_moderate_0,PA3_utilityscale_battery_storage_lithium_ion_advanced_0,PA3_nuclear_nuclear__large_conservative_0,PA3_landbasedwind_class3_moderate_0,PA3_landbasedwind_class3_moderate_1,PA3_utilitypv_class1_moderate_0,PA3_utilitypv_class1_moderate_1,PA4_naturalgas_1on1_combined_cycle_hframe_moderate_0,PA4_naturalgas_combustion_turbine_fframe_moderate_0,PA4_utilityscale_battery_storage_lithium_ion_advanced_0,PA4_nuclear_nuclear__large_conservative_0,PA4_landbasedwind_class3_moderate_0,PA4_landbasedwind_class3_moderate_1,PA4_utilitypv_class1_moderate_0,PA4_utilitypv_class1_moderate_1,SERC_naturalgas_1on1_combined_cycle_hframe_moderate_0,SERC_naturalgas_combustion_turbine_fframe_moderate_0,SERC_utilityscale_battery_storage_lithium_ion_advanced_0,SERC_nuclear_nuclear__large_conservative_0,SERC_landbasedwind_class3_moderate_0,SERC_landbasedwind_class3_moderate_1,SERC_utilitypv_class1_moderate_0,SERC_utilitypv_class1_moderate_1,SERC_offshorewind_class3_conservative_fixed_1_1,SERC_offshorewind_class3_conservative_fixed_0_1,VA1_naturalgas_1on1_combined_cycle_hframe_moderate_0,VA1_naturalgas_combustion_turbine_fframe_moderate_0,VA1_utilityscale_battery_storage_lithium_ion_advanced_0,VA1_nuclear_nuclear__large_conservative_0,VA1_landbasedwind_class3_moderate_0,VA1_landbasedwind_class3_moderate_1,VA1_utilitypv_class1_moderate_0,VA1_utilitypv_class1_moderate_1,VA2_naturalgas_1on1_combined_cycle_hframe_moderate_0,VA2_naturalgas_combustion_turbine_fframe_moderate_0,VA2_utilityscale_battery_storage_lithium_ion_advanced_0,VA2_nuclear_nuclear__large_conservative_0,VA2_landbasedwind_class3_moderate_0,VA2_landbasedwind_class3_moderate_1,VA2_utilitypv_class1_moderate_0,VA2_utilitypv_class1_moderate_1,VA2_offshorewind_class3_conservative_fixed_1_1,VA2_offshorewind_class3_conservative_fixed_0_1,VA3_naturalgas_1on1_combined_cycle_hframe_moderate_0,VA3_naturalgas_combustion_turbine_fframe_moderate_0,VA3_utilityscale_battery_storage_lithium_ion_advanced_0,VA3_nuclear_nuclear__large_conservative_0,VA3_landbasedwind_class3_moderate_0,VA3_landbasedwind_class3_moderate_1,VA3_utilitypv_class1_moderate_0,VA3_utilitypv_class1_moderate_1,VA4_naturalgas_1on1_combined_cycle_hframe_moderate_0,VA4_naturalgas_combustion_turbine_fframe_moderate_0,VA4_utilityscale_battery_storage_lithium_ion_advanced_0,VA4_nuclear_nuclear__large_conservative_0,VA4_landbasedwind_class3_moderate_0,VA4_landbasedwind_class3_moderate_1,VA4_utilitypv_class1_moderate_0,VA4_utilitypv_class1_moderate_1,WV1_naturalgas_1on1_combined_cycle_hframe_moderate_0,WV1_naturalgas_combustion_turbine_fframe_moderate_0,WV1_utilityscale_battery_storage_lithium_ion_advanced_0,WV1_nuclear_nuclear__large_conservative_0,WV1_landbasedwind_class3_moderate_0,WV1_landbasedwind_class3_moderate_1,WV1_utilitypv_class1_moderate_0,WV1_utilitypv_class1_moderate_1,WV2_naturalgas_1on1_combined_cycle_hframe_moderate_0,WV2_naturalgas_combustion_turbine_fframe_moderate_0,WV2_utilityscale_battery_storage_lithium_ion_advanced_0,WV2_nuclear_nuclear__large_conservative_0,WV2_landbasedwind_class3_moderate_0,WV2_landbasedwind_class3_moderate_1,WV2_utilitypv_class1_moderate_0,WV2_utilitypv_class1_moderate_1
,0,1.0,0.7658873720613719,0.9549433243227444,0.7711647304042734,0.7682405781580848,0.7938561076999593,0.8094247482683425,0.0,1.0,0.7411242050111455,0.2634958051327636,0.9146282419138281,0.9410166266296365,0.9239571730505673,0.8401043440968172,1.0,0.4446,0.6893974077014166,0.0,1.0,0.7784107810308938,0.3160621273281603,0.8864144826307074,0.905695914587403,0.8115301213815149,0.9166987629263721,0.8583478811245168,0.7234190925145731,1.0,0.412,0.4446,0.7681586397721959,0.0,0.7197041498689674,0.2693541680435854,0.8474316846801393,0.885521643777891,0.9262273405979294,0.8769271223521357,0.0,0.25908889607943647,0.9108130270583085,0.7687757237448639,1.0,0.2988583550209793,0.8096,0.0,0.7913324042649623,0.2713298985097466,0.7917082934380408,0.7835247350013207,0.8886352392192238,1.0,0.6945112468382918,0.0,1.0,0.7393313157905621,0.31446119711394305,0.874353601839364,0.8731268224676738,0.8334567401113845,0.852877443883533,0.8877590197240135,0.776921566174377,0.9036719091693527,0.4446,0.7997210743978413,0.0,1.0,0.7691140199915287,0.2869134812639005,0.7614090842779958,0.8935903219450058,0.9362905722003179,0.8138462418573972,0.7681733344403453,0.7779072062494585,0.9114572079680548,0.4446,0.7748314836539785,0.0,1.0,0.8617003492943208,0.29129826864080316,0.9077442090524723,0.9452339275184224,0.9258775935715203,0.9270915099938543,0.930377311145525,0.4446,0.7672498392572829,0.0,1.0,0.7474495390822349,0.2751243349605923,0.9248821942059413,0.9457991826698542,0.8693330500928049,0.8259568534701511,0.7326658528414173,1.0,0.8096,0.7337765848491762,0.0,1.0,0.7902912504704066,0.8918789565743848,0.8198449940174126,0.954337653443443,0.8210419774616223,0.7417,0.8044614266002279,0.0,1.0,0.8920421413535699,0.7705399006191664,0.7989135571365266,0.8315332263088827,0.8807871143334085,1.0,0.8096,0.7904724333776112,0.0,1.0,0.8062559959461684,0.3105314778719032,0.7557271998736693,0.8686428734641896,0.8150823159875357,0.8705315523042916,0.7172547157902458,0.8096,0.7295542810831523,0.0,0.7964374961684859,0.8185114297415411,0.0,1.0,0.7518145182983628,0.32748376066041157,0.7897351846364509,0.8068974016576403,0.8348072118172312,0.0,0.8167645286456774,0.2925835828524786,0.7280271559700948,0.9103748434210837,0.8285021536285768,0.7849896158003021,1.0,0.4446,0.8135299519556979,0.0,0.4446,0.0,0.882572151605152,0.9241350278422933,0.0,1.0,0.7321100430533749,0.2950157285306293,0.770466853883057,0.9301628386018078,0.8564723226245105,0.8004878563095218,0.783130819966093,0.8303054500075473,0.9856412012390634,0.8096,0.8699674734226508,0.0,1.0,0.7896639896722056,0.30885572647110116,0.8507129842885017,0.8235164239810623,0.9162113084625906,0.8790996643660585,0.7719535645535998,0.7876712872838185,0.9250488418738068,0.4446,0.6868417991471543,0.0,0.8067056906767383,0.30815645887101667,0.7554691654950977,0.7713226059122351,0.748920854923159,0.0,1.0,0.7317708528268706,0.28342552033647533,0.8667563851341009,0.7642061840906295,0.9152267007793708,0.9383673733325526,0.7663181492076846,0.7419384071619235,0.8701785915024566,0.412,0.8291282651852566,0.0,0.2658985286244327,0.7883398233641322,0.0,0.8747318615866446,0.0,1.0,0.27201010286064425,0.8017741819000361,0.877430901982351,0.8096,0.8272871189269081,0.0,0.798765249174501,0.26629970384024054,0.8303558853810445,0.8901974488831137,0.0,0.0,0.0,0.0,0.0,0.0,0.0,0.0,0.0,0.0,0.0,0.0,0.0,0.0,0.0,0.0,0.0,0.0,0.0,0.0,0.0,0.0,0.0,0.0,0.0,0.0,0.0,0.835750821835527,0.8924264742655879,1.0,0.9694832237527812,0.8096,0.4446,0.0,0.0,0.412,0.412,0.7737879801164247,0.8832075456121481,1.0,0.9066345235222291,0.4446,0.8096,0.0,0.0,0.7417,0.412,0.7802852237695662,0.7948048928949376,1.0,0.951090633894834,0.4446,0.8096,0.0,0.0,0.7417,0.7417,0.9381567556714113,0.9222185873124065,1.0,0.8891374986474659,0.8096,0.4446,0.0,0.0,0.7768479289367934,0.9414437078775315,1.0,0.9608351076736027,0.8096,0.8096,0.0,0.0,0.930907771915892,0.7614204374842589,1.0,0.9417465226253189,0.4446,0.4446,0.0,0.0,0.8754435781842846,0.8329437480802251,1.0,0.9110832457917772,0.8096,0.0,0.0,0.7417,0.412,0.8074008652265023,0.8402003291864759,1.0,0.9475851589553401,0.4446,0.8096,0.0,0.0,0.7417,0.7417,0.967791997617453,0.8347370660230231,1.0,1.0,0.8096,0.4446,0.0,0.0,0.7417,0.7417,0.7704151807223052,0.7732335781466383,1.0,0.987125530343842,0.4446,0.8096,0.0,0.0,0.7417,0.412,0.8781001137853963,0.8953106565983321,1.0,1.0,0.4446,0.8096,0.0,0.0,0.7417,0.7417,0.8632292407903669,0.8066949356331325,1.0,0.9128133569802148,0.0,0.7417,0.7417,0.8414659919094213,0.9307722869825594,1.0,0.9286450970690333,0.8096,0.4446,0.0,0.0,0.412,0.412,0.7764778888644053,0.9151408898825237,1.0,0.9863568650367955,0.8096,0.8096,0.0,0.0,0.8881549926958616,0.7836470297904695,1.0,0.9960438878835781,0.4446,0.8096,0.0,0.0,0.8213412585997606,0.8945456937204016,1.0,0.900985271259066,0.4446,0.4446,0.0,0.0,0.9210779581631735,0.8776197606172663,1.0,0.8720422819077605,0.4446,0.4446,0.0,0.0,0.8647857616862644,0.80533999399546,1.0,0.8926593794673359,0.4446,0.8096,0.0,0.0,0.8869116715070116,0.851863381120024,1.0,0.8733679294829584,0.8096,0.8096,0.0,0.0,0.9035324899239773,0.8997543111239371,1.0,1.0,0.4446,0.8096,0.0,0.0,0.8249603437542051,0.9053199650177735,1.0,0.8952771223237924,0.8096,0.4446,0.0,0.0,0.412,0.7417,0.8291609287133483,0.912360954216075,1.0,1.0,0.8096,0.8096,0.0,0.0,0.7704569453213368,0.8213643036270986,1.0,1.0,0.8096,0.8096,0.0,0.0,0.7417,0.7417,0.8829217476199299,0.8065459674954238,1.0,1.0,0.8096,0.8096,0.0,0.0,0.8744647690714368,0.8131802303642072,1.0,0.9650845157726675,0.8096,0.4446,0.0,0.0,0.8460227830082214,0.8487424522471074,1.0,0.993535980636995,0.8096,0.4446,0.0,0.0,0.8387035238324143,0.8163929980507619,1.0,1.0,0.4446,0.4446,0.0,0.0
,1,1.0,0.7658873720613719,0.9549433243227444,0.7711647304042734,0.7682405781580848,0.7938561076999593,0.8094247482683425,0.0,1.0,0.7411242050111455,0.2634958051327636,0.9146282419138281,0.9410166266296365,0.9239571730505673,0.8401043440968172,1.0,0.42,0.6893974077014166,0.0,1.0,0.7784107810308938,0.3160621273281603,0.8864144826307074,0.905695914587403,0.8115301213815149,0.9166987629263721,0.8583478811245168,0.7234190925145731,1.0,0.407,0.42,0.7681586397721959,0.0,0.7197041498689674,0.2693541680435854,0.8474316846801393,0.885521643777891,0.9262273405979294,0.8769271223521357,0.0,0.25908889607943647,0.9108130270583085,0.7687757237448639,1.0,0.2988583550209793,0.8135,0.0,0.7913324042649623,0.2713298985097466,0.7917082934380408,0.7835247350013207,0.8886352392192238,1.0,0.6945112468382918,0.0,1.0,0.7393313157905621,0.31446119711394305,0.874353601839364,0.8731268224676738,0.8334567401113845,0.852877443883533,0.8877590197240135,0.776921566174377,0.9036719091693527,0.42,0.7997210743978413,0.0,1.0,0.7691140199915287,0.2869134812639005,0.7614090842779958,0.8935903219450058,0.9362905722003179,0.8138462418573972,0.7681733344403453,0.7779072062494585,0.9114572079680548,0.42,0.7748314836539785,0.0,1.0,0.8617003492943208,0.29129826864080316,0.9077442090524723,0.9452339275184224,0.9258775935715203,0.9270915099938543,0.930377311145525,0.42,0.7672498392572829,0.0,1.0,0.7474495390822349,0.2751243349605923,0.9248821942059413,0.9457991826698542,0.8693330500928049,0.8259568534701511,0.7326658528414173,1.0,0.8135,0.7337765848491762,0.0,1.0,0.7902912504704066,0.8918789565743848,0.8198449940174126,0.954337653443443,0.8210419774616223,0.723,0.8044614266002279,0.0,1.0,0.8920421413535699,0.7705399006191664,0.7989135571365266,0.8315332263088827,0.8807871143334085,1.0,0.8135,0.7904724333776112,0.0,1.0,0.8062559959461684,0.3105314778719032,0.7557271998736693,0.8686428734641896,0.8150823159875357,0.8705315523042916,0.7172547157902458,0.8135,0.7295542810831523,0.0,0.7964374961684859,0.8185114297415411,0.0,1.0,0.7518145182983628,0.32748376066041157,0.7897351846364509,0.8068974016576403,0.8348072118172312,0.0,0.8167645286456774,0.2925835828524786,0.7280271559700948,0.9103748434210837,0.8285021536285768,0.7849896158003021,1.0,0.42,0.8135299519556979,0.0,0.42,0.0,0.882572151605152,0.9241350278422933,0.0,1.0,0.7321100430533749,0.2950157285306293,0.770466853883057,0.9301628386018078,0.8564723226245105,0.8004878563095218,0.783130819966093,0.8303054500075473,0.9856412012390634,0.8135,0.8699674734226508,0.0,1.0,0.7896639896722056,0.30885572647110116,0.8507129842885017,0.8235164239810623,0.9162113084625906,0.8790996643660585,0.7719535645535998,0.7876712872838185,0.9250488418738068,0.42,0.6868417991471543,0.0,0.8067056906767383,0.30815645887101667,0.7554691654950977,0.7713226059122351,0.748920854923159,0.0,1.0,0.7317708528268706,0.28342552033647533,0.8667563851341009,0.7642061840906295,0.9152267007793708,0.9383673733325526,0.7663181492076846,0.7419384071619235,0.8701785915024566,0.407,0.8291282651852566,0.0,0.2658985286244327,0.7883398233641322,0.0,0.8747318615866446,0.0,1.0,0.27201010286064425,0.8017741819000361,0.877430901982351,0.8135,0.8272871189269081,0.0,0.798765249174501,0.26629970384024054,0.8303558853810445,0.8901974488831137,0.0,0.0,0.0,0.0,0.0,0.0,0.0,0.0,0.0,0.0,0.0,0.0,0.0,0.0,0.0,0.0,0.0,0.0,0.0,0.0,0.0,0.0,0.0,0.0,0.0,0.0,0.0,0.835750821835527,0.8924264742655879,1.0,0.9694832237527812,0.8135,0.42,0.0,0.0,0.407,0.407,0.7737879801164247,0.8832075456121481,1.0,0.9066345235222291,0.42,0.8135,0.0,0.0,0.723,0.407,0.7802852237695662,0.7948048928949376,1.0,0.951090633894834,0.42,0.8135,0.0,0.0,0.723,0.723,0.9381567556714113,0.9222185873124065,1.0,0.8891374986474659,0.8135,0.42,0.0,0.0,0.7768479289367934,0.9414437078775315,1.0,0.9608351076736027,0.8135,0.8135,0.0,0.0,0.930907771915892,0.7614204374842589,1.0,0.9417465226253189,0.42,0.42,0.0,0.0,0.8754435781842846,0.8329437480802251,1.0,0.9110832457917772,0.8135,0.0,0.0,0.723,0.407,0.8074008652265023,0.8402003291864759,1.0,0.9475851589553401,0.42,0.8135,0.0,0.0,0.723,0.723,0.967791997617453,0.8347370660230231,1.0,1.0,0.8135,0.42,0.0,0.0,0.723,0.723,0.7704151807223052,0.7732335781466383,1.0,0.987125530343842,0.42,0.8135,0.0,0.0,0.723,0.407,0.8781001137853963,0.8953106565983321,1.0,1.0,0.42,0.8135,0.0,0.0,0.723,0.723,0.8632292407903669,0.8066949356331325,1.0,0.9128133569802148,0.0,0.723,0.723,0.8414659919094213,0.9307722869825594,1.0,0.9286450970690333,0.8135,0.42,0.0,0.0,0.407,0.407,0.7764778888644053,0.9151408898825237,1.0,0.9863568650367955,0.8135,0.8135,0.0,0.0,0.8881549926958616,0.7836470297904695,1.0,0.9960438878835781,0.42,0.8135,0.0,0.0,0.8213412585997606,0.8945456937204016,1.0,0.900985271259066,0.42,0.42,0.0,0.0,0.9210779581631735,0.8776197606172663,1.0,0.8720422819077605,0.42,0.42,0.0,0.0,0.8647857616862644,0.80533999399546,1.0,0.8926593794673359,0.42,0.8135,0.0,0.0,0.8869116715070116,0.851863381120024,1.0,0.8733679294829584,0.8135,0.8135,0.0,0.0,0.9035324899239773,0.8997543111239371,1.0,1.0,0.42,0.8135,0.0,0.0,0.8249603437542051,0.9053199650177735,1.0,0.8952771223237924,0.8135,0.42,0.0,0.0,0.407,0.723,0.8291609287133483,0.912360954216075,1.0,1.0,0.8135,0.8135,0.0,0.0,0.7704569453213368,0.8213643036270986,1.0,1.0,0.8135,0.8135,0.0,0.0,0.723,0.723,0.8829217476199299,0.8065459674954238,1.0,1.0,0.8135,0.8135,0.0,0.0,0.8744647690714368,0.8131802303642072,1.0,0.9650845157726675,0.8135,0.42,0.0,0.0,0.8460227830082214,0.8487424522471074,1.0,0.993535980636995,0.8135,0.42,0.0,0.0,0.8387035238324143,0.8163929980507619,1.0,1.0,0.42,0.42,0.0,0.0
,2,1.0,0.7658873720613719,0.9549433243227444,0.7711647304042734,0.7682405781580848,0.7938561076999593,0.8094247482683425,0.0,1.0,0.7411242050111455,0.2634958051327636,0.9146282419138281,0.9410166266296365,0.9239571730505673,0.8401043440968172,1.0,0.4016,0.6893974077014166,0.0,1.0,0.7784107810308938,0.3160621273281603,0.8864144826307074,0.905695914587403,0.8115301213815149,0.9166987629263721,0.8583478811245168,0.7234190925145731,1.0,0.4133,0.4016,0.7681586397721959,0.0,0.7197041498689674,0.2693541680435854,0.8474316846801393,0.885521643777891,0.9262273405979294,0.8769271223521357,0.0,0.25908889607943647,0.9108130270583085,0.7687757237448639,1.0,0.2988583550209793,0.812,0.0,0.7913324042649623,0.2713298985097466,0.7917082934380408,0.7835247350013207,0.8886352392192238,1.0,0.6945112468382918,0.0,1.0,0.7393313157905621,0.31446119711394305,0.874353601839364,0.8731268224676738,0.8334567401113845,0.852877443883533,0.8877590197240135,0.776921566174377,0.9036719091693527,0.4016,0.7997210743978413,0.0,1.0,0.7691140199915287,0.2869134812639005,0.7614090842779958,0.8935903219450058,0.9362905722003179,0.8138462418573972,0.7681733344403453,0.7779072062494585,0.9114572079680548,0.4016,0.7748314836539785,0.0,1.0,0.8617003492943208,0.29129826864080316,0.9077442090524723,0.9452339275184224,0.9258775935715203,0.9270915099938543,0.930377311145525,0.4016,0.7672498392572829,0.0,1.0,0.7474495390822349,0.2751243349605923,0.9248821942059413,0.9457991826698542,0.8693330500928049,0.8259568534701511,0.7326658528414173,1.0,0.812,0.7337765848491762,0.0,1.0,0.7902912504704066,0.8918789565743848,0.8198449940174126,0.954337653443443,0.8210419774616223,0.7256,0.8044614266002279,0.0,1.0,0.8920421413535699,0.7705399006191664,0.7989135571365266,0.8315332263088827,0.8807871143334085,1.0,0.812,0.7904724333776112,0.0,1.0,0.8062559959461684,0.3105314778719032,0.7557271998736693,0.8686428734641896,0.8150823159875357,0.8705315523042916,0.7172547157902458,0.812,0.7295542810831523,0.0,0.7964374961684859,0.8185114297415411,0.0,1.0,0.7518145182983628,0.32748376066041157,0.7897351846364509,0.8068974016576403,0.8348072118172312,0.0,0.8167645286456774,0.2925835828524786,0.7280271559700948,0.9103748434210837,0.8285021536285768,0.7849896158003021,1.0,0.4016,0.8135299519556979,0.0,0.4016,0.0,0.882572151605152,0.9241350278422933,0.0,1.0,0.7321100430533749,0.2950157285306293,0.770466853883057,0.9301628386018078,0.8564723226245105,0.8004878563095218,0.783130819966093,0.8303054500075473,0.9856412012390634,0.812,0.8699674734226508,0.0,1.0,0.7896639896722056,0.30885572647110116,0.8507129842885017,0.8235164239810623,0.9162113084625906,0.8790996643660585,0.7719535645535998,0.7876712872838185,0.9250488418738068,0.4016,0.6868417991471543,0.0,0.8067056906767383,0.30815645887101667,0.7554691654950977,0.7713226059122351,0.748920854923159,0.0,1.0,0.7317708528268706,0.28342552033647533,0.8667563851341009,0.7642061840906295,0.9152267007793708,0.9383673733325526,0.7663181492076846,0.7419384071619235,0.8701785915024566,0.4133,0.8291282651852566,0.0,0.2658985286244327,0.7883398233641322,0.0,0.8747318615866446,0.0,1.0,0.27201010286064425,0.8017741819000361,0.877430901982351,0.812,0.8272871189269081,0.0,0.798765249174501,0.26629970384024054,0.8303558853810445,0.8901974488831137,0.0,0.0,0.0,0.0,0.0,0.0,0.0,0.0,0.0,0.0,0.0,0.0,0.0,0.0,0.0,0.0,0.0,0.0,0.0,0.0,0.0,0.0,0.0,0.0,0.0,0.0,0.0,0.835750821835527,0.8924264742655879,1.0,0.9694832237527812,0.812,0.4016,0.0,0.0,0.4133,0.4133,0.7737879801164247,0.8832075456121481,1.0,0.9066345235222291,0.4016,0.812,0.0,0.0,0.7256,0.4133,0.7802852237695662,0.7948048928949376,1.0,0.951090633894834,0.4016,0.812,0.0,0.0,0.7256,0.7256,0.9381567556714113,0.9222185873124065,1.0,0.8891374986474659,0.812,0.4016,0.0,0.0,0.7768479289367934,0.9414437078775315,1.0,0.9608351076736027,0.812,0.812,0.0,0.0,0.930907771915892,0.7614204374842589,1.0,0.9417465226253189,0.4016,0.4016,0.0,0.0,0.8754435781842846,0.8329437480802251,1.0,0.9110832457917772,0.812,0.0,0.0,0.7256,0.4133,0.8074008652265023,0.8402003291864759,1.0,0.9475851589553401,0.4016,0.812,0.0,0.0,0.7256,0.7256,0.967791997617453,0.8347370660230231,1.0,1.0,0.812,0.4016,0.0,0.0,0.7256,0.7256,0.7704151807223052,0.7732335781466383,1.0,0.987125530343842,0.4016,0.812,0.0,0.0,0.7256,0.4133,0.8781001137853963,0.8953106565983321,1.0,1.0,0.4016,0.812,0.0,0.0,0.7256,0.7256,0.8632292407903669,0.8066949356331325,1.0,0.9128133569802148,0.0,0.7256,0.7256,0.8414659919094213,0.9307722869825594,1.0,0.9286450970690333,0.812,0.4016,0.0,0.0,0.4133,0.4133,0.7764778888644053,0.9151408898825237,1.0,0.9863568650367955,0.812,0.812,0.0,0.0,0.8881549926958616,0.7836470297904695,1.0,0.9960438878835781,0.4016,0.812,0.0,0.0,0.8213412585997606,0.8945456937204016,1.0,0.900985271259066,0.4016,0.4016,0.0,0.0,0.9210779581631735,0.8776197606172663,1.0,0.8720422819077605,0.4016,0.4016,0.0,0.0,0.8647857616862644,0.80533999399546,1.0,0.8926593794673359,0.4016,0.812,0.0,0.0,0.8869116715070116,0.851863381120024,1.0,0.8733679294829584,0.812,0.812,0.0,0.0,0.9035324899239773,0.8997543111239371,1.0,1.0,0.4016,0.812,0.0,0.0,0.8249603437542051,0.9053199650177735,1.0,0.8952771223237924,0.812,0.4016,0.0,0.0,0.4133,0.7256,0.8291609287133483,0.912360954216075,1.0,1.0,0.812,0.812,0.0,0.0,0.7704569453213368,0.8213643036270986,1.0,1.0,0.812,0.812,0.0,0.0,0.7256,0.7256,0.8829217476199299,0.8065459674954238,1.0,1.0,0.812,0.812,0.0,0.0,0.8744647690714368,0.8131802303642072,1.0,0.9650845157726675,0.812,0.4016,0.0,0.0,0.8460227830082214,0.8487424522471074,1.0,0.993535980636995,0.812,0.4016,0.0,0.0,0.8387035238324143,0.8163929980507619,1.0,1.0,0.4016,0.4016,0.0,0.0
,3,1.0,0.7658873720613719,0.9549433243227444,0.7711647304042734,0.7682405781580848,0.7938561076999593,0.8094247482683425,0.0,1.0,0.7411242050111455,0.2634958051327636,0.9146282419138281,0.9410166266296365,0.9239571730505673,0.8401043440968172,1.0,0.3923,0.6893974077014166,0.0,1.0,0.7784107810308938,0.3160621273281603,0.8864144826307074,0.905695914587403,0.8115301213815149,0.9166987629263721,0.8583478811245168,0.7234190925145731,1.0,0.4453,0.3923,0.7681586397721959,0.0,0.7197041498689674,0.2693541680435854,0.8474316846801393,0.885521643777891,0.9262273405979294,0.8769271223521357,0.0,0.25908889607943647,0.9108130270583085,0.7687757237448639,1.0,0.2988583550209793,0.801,0.0,0.7913324042649623,0.2713298985097466,0.7917082934380408,0.7835247350013207,0.8886352392192238,1.0,0.6945112468382918,0.0,1.0,0.7393313157905621,0.31446119711394305,0.874353601839364,0.8731268224676738,0.8334567401113845,0.852877443883533,0.8877590197240135,0.776921566174377,0.9036719091693527,0.3923,0.7997210743978413,0.0,1.0,0.7691140199915287,0.2869134812639005,0.7614090842779958,0.8935903219450058,0.9362905722003179,0.8138462418573972,0.7681733344403453,0.7779072062494585,0.9114572079680548,0.3923,0.7748314836539785,0.0,1.0,0.8617003492943208,0.29129826864080316,0.9077442090524723,0.9452339275184224,0.9258775935715203,0.9270915099938543,0.930377311145525,0.3923,0.7672498392572829,0.0,1.0,0.7474495390822349,0.2751243349605923,0.9248821942059413,0.9457991826698542,0.8693330500928049,0.8259568534701511,0.7326658528414173,1.0,0.801,0.7337765848491762,0.0,1.0,0.7902912504704066,0.8918789565743848,0.8198449940174126,0.954337653443443,0.8210419774616223,0.7134,0.8044614266002279,0.0,1.0,0.8920421413535699,0.7705399006191664,0.7989135571365266,0.8315332263088827,0.8807871143334085,1.0,0.801,0.7904724333776112,0.0,1.0,0.8062559959461684,0.3105314778719032,0.7557271998736693,0.8686428734641896,0.8150823159875357,0.8705315523042916,0.7172547157902458,0.801,0.7295542810831523,0.0,0.7964374961684859,0.8185114297415411,0.0,1.0,0.7518145182983628,0.32748376066041157,0.7897351846364509,0.8068974016576403,0.8348072118172312,0.0,0.8167645286456774,0.2925835828524786,0.7280271559700948,0.9103748434210837,0.8285021536285768,0.7849896158003021,1.0,0.3923,0.8135299519556979,0.0,0.3923,0.0,0.882572151605152,0.9241350278422933,0.0,1.0,0.7321100430533749,0.2950157285306293,0.770466853883057,0.9301628386018078,0.8564723226245105,0.8004878563095218,0.783130819966093,0.8303054500075473,0.9856412012390634,0.801,0.8699674734226508,0.0,1.0,0.7896639896722056,0.30885572647110116,0.8507129842885017,0.8235164239810623,0.9162113084625906,0.8790996643660585,0.7719535645535998,0.7876712872838185,0.9250488418738068,0.3923,0.6868417991471543,0.0,0.8067056906767383,0.30815645887101667,0.7554691654950977,0.7713226059122351,0.748920854923159,0.0,1.0,0.7317708528268706,0.28342552033647533,0.8667563851341009,0.7642061840906295,0.9152267007793708,0.9383673733325526,0.7663181492076846,0.7419384071619235,0.8701785915024566,0.4453,0.8291282651852566,0.0,0.2658985286244327,0.7883398233641322,0.0,0.8747318615866446,0.0,1.0,0.27201010286064425,0.8017741819000361,0.877430901982351,0.801,0.8272871189269081,0.0,0.798765249174501,0.26629970384024054,0.8303558853810445,0.8901974488831137,0.0,0.0,0.0,0.0,0.0,0.0,0.0,0.0,0.0,0.0,0.0,0.0,0.0,0.0,0.0,0.0,0.0,0.0,0.0,0.0,0.0,0.0,0.0,0.0,0.0,0.0,0.0,0.835750821835527,0.8924264742655879,1.0,0.9694832237527812,0.801,0.3923,0.0,0.0,0.4453,0.4453,0.7737879801164247,0.8832075456121481,1.0,0.9066345235222291,0.3923,0.801,0.0,0.0,0.7134,0.4453,0.7802852237695662,0.7948048928949376,1.0,0.951090633894834,0.3923,0.801,0.0,0.0,0.7134,0.7134,0.9381567556714113,0.9222185873124065,1.0,0.8891374986474659,0.801,0.3923,0.0,0.0,0.7768479289367934,0.9414437078775315,1.0,0.9608351076736027,0.801,0.801,0.0,0.0,0.930907771915892,0.7614204374842589,1.0,0.9417465226253189,0.3923,0.3923,0.0,0.0,0.8754435781842846,0.8329437480802251,1.0,0.9110832457917772,0.801,0.0,0.0,0.7134,0.4453,0.8074008652265023,0.8402003291864759,1.0,0.9475851589553401,0.3923,0.801,0.0,0.0,0.7134,0.7134,0.967791997617453,0.8347370660230231,1.0,1.0,0.801,0.3923,0.0,0.0,0.7134,0.7134,0.7704151807223052,0.7732335781466383,1.0,0.987125530343842,0.3923,0.801,0.0,0.0,0.7134,0.4453,0.8781001137853963,0.8953106565983321,1.0,1.0,0.3923,0.801,0.0,0.0,0.7134,0.7134,0.8632292407903669,0.8066949356331325,1.0,0.9128133569802148,0.0,0.7134,0.7134,0.8414659919094213,0.9307722869825594,1.0,0.9286450970690333,0.801,0.3923,0.0,0.0,0.4453,0.4453,0.7764778888644053,0.9151408898825237,1.0,0.9863568650367955,0.801,0.801,0.0,0.0,0.8881549926958616,0.7836470297904695,1.0,0.9960438878835781,0.3923,0.801,0.0,0.0,0.8213412585997606,0.8945456937204016,1.0,0.900985271259066,0.3923,0.3923,0.0,0.0,0.9210779581631735,0.8776197606172663,1.0,0.8720422819077605,0.3923,0.3923,0.0,0.0,0.8647857616862644,0.80533999399546,1.0,0.8926593794673359,0.3923,0.801,0.0,0.0,0.8869116715070116,0.851863381120024,1.0,0.8733679294829584,0.801,0.801,0.0,0.0,0.9035324899239773,0.8997543111239371,1.0,1.0,0.3923,0.801,0.0,0.0,0.8249603437542051,0.9053199650177735,1.0,0.8952771223237924,0.801,0.3923,0.0,0.0,0.4453,0.7134,0.8291609287133483,0.912360954216075,1.0,1.0,0.801,0.801,0.0,0.0,0.7704569453213368,0.8213643036270986,1.0,1.0,0.801,0.801,0.0,0.0,0.7134,0.7134,0.8829217476199299,0.8065459674954238,1.0,1.0,0.801,0.801,0.0,0.0,0.8744647690714368,0.8131802303642072,1.0,0.9650845157726675,0.801,0.3923,0.0,0.0,0.8460227830082214,0.8487424522471074,1.0,0.993535980636995,0.801,0.3923,0.0,0.0,0.8387035238324143,0.8163929980507619,1.0,1.0,0.3923,0.3923,0.0,0.0
,4,1.0,0.7658873720613719,0.9549433243227444,0.7711647304042734,0.7682405781580848,0.7938561076999593,0.8094247482683425,0.0,1.0,0.7411242050111455,0.2634958051327636,0.9146282419138281,0.9410166266296365,0.9239571730505673,0.8401043440968172,1.0,0.384,0.6893974077014166,0.0,1.0,0.7784107810308938,0.3160621273281603,0.8864144826307074,0.905695914587403,0.8115301213815149,0.9166987629263721,0.8583478811245168,0.7234190925145731,1.0,0.4714,0.384,0.7681586397721959,0.0,0.7197041498689674,0.2693541680435854,0.8474316846801393,0.885521643777891,0.9262273405979294,0.8769271223521357,0.0,0.25908889607943647,0.9108130270583085,0.7687757237448639,1.0,0.2988583550209793,0.7793,0.0,0.7913324042649623,0.2713298985097466,0.7917082934380408,0.7835247350013207,0.8886352392192238,1.0,0.6945112468382918,0.0,1.0,0.7393313157905621,0.31446119711394305,0.874353601839364,0.8731268224676738,0.8334567401113845,0.852877443883533,0.8877590197240135,0.776921566174377,0.9036719091693527,0.384,0.7997210743978413,0.0,1.0,0.7691140199915287,0.2869134812639005,0.7614090842779958,0.8935903219450058,0.9362905722003179,0.8138462418573972,0.7681733344403453,0.7779072062494585,0.9114572079680548,0.384,0.7748314836539785,0.0,1.0,0.8617003492943208,0.29129826864080316,0.9077442090524723,0.9452339275184224,0.9258775935715203,0.9270915099938543,0.930377311145525,0.384,0.7672498392572829,0.0,1.0,0.7474495390822349,0.2751243349605923,0.9248821942059413,0.9457991826698542,0.8693330500928049,0.8259568534701511,0.7326658528414173,1.0,0.7793,0.7337765848491762,0.0,1.0,0.7902912504704066,0.8918789565743848,0.8198449940174126,0.954337653443443,0.8210419774616223,0.702,0.8044614266002279,0.0,1.0,0.8920421413535699,0.7705399006191664,0.7989135571365266,0.8315332263088827,0.8807871143334085,1.0,0.7793,0.7904724333776112,0.0,1.0,0.8062559959461684,0.3105314778719032,0.7557271998736693,0.8686428734641896,0.8150823159875357,0.8705315523042916,0.7172547157902458,0.7793,0.7295542810831523,0.0,0.7964374961684859,0.8185114297415411,0.0,1.0,0.7518145182983628,0.32748376066041157,0.7897351846364509,0.8068974016576403,0.8348072118172312,0.0,0.8167645286456774,0.2925835828524786,0.7280271559700948,0.9103748434210837,0.8285021536285768,0.7849896158003021,1.0,0.384,0.8135299519556979,0.0,0.384,0.0,0.882572151605152,0.9241350278422933,0.0,1.0,0.7321100430533749,0.2950157285306293,0.770466853883057,0.9301628386018078,0.8564723226245105,0.8004878563095218,0.783130819966093,0.8303054500075473,0.9856412012390634,0.7793,0.8699674734226508,0.0,1.0,0.7896639896722056,0.30885572647110116,0.8507129842885017,0.8235164239810623,0.9162113084625906,0.8790996643660585,0.7719535645535998,0.7876712872838185,0.9250488418738068,0.384,0.6868417991471543,0.0,0.8067056906767383,0.30815645887101667,0.7554691654950977,0.7713226059122351,0.748920854923159,0.0,1.0,0.7317708528268706,0.28342552033647533,0.8667563851341009,0.7642061840906295,0.9152267007793708,0.9383673733325526,0.7663181492076846,0.7419384071619235,0.8701785915024566,0.4714,0.8291282651852566,0.0,0.2658985286244327,0.7883398233641322,0.0,0.8747318615866446,0.0,1.0,0.27201010286064425,0.8017741819000361,0.877430901982351,0.7793,0.8272871189269081,0.0,0.798765249174501,0.26629970384024054,0.8303558853810445,0.8901974488831137,0.0,0.0,0.0,0.0,0.0,0.0,0.0,0.0,0.0,0.0,0.0,0.0,0.0,0.0,0.0,0.0,0.0,0.0,0.0,0.0,0.0,0.0,0.0,0.0,0.0,0.0,0.0,0.835750821835527,0.8924264742655879,1.0,0.9694832237527812,0.7793,0.384,0.0,0.0,0.4714,0.4714,0.7737879801164247,0.8832075456121481,1.0,0.9066345235222291,0.384,0.7793,0.0,0.0,0.702,0.4714,0.7802852237695662,0.7948048928949376,1.0,0.951090633894834,0.384,0.7793,0.0,0.0,0.702,0.702,0.9381567556714113,0.9222185873124065,1.0,0.8891374986474659,0.7793,0.384,0.0,0.0,0.7768479289367934,0.9414437078775315,1.0,0.9608351076736027,0.7793,0.7793,0.0,0.0,0.930907771915892,0.7614204374842589,1.0,0.9417465226253189,0.384,0.384,0.0,0.0,0.8754435781842846,0.8329437480802251,1.0,0.9110832457917772,0.7793,0.0,0.0,0.702,0.4714,0.8074008652265023,0.8402003291864759,1.0,0.9475851589553401,0.384,0.7793,0.0,0.0,0.702,0.702,0.967791997617453,0.8347370660230231,1.0,1.0,0.7793,0.384,0.0,0.0,0.702,0.702,0.7704151807223052,0.7732335781466383,1.0,0.987125530343842,0.384,0.7793,0.0,0.0,0.702,0.4714,0.8781001137853963,0.8953106565983321,1.0,1.0,0.384,0.7793,0.0,0.0,0.702,0.702,0.8632292407903669,0.8066949356331325,1.0,0.9128133569802148,0.0,0.702,0.702,0.8414659919094213,0.9307722869825594,1.0,0.9286450970690333,0.7793,0.384,0.0,0.0,0.4714,0.4714,0.7764778888644053,0.9151408898825237,1.0,0.9863568650367955,0.7793,0.7793,0.0,0.0,0.8881549926958616,0.7836470297904695,1.0,0.9960438878835781,0.384,0.7793,0.0,0.0,0.8213412585997606,0.8945456937204016,1.0,0.900985271259066,0.384,0.384,0.0,0.0,0.9210779581631735,0.8776197606172663,1.0,0.8720422819077605,0.384,0.384,0.0,0.0,0.8647857616862644,0.80533999399546,1.0,0.8926593794673359,0.384,0.7793,0.0,0.0,0.8869116715070116,0.851863381120024,1.0,0.8733679294829584,0.7793,0.7793,0.0,0.0,0.9035324899239773,0.8997543111239371,1.0,1.0,0.384,0.7793,0.0,0.0,0.8249603437542051,0.9053199650177735,1.0,0.8952771223237924,0.7793,0.384,0.0,0.0,0.4714,0.702,0.8291609287133483,0.912360954216075,1.0,1.0,0.7793,0.7793,0.0,0.0,0.7704569453213368,0.8213643036270986,1.0,1.0,0.7793,0.7793,0.0,0.0,0.702,0.702,0.8829217476199299,0.8065459674954238,1.0,1.0,0.7793,0.7793,0.0,0.0,0.8744647690714368,0.8131802303642072,1.0,0.9650845157726675,0.7793,0.384,0.0,0.0,0.8460227830082214,0.8487424522471074,1.0,0.993535980636995,0.7793,0.384,0.0,0.0,0.8387035238324143,0.8163929980507619,1.0,1.0,0.384,0.384,0.0,0.0
,5,1.0,0.7658873720613719,0.9549433243227444,0.7711647304042734,0.7682405781580848,0.7938561076999593,0.8094247482683425,0.0,1.0,0.7411242050111455,0.2634958051327636,0.9146282419138281,0.9410166266296365,0.9239571730505673,0.8401043440968172,1.0,0.3752,0.6893974077014166,0.0,1.0,0.7784107810308938,0.3160621273281603,0.8864144826307074,0.905695914587403,0.8115301213815149,0.9166987629263721,0.8583478811245168,0.7234190925145731,1.0,0.4856,0.3752,0.7681586397721959,0.0,0.7197041498689674,0.2693541680435854,0.8474316846801393,0.885521643777891,0.9262273405979294,0.8769271223521357,0.0,0.25908889607943647,0.9108130270583085,0.7687757237448639,1.0,0.2988583550209793,0.7573,0.0,0.7913324042649623,0.2713298985097466,0.7917082934380408,0.7835247350013207,0.8886352392192238,1.0,0.6945112468382918,0.0,1.0,0.7393313157905621,0.31446119711394305,0.874353601839364,0.8731268224676738,0.8334567401113845,0.852877443883533,0.8877590197240135,0.776921566174377,0.9036719091693527,0.3752,0.7997210743978413,0.0,1.0,0.7691140199915287,0.2869134812639005,0.7614090842779958,0.8935903219450058,0.9362905722003179,0.8138462418573972,0.7681733344403453,0.7779072062494585,0.9114572079680548,0.3752,0.7748314836539785,0.0,1.0,0.8617003492943208,0.29129826864080316,0.9077442090524723,0.9452339275184224,0.9258775935715203,0.9270915099938543,0.930377311145525,0.3752,0.7672498392572829,0.0,1.0,0.7474495390822349,0.2751243349605923,0.9248821942059413,0.9457991826698542,0.8693330500928049,0.8259568534701511,0.7326658528414173,1.0,0.7573,0.7337765848491762,0.0,1.0,0.7902912504704066,0.8918789565743848,0.8198449940174126,0.954337653443443,0.8210419774616223,0.699,0.8044614266002279,0.0,1.0,0.8920421413535699,0.7705399006191664,0.7989135571365266,0.8315332263088827,0.8807871143334085,1.0,0.7573,0.7904724333776112,0.0,1.0,0.8062559959461684,0.3105314778719032,0.7557271998736693,0.8686428734641896,0.8150823159875357,0.8705315523042916,0.7172547157902458,0.7573,0.7295542810831523,0.0,0.7964374961684859,0.8185114297415411,0.0,1.0,0.7518145182983628,0.32748376066041157,0.7897351846364509,0.8068974016576403,0.8348072118172312,0.0,0.8167645286456774,0.2925835828524786,0.7280271559700948,0.9103748434210837,0.8285021536285768,0.7849896158003021,1.0,0.3752,0.8135299519556979,0.0,0.3752,0.0,0.882572151605152,0.9241350278422933,0.0,1.0,0.7321100430533749,0.2950157285306293,0.770466853883057,0.9301628386018078,0.8564723226245105,0.8004878563095218,0.783130819966093,0.8303054500075473,0.9856412012390634,0.7573,0.8699674734226508,0.0,1.0,0.7896639896722056,0.30885572647110116,0.8507129842885017,0.8235164239810623,0.9162113084625906,0.8790996643660585,0.7719535645535998,0.7876712872838185,0.9250488418738068,0.3752,0.6868417991471543,0.0,0.8067056906767383,0.30815645887101667,0.7554691654950977,0.7713226059122351,0.748920854923159,0.0,1.0,0.7317708528268706,0.28342552033647533,0.8667563851341009,0.7642061840906295,0.9152267007793708,0.9383673733325526,0.7663181492076846,0.7419384071619235,0.8701785915024566,0.4856,0.8291282651852566,0.0,0.2658985286244327,0.7883398233641322,0.0,0.8747318615866446,0.0,1.0,0.27201010286064425,0.8017741819000361,0.877430901982351,0.7573,0.8272871189269081,0.0,0.798765249174501,0.26629970384024054,0.8303558853810445,0.8901974488831137,0.0,0.0,0.0,0.0,0.0,0.0,0.0,0.0,0.0,0.0,0.0,0.0,0.0,0.0,0.0,0.0,0.0,0.0,0.0,0.0,0.0,0.0,0.0,0.0,0.0,0.0,0.0,0.835750821835527,0.8924264742655879,1.0,0.9694832237527812,0.7573,0.3752,0.0,0.0,0.4856,0.4856,0.7737879801164247,0.8832075456121481,1.0,0.9066345235222291,0.3752,0.7573,0.0,0.0,0.699,0.4856,0.7802852237695662,0.7948048928949376,1.0,0.951090633894834,0.3752,0.7573,0.0,0.0,0.699,0.699,0.9381567556714113,0.9222185873124065,1.0,0.8891374986474659,0.7573,0.3752,0.0,0.0,0.7768479289367934,0.9414437078775315,1.0,0.9608351076736027,0.7573,0.7573,0.0,0.0,0.930907771915892,0.7614204374842589,1.0,0.9417465226253189,0.3752,0.3752,0.0,0.0,0.8754435781842846,0.8329437480802251,1.0,0.9110832457917772,0.7573,0.0,0.0,0.699,0.4856,0.8074008652265023,0.8402003291864759,1.0,0.9475851589553401,0.3752,0.7573,0.0,0.0,0.699,0.699,0.967791997617453,0.8347370660230231,1.0,1.0,0.7573,0.3752,0.0,0.0,0.699,0.699,0.7704151807223052,0.7732335781466383,1.0,0.987125530343842,0.3752,0.7573,0.0,0.0,0.699,0.4856,0.8781001137853963,0.8953106565983321,1.0,1.0,0.3752,0.7573,0.0,0.0,0.699,0.699,0.8632292407903669,0.8066949356331325,1.0,0.9128133569802148,0.0,0.699,0.699,0.8414659919094213,0.9307722869825594,1.0,0.9286450970690333,0.7573,0.3752,0.0,0.0,0.4856,0.4856,0.7764778888644053,0.9151408898825237,1.0,0.9863568650367955,0.7573,0.7573,0.0,0.0,0.8881549926958616,0.7836470297904695,1.0,0.9960438878835781,0.3752,0.7573,0.0,0.0,0.8213412585997606,0.8945456937204016,1.0,0.900985271259066,0.3752,0.3752,0.0,0.0,0.9210779581631735,0.8776197606172663,1.0,0.8720422819077605,0.3752,0.3752,0.0,0.0,0.8647857616862644,0.80533999399546,1.0,0.8926593794673359,0.3752,0.7573,0.0,0.0,0.8869116715070116,0.851863381120024,1.0,0.8733679294829584,0.7573,0.7573,0.0,0.0,0.9035324899239773,0.8997543111239371,1.0,1.0,0.3752,0.7573,0.0,0.0,0.8249603437542051,0.9053199650177735,1.0,0.8952771223237924,0.7573,0.3752,0.0,0.0,0.4856,0.699,0.8291609287133483,0.912360954216075,1.0,1.0,0.7573,0.7573,0.0,0.0,0.7704569453213368,0.8213643036270986,1.0,1.0,0.7573,0.7573,0.0,0.0,0.699,0.699,0.8829217476199299,0.8065459674954238,1.0,1.0,0.7573,0.7573,0.0,0.0,0.8744647690714368,0.8131802303642072,1.0,0.9650845157726675,0.7573,0.3752,0.0,0.0,0.8460227830082214,0.8487424522471074,1.0,0.993535980636995,0.7573,0.3752,0.0,0.0,0.8387035238324143,0.8163929980507619,1.0,1.0,0.3752,0.3752,0.0,0.0
,6,1.0,0.7658873720613719,0.9549433243227444,0.7711647304042734,0.7682405781580848,0.7938561076999593,0.8094247482683425,0.0,1.0,0.7411242050111455,0.2634958051327636,0.9146282419138281,0.9410166266296365,0.9239571730505673,0.8401043440968172,1.0,0.3691,0.6893974077014166,0.0,1.0,0.7784107810308938,0.3160621273281603,0.8864144826307074,0.905695914587403,0.8115301213815149,0.9166987629263721,0.8583478811245168,0.7234190925145731,1.0,0.487,0.3691,0.7681586397721959,0.0,0.7197041498689674,0.2693541680435854,0.8474316846801393,0.885521643777891,0.9262273405979294,0.8769271223521357,0.0,0.25908889607943647,0.9108130270583085,0.7687757237448639,1.0,0.2988583550209793,0.734,0.0,0.7913324042649623,0.2713298985097466,0.7917082934380408,0.7835247350013207,0.8886352392192238,1.0,0.6945112468382918,0.0,1.0,0.7393313157905621,0.31446119711394305,0.874353601839364,0.8731268224676738,0.8334567401113845,0.852877443883533,0.8877590197240135,0.776921566174377,0.9036719091693527,0.3691,0.7997210743978413,0.0,1.0,0.7691140199915287,0.2869134812639005,0.7614090842779958,0.8935903219450058,0.9362905722003179,0.8138462418573972,0.7681733344403453,0.7779072062494585,0.9114572079680548,0.3691,0.7748314836539785,0.0,1.0,0.8617003492943208,0.29129826864080316,0.9077442090524723,0.9452339275184224,0.9258775935715203,0.9270915099938543,0.930377311145525,0.3691,0.7672498392572829,0.0,1.0,0.7474495390822349,0.2751243349605923,0.9248821942059413,0.9457991826698542,0.8693330500928049,0.8259568534701511,0.7326658528414173,1.0,0.734,0.7337765848491762,0.0,1.0,0.7902912504704066,0.8918789565743848,0.8198449940174126,0.954337653443443,0.8210419774616223,0.695,0.8044614266002279,0.0,1.0,0.8920421413535699,0.7705399006191664,0.7989135571365266,0.8315332263088827,0.8807871143334085,1.0,0.734,0.7904724333776112,0.0,1.0,0.8062559959461684,0.3105314778719032,0.7557271998736693,0.8686428734641896,0.8150823159875357,0.8705315523042916,0.7172547157902458,0.734,0.7295542810831523,0.0,0.7964374961684859,0.8185114297415411,0.0,1.0,0.7518145182983628,0.32748376066041157,0.7897351846364509,0.8068974016576403,0.8348072118172312,0.0,0.8167645286456774,0.2925835828524786,0.7280271559700948,0.9103748434210837,0.8285021536285768,0.7849896158003021,1.0,0.3691,0.8135299519556979,0.0,0.3691,0.0,0.882572151605152,0.9241350278422933,0.0,1.0,0.7321100430533749,0.2950157285306293,0.770466853883057,0.9301628386018078,0.8564723226245105,0.8004878563095218,0.783130819966093,0.8303054500075473,0.9856412012390634,0.734,0.8699674734226508,0.0,1.0,0.7896639896722056,0.30885572647110116,0.8507129842885017,0.8235164239810623,0.9162113084625906,0.8790996643660585,0.7719535645535998,0.7876712872838185,0.9250488418738068,0.3691,0.6868417991471543,0.0,0.8067056906767383,0.30815645887101667,0.7554691654950977,0.7713226059122351,0.748920854923159,0.0,1.0,0.7317708528268706,0.28342552033647533,0.8667563851341009,0.7642061840906295,0.9152267007793708,0.9383673733325526,0.7663181492076846,0.7419384071619235,0.8701785915024566,0.487,0.8291282651852566,0.0,0.2658985286244327,0.7883398233641322,0.0,0.8747318615866446,0.0,1.0,0.27201010286064425,0.8017741819000361,0.877430901982351,0.734,0.8272871189269081,0.0,0.798765249174501,0.26629970384024054,0.8303558853810445,0.8901974488831137,0.0,0.0,0.0,0.0,0.0,0.0,0.0,0.0,0.0,0.0,0.0,0.0,0.0,0.0,0.0,0.0,0.0,0.0,0.0,0.0,0.0,0.0,0.0,0.0,0.0,0.0,0.0,0.835750821835527,0.8924264742655879,1.0,0.9694832237527812,0.734,0.3691,0.0,0.0,0.487,0.487,0.7737879801164247,0.8832075456121481,1.0,0.9066345235222291,0.3691,0.734,0.0,0.0,0.695,0.487,0.7802852237695662,0.7948048928949376,1.0,0.951090633894834,0.3691,0.734,0.0,0.0,0.695,0.695,0.9381567556714113,0.9222185873124065,1.0,0.8891374986474659,0.734,0.3691,0.0,0.0,0.7768479289367934,0.9414437078775315,1.0,0.9608351076736027,0.734,0.734,0.0,0.0,0.930907771915892,0.7614204374842589,1.0,0.9417465226253189,0.3691,0.3691,0.0,0.0,0.8754435781842846,0.8329437480802251,1.0,0.9110832457917772,0.734,0.0,0.0,0.695,0.487,0.8074008652265023,0.8402003291864759,1.0,0.9475851589553401,0.3691,0.734,0.0,0.0,0.695,0.695,0.967791997617453,0.8347370660230231,1.0,1.0,0.734,0.3691,0.0,0.0,0.695,0.695,0.7704151807223052,0.7732335781466383,1.0,0.987125530343842,0.3691,0.734,0.0,0.0,0.695,0.487,0.8781001137853963,0.8953106565983321,1.0,1.0,0.3691,0.734,0.0,0.0,0.695,0.695,0.8632292407903669,0.8066949356331325,1.0,0.9128133569802148,0.0,0.695,0.695,0.8414659919094213,0.9307722869825594,1.0,0.9286450970690333,0.734,0.3691,0.0,0.0,0.487,0.487,0.7764778888644053,0.9151408898825237,1.0,0.9863568650367955,0.734,0.734,0.0,0.0,0.8881549926958616,0.7836470297904695,1.0,0.9960438878835781,0.3691,0.734,0.0,0.0,0.8213412585997606,0.8945456937204016,1.0,0.900985271259066,0.3691,0.3691,0.0,0.0,0.9210779581631735,0.8776197606172663,1.0,0.8720422819077605,0.3691,0.3691,0.0,0.0,0.8647857616862644,0.80533999399546,1.0,0.8926593794673359,0.3691,0.734,0.0,0.0,0.8869116715070116,0.851863381120024,1.0,0.8733679294829584,0.734,0.734,0.0,0.0,0.9035324899239773,0.8997543111239371,1.0,1.0,0.3691,0.734,0.0,0.0,0.8249603437542051,0.9053199650177735,1.0,0.8952771223237924,0.734,0.3691,0.0,0.0,0.487,0.695,0.8291609287133483,0.912360954216075,1.0,1.0,0.734,0.734,0.0,0.0,0.7704569453213368,0.8213643036270986,1.0,1.0,0.734,0.734,0.0,0.0,0.695,0.695,0.8829217476199299,0.8065459674954238,1.0,1.0,0.734,0.734,0.0,0.0,0.8744647690714368,0.8131802303642072,1.0,0.9650845157726675,0.734,0.3691,0.0,0.0,0.8460227830082214,0.8487424522471074,1.0,0.993535980636995,0.734,0.3691,0.0,0.0,0.8387035238324143,0.8163929980507619,1.0,1.0,0.3691,0.3691,0.0,0.0
,7,1.0,0.7658873720613719,0.9549433243227444,0.7711647304042734,0.7682405781580848,0.7938561076999593,0.8094247482683425,0.0,1.0,0.7411242050111455,0.2634958051327636,0.9146282419138281,0.9410166266296365,0.9239571730505673,0.8401043440968172,1.0,0.363,0.6893974077014166,0.000603,1.0,0.7784107810308938,0.3160621273281603,0.8864144826307074,0.905695914587403,0.8115301213815149,0.9166987629263721,0.8583478811245168,0.7234190925145731,1.0,0.5034,0.363,0.7681586397721959,0.0,0.7197041498689674,0.2693541680435854,0.8474316846801393,0.885521643777891,0.9262273405979294,0.8769271223521357,0.000603,0.25908889607943647,0.9108130270583085,0.7687757237448639,1.0,0.2988583550209793,0.7134,0.0,0.7913324042649623,0.2713298985097466,0.7917082934380408,0.7835247350013207,0.8886352392192238,1.0,0.6945112468382918,0.000603,1.0,0.7393313157905621,0.31446119711394305,0.874353601839364,0.8731268224676738,0.8334567401113845,0.852877443883533,0.8877590197240135,0.776921566174377,0.9036719091693527,0.363,0.7997210743978413,0.0,1.0,0.7691140199915287,0.2869134812639005,0.7614090842779958,0.8935903219450058,0.9362905722003179,0.8138462418573972,0.7681733344403453,0.7779072062494585,0.9114572079680548,0.363,0.7748314836539785,0.000603,1.0,0.8617003492943208,0.29129826864080316,0.9077442090524723,0.9452339275184224,0.9258775935715203,0.9270915099938543,0.930377311145525,0.363,0.7672498392572829,0.000603,1.0,0.7474495390822349,0.2751243349605923,0.9248821942059413,0.9457991826698542,0.8693330500928049,0.8259568534701511,0.7326658528414173,1.0,0.7134,0.7337765848491762,0.000603,1.0,0.7902912504704066,0.8918789565743848,0.8198449940174126,0.954337653443443,0.8210419774616223,0.698,0.8044614266002279,0.000603,1.0,0.8920421413535699,0.7705399006191664,0.7989135571365266,0.8315332263088827,0.8807871143334085,1.0,0.7134,0.7904724333776112,0.0,1.0,0.8062559959461684,0.3105314778719032,0.7557271998736693,0.8686428734641896,0.8150823159875357,0.8705315523042916,0.7172547157902458,0.7134,0.7295542810831523,0.000603,0.7964374961684859,0.8185114297415411,0.000603,1.0,0.7518145182983628,0.32748376066041157,0.7897351846364509,0.8068974016576403,0.8348072118172312,0.000603,0.8167645286456774,0.2925835828524786,0.7280271559700948,0.9103748434210837,0.8285021536285768,0.7849896158003021,1.0,0.363,0.8135299519556979,0.0,0.363,0.000603,0.882572151605152,0.9241350278422933,0.000603,1.0,0.7321100430533749,0.2950157285306293,0.770466853883057,0.9301628386018078,0.8564723226245105,0.8004878563095218,0.783130819966093,0.8303054500075473,0.9856412012390634,0.7134,0.8699674734226508,0.000603,1.0,0.7896639896722056,0.30885572647110116,0.8507129842885017,0.8235164239810623,0.9162113084625906,0.8790996643660585,0.7719535645535998,0.7876712872838185,0.9250488418738068,0.363,0.6868417991471543,0.000603,0.8067056906767383,0.30815645887101667,0.7554691654950977,0.7713226059122351,0.748920854923159,0.0,1.0,0.7317708528268706,0.28342552033647533,0.8667563851341009,0.7642061840906295,0.9152267007793708,0.9383673733325526,0.7663181492076846,0.7419384071619235,0.8701785915024566,0.5034,0.8291282651852566,0.0,0.2658985286244327,0.7883398233641322,0.0,0.8747318615866446,0.0,1.0,0.27201010286064425,0.8017741819000361,0.877430901982351,0.7134,0.8272871189269081,0.0,0.798765249174501,0.26629970384024054,0.8303558853810445,0.8901974488831137,0.0004913993658583863,0.0004702405740238244,0.0004803283098583926,0.0004863172780521404,0.0,0.0004723947225967571,0.0004749634897112086,0.0,0.000493894137679366,0.00047341470395193013,0.00047990071993644993,0.00048268943758541426,0.0,0.0,0.0,0.0004941093600571683,0.0,0.0004768402950298706,0.000485054485083582,0.0,0.0004960605692400038,0.0004776313945115195,0.0004962553991203548,0.0,0.000481014441982099,0.0,0.00047174251828043656,0.835750821835527,0.8924264742655879,1.0,0.9694832237527812,0.7134,0.363,0.000603,0.000603,0.5034,0.5034,0.7737879801164247,0.8832075456121481,1.0,0.9066345235222291,0.363,0.7134,0.000603,0.0,0.698,0.5034,0.7802852237695662,0.7948048928949376,1.0,0.951090633894834,0.363,0.7134,0.000603,0.000603,0.698,0.698,0.9381567556714113,0.9222185873124065,1.0,0.8891374986474659,0.7134,0.363,0.000603,0.0,0.7768479289367934,0.9414437078775315,1.0,0.9608351076736027,0.7134,0.7134,0.0,0.000603,0.930907771915892,0.7614204374842589,1.0,0.9417465226253189,0.363,0.363,0.0,0.000603,0.8754435781842846,0.8329437480802251,1.0,0.9110832457917772,0.7134,0.000603,0.0,0.698,0.5034,0.8074008652265023,0.8402003291864759,1.0,0.9475851589553401,0.363,0.7134,0.0,0.0,0.698,0.698,0.967791997617453,0.8347370660230231,1.0,1.0,0.7134,0.363,0.000603,0.000603,0.698,0.698,0.7704151807223052,0.7732335781466383,1.0,0.987125530343842,0.363,0.7134,0.0,0.0,0.698,0.5034,0.8781001137853963,0.8953106565983321,1.0,1.0,0.363,0.7134,0.000603,0.000603,0.698,0.698,0.8632292407903669,0.8066949356331325,1.0,0.9128133569802148,0.0,0.698,0.698,0.8414659919094213,0.9307722869825594,1.0,0.9286450970690333,0.7134,0.363,0.0,0.0,0.5034,0.5034,0.7764778888644053,0.9151408898825237,1.0,0.9863568650367955,0.7134,0.7134,0.0,0.0,0.8881549926958616,0.7836470297904695,1.0,0.9960438878835781,0.363,0.7134,0.000603,0.0,0.8213412585997606,0.8945456937204016,1.0,0.900985271259066,0.363,0.363,0.000603,0.0,0.9210779581631735,0.8776197606172663,1.0,0.8720422819077605,0.363,0.363,0.0,0.000603,0.8647857616862644,0.80533999399546,1.0,0.8926593794673359,0.363,0.7134,0.0,0.0,0.8869116715070116,0.851863381120024,1.0,0.8733679294829584,0.7134,0.7134,0.0,0.000603,0.9035324899239773,0.8997543111239371,1.0,1.0,0.363,0.7134,0.0,0.0,0.8249603437542051,0.9053199650177735,1.0,0.8952771223237924,0.7134,0.363,0.000603,0.0,0.5034,0.698,0.8291609287133483,0.912360954216075,1.0,1.0,0.7134,0.7134,0.0,0.000603,0.7704569453213368,0.8213643036270986,1.0,1.0,0.7134,0.7134,0.000603,0.000603,0.698,0.698,0.8829217476199299,0.8065459674954238,1.0,1.0,0.7134,0.7134,0.000603,0.0,0.8744647690714368,0.8131802303642072,1.0,0.9650845157726675,0.7134,0.363,0.000603,0.0,0.8460227830082214,0.8487424522471074,1.0,0.993535980636995,0.7134,0.363,0.0,0.0,0.8387035238324143,0.8163929980507619,1.0,1.0,0.363,0.363,0.000603,0.0
,8,1.0,0.7658873720613719,0.9549433243227444,0.7711647304042734,0.7682405781580848,0.7938561076999593,0.8094247482683425,0.02524,1.0,0.7411242050111455,0.2634958051327636,0.9146282419138281,0.9410166266296365,0.9239571730505673,0.8401043440968172,1.0,0.3164,0.6893974077014166,0.1329,1.0,0.7784107810308938,0.3160621273281603,0.8864144826307074,0.905695914587403,0.8115301213815149,0.9166987629263721,0.8583478811245168,0.7234190925145731,1.0,0.51,0.3164,0.7681586397721959,0.02524,0.7197041498689674,0.2693541680435854,0.8474316846801393,0.885521643777891,0.9262273405979294,0.8769271223521357,0.1329,0.25908889607943647,0.9108130270583085,0.7687757237448639,1.0,0.2988583550209793,0.677,0.02524,0.7913324042649623,0.2713298985097466,0.7917082934380408,0.7835247350013207,0.8886352392192238,1.0,0.6945112468382918,0.1329,1.0,0.7393313157905621,0.31446119711394305,0.874353601839364,0.8731268224676738,0.8334567401113845,0.852877443883533,0.8877590197240135,0.776921566174377,0.9036719091693527,0.3164,0.7997210743978413,0.02524,1.0,0.7691140199915287,0.2869134812639005,0.7614090842779958,0.8935903219450058,0.9362905722003179,0.8138462418573972,0.7681733344403453,0.7779072062494585,0.9114572079680548,0.3164,0.7748314836539785,0.1329,1.0,0.8617003492943208,0.29129826864080316,0.9077442090524723,0.9452339275184224,0.9258775935715203,0.9270915099938543,0.930377311145525,0.3164,0.7672498392572829,0.1329,1.0,0.7474495390822349,0.2751243349605923,0.9248821942059413,0.9457991826698542,0.8693330500928049,0.8259568534701511,0.7326658528414173,1.0,0.677,0.7337765848491762,0.1329,1.0,0.7902912504704066,0.8918789565743848,0.8198449940174126,0.954337653443443,0.8210419774616223,0.6875,0.8044614266002279,0.1329,1.0,0.8920421413535699,0.7705399006191664,0.7989135571365266,0.8315332263088827,0.8807871143334085,1.0,0.677,0.7904724333776112,0.02524,1.0,0.8062559959461684,0.3105314778719032,0.7557271998736693,0.8686428734641896,0.8150823159875357,0.8705315523042916,0.7172547157902458,0.677,0.7295542810831523,0.1329,0.7964374961684859,0.8185114297415411,0.1329,1.0,0.7518145182983628,0.32748376066041157,0.7897351846364509,0.8068974016576403,0.8348072118172312,0.1329,0.8167645286456774,0.2925835828524786,0.7280271559700948,0.9103748434210837,0.8285021536285768,0.7849896158003021,1.0,0.3164,0.8135299519556979,0.02524,0.3164,0.1329,0.882572151605152,0.9241350278422933,0.1329,1.0,0.7321100430533749,0.2950157285306293,0.770466853883057,0.9301628386018078,0.8564723226245105,0.8004878563095218,0.783130819966093,0.8303054500075473,0.9856412012390634,0.677,0.8699674734226508,0.1329,1.0,0.7896639896722056,0.30885572647110116,0.8507129842885017,0.8235164239810623,0.9162113084625906,0.8790996643660585,0.7719535645535998,0.7876712872838185,0.9250488418738068,0.3164,0.6868417991471543,0.1329,0.8067056906767383,0.30815645887101667,0.7554691654950977,0.7713226059122351,0.748920854923159,0.02524,1.0,0.7317708528268706,0.28342552033647533,0.8667563851341009,0.7642061840906295,0.9152267007793708,0.9383673733325526,0.7663181492076846,0.7419384071619235,0.8701785915024566,0.51,0.8291282651852566,0.02524,0.2658985286244327,0.7883398233641322,0.02524,0.8747318615866446,0.02524,1.0,0.27201010286064425,0.8017741819000361,0.877430901982351,0.677,0.8272871189269081,0.02524,0.798765249174501,0.26629970384024054,0.8303558853810445,0.8901974488831137,0.10830344232600256,0.10364008671271353,0.10586340361555617,0.10718336028711352,0.02067059120138073,0.10411485677132506,0.10468100793137582,0.01988025730207537,0.10885328507062642,0.10433965863219156,0.10576916364768522,0.1063837914678301,0.02059978517228291,0.019611654156839325,0.020215362523609413,0.10890071965439083,0.020385993978422123,0.10509465208867297,0.10690504322986408,0.019697632857729682,0.1093307622752844,0.10526900884010106,0.10937370239319263,0.019735608520591814,0.106014625770184,0.02008751634443549,0.10397111223792706,0.835750821835527,0.8924264742655879,1.0,0.9694832237527812,0.677,0.3164,0.1329,0.1329,0.51,0.51,0.7737879801164247,0.8832075456121481,1.0,0.9066345235222291,0.3164,0.677,0.1329,0.02524,0.6875,0.51,0.7802852237695662,0.7948048928949376,1.0,0.951090633894834,0.3164,0.677,0.1329,0.1329,0.6875,0.6875,0.9381567556714113,0.9222185873124065,1.0,0.8891374986474659,0.677,0.3164,0.1329,0.02524,0.7768479289367934,0.9414437078775315,1.0,0.9608351076736027,0.677,0.677,0.02524,0.1329,0.930907771915892,0.7614204374842589,1.0,0.9417465226253189,0.3164,0.3164,0.02524,0.1329,0.8754435781842846,0.8329437480802251,1.0,0.9110832457917772,0.677,0.1329,0.02524,0.6875,0.51,0.8074008652265023,0.8402003291864759,1.0,0.9475851589553401,0.3164,0.677,0.02524,0.02524,0.6875,0.6875,0.967791997617453,0.8347370660230231,1.0,1.0,0.677,0.3164,0.1329,0.1329,0.6875,0.6875,0.7704151807223052,0.7732335781466383,1.0,0.987125530343842,0.3164,0.677,0.02524,0.02524,0.6875,0.51,0.8781001137853963,0.8953106565983321,1.0,1.0,0.3164,0.677,0.1329,0.1329,0.6875,0.6875,0.8632292407903669,0.8066949356331325,1.0,0.9128133569802148,0.02524,0.6875,0.6875,0.8414659919094213,0.9307722869825594,1.0,0.9286450970690333,0.677,0.3164,0.02524,0.02524,0.51,0.51,0.7764778888644053,0.9151408898825237,1.0,0.9863568650367955,0.677,0.677,0.02524,0.02524,0.8881549926958616,0.7836470297904695,1.0,0.9960438878835781,0.3164,0.677,0.1329,0.02524,0.8213412585997606,0.8945456937204016,1.0,0.900985271259066,0.3164,0.3164,0.1329,0.02524,0.9210779581631735,0.8776197606172663,1.0,0.8720422819077605,0.3164,0.3164,0.02524,0.1329,0.8647857616862644,0.80533999399546,1.0,0.8926593794673359,0.3164,0.677,0.02524,0.02524,0.8869116715070116,0.851863381120024,1.0,0.8733679294829584,0.677,0.677,0.02524,0.1329,0.9035324899239773,0.8997543111239371,1.0,1.0,0.3164,0.677,0.02524,0.02524,0.8249603437542051,0.9053199650177735,1.0,0.8952771223237924,0.677,0.3164,0.1329,0.02524,0.51,0.6875,0.8291609287133483,0.912360954216075,1.0,1.0,0.677,0.677,0.02524,0.1329,0.7704569453213368,0.8213643036270986,1.0,1.0,0.677,0.677,0.1329,0.1329,0.6875,0.6875,0.8829217476199299,0.8065459674954238,1.0,1.0,0.677,0.677,0.1329,0.02524,0.8744647690714368,0.8131802303642072,1.0,0.9650845157726675,0.677,0.3164,0.1329,0.02524,0.8460227830082214,0.8487424522471074,1.0,0.993535980636995,0.677,0.3164,0.02524,0.02524,0.8387035238324143,0.8163929980507619,1.0,1.0,0.3164,0.3164,0.1329,0.02524
,9,1.0,0.7658873720613719,0.9549433243227444,0.7711647304042734,0.7682405781580848,0.7938561076999593,0.8094247482683425,0.1067,1.0,0.7411242050111455,0.2634958051327636,0.9146282419138281,0.9410166266296365,0.9239571730505673,0.8401043440968172,1.0,0.2238,0.6893974077014166,0.3962,1.0,0.7784107810308938,0.3160621273281603,0.8864144826307074,0.905695914587403,0.8115301213815149,0.9166987629263721,0.8583478811245168,0.7234190925145731,1.0,0.4993,0.2238,0.7681586397721959,0.1067,0.7197041498689674,0.2693541680435854,0.8474316846801393,0.885521643777891,0.9262273405979294,0.8769271223521357,0.3962,0.25908889607943647,0.9108130270583085,0.7687757237448639,1.0,0.2988583550209793,0.5215,0.1067,0.7913324042649623,0.2713298985097466,0.7917082934380408,0.7835247350013207,0.8886352392192238,1.0,0.6945112468382918,0.3962,1.0,0.7393313157905621,0.31446119711394305,0.874353601839364,0.8731268224676738,0.8334567401113845,0.852877443883533,0.8877590197240135,0.776921566174377,0.9036719091693527,0.2238,0.7997210743978413,0.1067,1.0,0.7691140199915287,0.2869134812639005,0.7614090842779958,0.8935903219450058,0.9362905722003179,0.8138462418573972,0.7681733344403453,0.7779072062494585,0.9114572079680548,0.2238,0.7748314836539785,0.3962,1.0,0.8617003492943208,0.29129826864080316,0.9077442090524723,0.9452339275184224,0.9258775935715203,0.9270915099938543,0.930377311145525,0.2238,0.7672498392572829,0.3962,1.0,0.7474495390822349,0.2751243349605923,0.9248821942059413,0.9457991826698542,0.8693330500928049,0.8259568534701511,0.7326658528414173,1.0,0.5215,0.7337765848491762,0.3962,1.0,0.7902912504704066,0.8918789565743848,0.8198449940174126,0.954337653443443,0.8210419774616223,0.661,0.8044614266002279,0.3962,1.0,0.8920421413535699,0.7705399006191664,0.7989135571365266,0.8315332263088827,0.8807871143334085,1.0,0.5215,0.7904724333776112,0.1067,1.0,0.8062559959461684,0.3105314778719032,0.7557271998736693,0.8686428734641896,0.8150823159875357,0.8705315523042916,0.7172547157902458,0.5215,0.7295542810831523,0.3962,0.7964374961684859,0.8185114297415411,0.3962,1.0,0.7518145182983628,0.32748376066041157,0.7897351846364509,0.8068974016576403,0.8348072118172312,0.3962,0.8167645286456774,0.2925835828524786,0.7280271559700948,0.9103748434210837,0.8285021536285768,0.7849896158003021,1.0,0.2238,0.8135299519556979,0.1067,0.2238,0.3962,0.882572151605152,0.9241350278422933,0.3962,1.0,0.7321100430533749,0.2950157285306293,0.770466853883057,0.9301628386018078,0.8564723226245105,0.8004878563095218,0.783130819966093,0.8303054500075473,0.9856412012390634,0.5215,0.8699674734226508,0.3962,1.0,0.7896639896722056,0.30885572647110116,0.8507129842885017,0.8235164239810623,0.9162113084625906,0.8790996643660585,0.7719535645535998,0.7876712872838185,0.9250488418738068,0.2238,0.6868417991471543,0.3962,0.8067056906767383,0.30815645887101667,0.7554691654950977,0.7713226059122351,0.748920854923159,0.1067,1.0,0.7317708528268706,0.28342552033647533,0.8667563851341009,0.7642061840906295,0.9152267007793708,0.9383673733325526,0.7663181492076846,0.7419384071619235,0.8701785915024566,0.4993,0.8291282651852566,0.1067,0.2658985286244327,0.7883398233641322,0.1067,0.8747318615866446,0.1067,1.0,0.27201010286064425,0.8017741819000361,0.877430901982351,0.5215,0.8272871189269081,0.1067,0.798765249174501,0.26629970384024054,0.8303558853810445,0.8901974488831137,0.32287301617428305,0.3089706723519722,0.31559879994344137,0.3195338400733964,0.08738320448444231,0.3103860515635741,0.312073855097149,0.08404213368191132,0.324512201241401,0.31105622836775243,0.31531785280069896,0.3171501744135011,0.08708387788758266,0.08290663623354817,0.08545876312476722,0.3246536126942788,0.08618009340323457,0.31330700645246223,0.31870412436171675,0.08327010403802525,0.3259356509666492,0.3138267968581493,0.32606366356796784,0.0834306429931516,0.3160496217467788,0.08491830403927365,0.3099575219613747,0.835750821835527,0.8924264742655879,1.0,0.9694832237527812,0.5215,0.2238,0.3962,0.3962,0.4993,0.4993,0.7737879801164247,0.8832075456121481,1.0,0.9066345235222291,0.2238,0.5215,0.3962,0.1067,0.661,0.4993,0.7802852237695662,0.7948048928949376,1.0,0.951090633894834,0.2238,0.5215,0.3962,0.3962,0.661,0.661,0.9381567556714113,0.9222185873124065,1.0,0.8891374986474659,0.5215,0.2238,0.3962,0.1067,0.7768479289367934,0.9414437078775315,1.0,0.9608351076736027,0.5215,0.5215,0.1067,0.3962,0.930907771915892,0.7614204374842589,1.0,0.9417465226253189,0.2238,0.2238,0.1067,0.3962,0.8754435781842846,0.8329437480802251,1.0,0.9110832457917772,0.5215,0.3962,0.1067,0.661,0.4993,0.8074008652265023,0.8402003291864759,1.0,0.9475851589553401,0.2238,0.5215,0.1067,0.1067,0.661,0.661,0.967791997617453,0.8347370660230231,1.0,1.0,0.5215,0.2238,0.3962,0.3962,0.661,0.661,0.7704151807223052,0.7732335781466383,1.0,0.987125530343842,0.2238,0.5215,0.1067,0.1067,0.661,0.4993,0.8781001137853963,0.8953106565983321,1.0,1.0,0.2238,0.5215,0.3962,0.3962,0.661,0.661,0.8632292407903669,0.8066949356331325,1.0,0.9128133569802148,0.1067,0.661,0.661,0.8414659919094213,0.9307722869825594,1.0,0.9286450970690333,0.5215,0.2238,0.1067,0.1067,0.4993,0.4993,0.7764778888644053,0.9151408898825237,1.0,0.9863568650367955,0.5215,0.5215,0.1067,0.1067,0.8881549926958616,0.7836470297904695,1.0,0.9960438878835781,0.2238,0.5215,0.3962,0.1067,0.8213412585997606,0.8945456937204016,1.0,0.900985271259066,0.2238,0.2238,0.3962,0.1067,0.9210779581631735,0.8776197606172663,1.0,0.8720422819077605,0.2238,0.2238,0.1067,0.3962,0.8647857616862644,0.80533999399546,1.0,0.8926593794673359,0.2238,0.5215,0.1067,0.1067,0.8869116715070116,0.851863381120024,1.0,0.8733679294829584,0.5215,0.5215,0.1067,0.3962,0.9035324899239773,0.8997543111239371,1.0,1.0,0.2238,0.5215,0.1067,0.1067,0.8249603437542051,0.9053199650177735,1.0,0.8952771223237924,0.5215,0.2238,0.3962,0.1067,0.4993,0.661,0.8291609287133483,0.912360954216075,1.0,1.0,0.5215,0.5215,0.1067,0.3962,0.7704569453213368,0.8213643036270986,1.0,1.0,0.5215,0.5215,0.3962,0.3962,0.661,0.661,0.8829217476199299,0.8065459674954238,1.0,1.0,0.5215,0.5215,0.3962,0.1067,0.8744647690714368,0.8131802303642072,1.0,0.9650845157726675,0.5215,0.2238,0.3962,0.1067,0.8460227830082214,0.8487424522471074,1.0,0.993535980636995,0.5215,0.2238,0.1067,0.1067,0.8387035238324143,0.8163929980507619,1.0,1.0,0.2238,0.2238,0.3962,0.1067
,10,1.0,0.7658873720613719,0.9549433243227444,0.7711647304042734,0.7682405781580848,0.7938561076999593,0.8094247482683425,0.1664,1.0,0.7411242050111455,0.2634958051327636,0.9146282419138281,0.9410166266296365,0.9239571730505673,0.8401043440968172,1.0,0.2052,0.6893974077014166,0.4612,1.0,0.7784107810308938,0.3160621273281603,0.8864144826307074,0.905695914587403,0.8115301213815149,0.9166987629263721,0.8583478811245168,0.7234190925145731,1.0,0.463,0.2052,0.7681586397721959,0.1664,0.7197041498689674,0.2693541680435854,0.8474316846801393,0.885521643777891,0.9262273405979294,0.8769271223521357,0.4612,0.25908889607943647,0.9108130270583085,0.7687757237448639,1.0,0.2988583550209793,0.3572,0.1664,0.7913324042649623,0.2713298985097466,0.7917082934380408,0.7835247350013207,0.8886352392192238,1.0,0.6945112468382918,0.4612,1.0,0.7393313157905621,0.31446119711394305,0.874353601839364,0.8731268224676738,0.8334567401113845,0.852877443883533,0.8877590197240135,0.776921566174377,0.9036719091693527,0.2052,0.7997210743978413,0.1664,1.0,0.7691140199915287,0.2869134812639005,0.7614090842779958,0.8935903219450058,0.9362905722003179,0.8138462418573972,0.7681733344403453,0.7779072062494585,0.9114572079680548,0.2052,0.7748314836539785,0.4612,1.0,0.8617003492943208,0.29129826864080316,0.9077442090524723,0.9452339275184224,0.9258775935715203,0.9270915099938543,0.930377311145525,0.2052,0.7672498392572829,0.4612,1.0,0.7474495390822349,0.2751243349605923,0.9248821942059413,0.9457991826698542,0.8693330500928049,0.8259568534701511,0.7326658528414173,1.0,0.3572,0.7337765848491762,0.4612,1.0,0.7902912504704066,0.8918789565743848,0.8198449940174126,0.954337653443443,0.8210419774616223,0.6006,0.8044614266002279,0.4612,1.0,0.8920421413535699,0.7705399006191664,0.7989135571365266,0.8315332263088827,0.8807871143334085,1.0,0.3572,0.7904724333776112,0.1664,1.0,0.8062559959461684,0.3105314778719032,0.7557271998736693,0.8686428734641896,0.8150823159875357,0.8705315523042916,0.7172547157902458,0.3572,0.7295542810831523,0.4612,0.7964374961684859,0.8185114297415411,0.4612,1.0,0.7518145182983628,0.32748376066041157,0.7897351846364509,0.8068974016576403,0.8348072118172312,0.4612,0.8167645286456774,0.2925835828524786,0.7280271559700948,0.9103748434210837,0.8285021536285768,0.7849896158003021,1.0,0.2052,0.8135299519556979,0.1664,0.2052,0.4612,0.882572151605152,0.9241350278422933,0.4612,1.0,0.7321100430533749,0.2950157285306293,0.770466853883057,0.9301628386018078,0.8564723226245105,0.8004878563095218,0.783130819966093,0.8303054500075473,0.9856412012390634,0.3572,0.8699674734226508,0.4612,1.0,0.7896639896722056,0.30885572647110116,0.8507129842885017,0.8235164239810623,0.9162113084625906,0.8790996643660585,0.7719535645535998,0.7876712872838185,0.9250488418738068,0.2052,0.6868417991471543,0.4612,0.8067056906767383,0.30815645887101667,0.7554691654950977,0.7713226059122351,0.748920854923159,0.1664,1.0,0.7317708528268706,0.28342552033647533,0.8667563851341009,0.7642061840906295,0.9152267007793708,0.9383673733325526,0.7663181492076846,0.7419384071619235,0.8701785915024566,0.463,0.8291282651852566,0.1664,0.2658985286244327,0.7883398233641322,0.1664,0.8747318615866446,0.1664,1.0,0.27201010286064425,0.8017741819000361,0.877430901982351,0.3572,0.8272871189269081,0.1664,0.798765249174501,0.26629970384024054,0.8303558853810445,0.8901974488831137,0.37584309707112407,0.35965995479235124,0.3673754834273477,0.37195610055994555,0.13627521299167009,0.3613075390740039,0.3632722412185894,0.13106477080290574,0.37775120447383675,0.36208766411713134,0.36704844450197466,0.36918137415322233,0.13580840937669872,0.1292939481655334,0.13327402234265476,0.3779158156855158,0.1343989460384089,0.3647077016049359,0.37099026288648096,0.1298607808053177,0.3794081833059531,0.3653127680741506,0.3795571974698303,0.13011114333702367,0.3679002664048824,0.13243116956077913,0.3608087055239425,0.835750821835527,0.8924264742655879,1.0,0.9694832237527812,0.3572,0.2052,0.4612,0.4612,0.463,0.463,0.7737879801164247,0.8832075456121481,1.0,0.9066345235222291,0.2052,0.3572,0.4612,0.1664,0.6006,0.463,0.7802852237695662,0.7948048928949376,1.0,0.951090633894834,0.2052,0.3572,0.4612,0.4612,0.6006,0.6006,0.9381567556714113,0.9222185873124065,1.0,0.8891374986474659,0.3572,0.2052,0.4612,0.1664,0.7768479289367934,0.9414437078775315,1.0,0.9608351076736027,0.3572,0.3572,0.1664,0.4612,0.930907771915892,0.7614204374842589,1.0,0.9417465226253189,0.2052,0.2052,0.1664,0.4612,0.8754435781842846,0.8329437480802251,1.0,0.9110832457917772,0.3572,0.4612,0.1664,0.6006,0.463,0.8074008652265023,0.8402003291864759,1.0,0.9475851589553401,0.2052,0.3572,0.1664,0.1664,0.6006,0.6006,0.967791997617453,0.8347370660230231,1.0,1.0,0.3572,0.2052,0.4612,0.4612,0.6006,0.6006,0.7704151807223052,0.7732335781466383,1.0,0.987125530343842,0.2052,0.3572,0.1664,0.1664,0.6006,0.463,0.8781001137853963,0.8953106565983321,1.0,1.0,0.2052,0.3572,0.4612,0.4612,0.6006,0.6006,0.8632292407903669,0.8066949356331325,1.0,0.9128133569802148,0.1664,0.6006,0.6006,0.8414659919094213,0.9307722869825594,1.0,0.9286450970690333,0.3572,0.2052,0.1664,0.1664,0.463,0.463,0.7764778888644053,0.9151408898825237,1.0,0.9863568650367955,0.3572,0.3572,0.1664,0.1664,0.8881549926958616,0.7836470297904695,1.0,0.9960438878835781,0.2052,0.3572,0.4612,0.1664,0.8213412585997606,0.8945456937204016,1.0,0.900985271259066,0.2052,0.2052,0.4612,0.1664,0.9210779581631735,0.8776197606172663,1.0,0.8720422819077605,0.2052,0.2052,0.1664,0.4612,0.8647857616862644,0.80533999399546,1.0,0.8926593794673359,0.2052,0.3572,0.1664,0.1664,0.8869116715070116,0.851863381120024,1.0,0.8733679294829584,0.3572,0.3572,0.1664,0.4612,0.9035324899239773,0.8997543111239371,1.0,1.0,0.2052,0.3572,0.1664,0.1664,0.8249603437542051,0.9053199650177735,1.0,0.8952771223237924,0.3572,0.2052,0.4612,0.1664,0.463,0.6006,0.8291609287133483,0.912360954216075,1.0,1.0,0.3572,0.3572,0.1664,0.4612,0.7704569453213368,0.8213643036270986,1.0,1.0,0.3572,0.3572,0.4612,0.4612,0.6006,0.6006,0.8829217476199299,0.8065459674954238,1.0,1.0,0.3572,0.3572,0.4612,0.1664,0.8744647690714368,0.8131802303642072,1.0,0.9650845157726675,0.3572,0.2052,0.4612,0.1664,0.8460227830082214,0.8487424522471074,1.0,0.993535980636995,0.3572,0.2052,0.1664,0.1664,0.8387035238324143,0.8163929980507619,1.0,1.0,0.2052,0.2052,0.4612,0.1664
,11,1.0,0.7658873720613719,0.9549433243227444,0.7711647304042734,0.7682405781580848,0.7938561076999593,0.8094247482683425,0.1913,1.0,0.7411242050111455,0.2634958051327636,0.9146282419138281,0.9410166266296365,0.9239571730505673,0.8401043440968172,1.0,0.2147,0.6893974077014166,0.4365,1.0,0.7784107810308938,0.3160621273281603,0.8864144826307074,0.905695914587403,0.8115301213815149,0.9166987629263721,0.8583478811245168,0.7234190925145731,1.0,0.4292,0.2147,0.7681586397721959,0.1913,0.7197041498689674,0.2693541680435854,0.8474316846801393,0.885521643777891,0.9262273405979294,0.8769271223521357,0.4365,0.25908889607943647,0.9108130270583085,0.7687757237448639,1.0,0.2988583550209793,0.3132,0.1913,0.7913324042649623,0.2713298985097466,0.7917082934380408,0.7835247350013207,0.8886352392192238,1.0,0.6945112468382918,0.4365,1.0,0.7393313157905621,0.31446119711394305,0.874353601839364,0.8731268224676738,0.8334567401113845,0.852877443883533,0.8877590197240135,0.776921566174377,0.9036719091693527,0.2147,0.7997210743978413,0.1913,1.0,0.7691140199915287,0.2869134812639005,0.7614090842779958,0.8935903219450058,0.9362905722003179,0.8138462418573972,0.7681733344403453,0.7779072062494585,0.9114572079680548,0.2147,0.7748314836539785,0.4365,1.0,0.8617003492943208,0.29129826864080316,0.9077442090524723,0.9452339275184224,0.9258775935715203,0.9270915099938543,0.930377311145525,0.2147,0.7672498392572829,0.4365,1.0,0.7474495390822349,0.2751243349605923,0.9248821942059413,0.9457991826698542,0.8693330500928049,0.8259568534701511,0.7326658528414173,1.0,0.3132,0.7337765848491762,0.4365,1.0,0.7902912504704066,0.8918789565743848,0.8198449940174126,0.954337653443443,0.8210419774616223,0.5557,0.8044614266002279,0.4365,1.0,0.8920421413535699,0.7705399006191664,0.7989135571365266,0.8315332263088827,0.8807871143334085,1.0,0.3132,0.7904724333776112,0.1913,1.0,0.8062559959461684,0.3105314778719032,0.7557271998736693,0.8686428734641896,0.8150823159875357,0.8705315523042916,0.7172547157902458,0.3132,0.7295542810831523,0.4365,0.7964374961684859,0.8185114297415411,0.4365,1.0,0.7518145182983628,0.32748376066041157,0.7897351846364509,0.8068974016576403,0.8348072118172312,0.4365,0.8167645286456774,0.2925835828524786,0.7280271559700948,0.9103748434210837,0.8285021536285768,0.7849896158003021,1.0,0.2147,0.8135299519556979,0.1913,0.2147,0.4365,0.882572151605152,0.9241350278422933,0.4365,1.0,0.7321100430533749,0.2950157285306293,0.770466853883057,0.9301628386018078,0.8564723226245105,0.8004878563095218,0.783130819966093,0.8303054500075473,0.9856412012390634,0.3132,0.8699674734226508,0.4365,1.0,0.7896639896722056,0.30885572647110116,0.8507129842885017,0.8235164239810623,0.9162113084625906,0.8790996643660585,0.7719535645535998,0.7876712872838185,0.9250488418738068,0.2147,0.6868417991471543,0.4365,0.8067056906767383,0.30815645887101667,0.7554691654950977,0.7713226059122351,0.748920854923159,0.1913,1.0,0.7317708528268706,0.28342552033647533,0.8667563851341009,0.7642061840906295,0.9152267007793708,0.9383673733325526,0.7663181492076846,0.7419384071619235,0.8701785915024566,0.4292,0.8291282651852566,0.1913,0.2658985286244327,0.7883398233641322,0.1913,0.8747318615866446,0.1913,1.0,0.27201010286064425,0.8017741819000361,0.877430901982351,0.3132,0.8272871189269081,0.1913,0.798765249174501,0.26629970384024054,0.8303558853810445,0.8901974488831137,0.35571446633032444,0.3403980274650072,0.3477003437034633,0.35203564157505685,0.15666735724342842,0.3419573738200406,0.34381685449244204,0.15067722749156173,0.35752038324551116,0.34269571853236735,0.34739081965548985,0.34940951825212824,0.15613070140482252,0.14864141997636143,0.15321707015715058,0.3576761785488457,0.15451032678574295,0.3451754374469959,0.35112153024707055,0.14929307312534423,0.3590886210170176,0.3457480990120701,0.3592296545871225,0.14958089976185474,0.348197021434803,0.1522480933712563,0.34148525577016675,0.835750821835527,0.8924264742655879,1.0,0.9694832237527812,0.3132,0.2147,0.4365,0.4365,0.4292,0.4292,0.7737879801164247,0.8832075456121481,1.0,0.9066345235222291,0.2147,0.3132,0.4365,0.1913,0.5557,0.4292,0.7802852237695662,0.7948048928949376,1.0,0.951090633894834,0.2147,0.3132,0.4365,0.4365,0.5557,0.5557,0.9381567556714113,0.9222185873124065,1.0,0.8891374986474659,0.3132,0.2147,0.4365,0.1913,0.7768479289367934,0.9414437078775315,1.0,0.9608351076736027,0.3132,0.3132,0.1913,0.4365,0.930907771915892,0.7614204374842589,1.0,0.9417465226253189,0.2147,0.2147,0.1913,0.4365,0.8754435781842846,0.8329437480802251,1.0,0.9110832457917772,0.3132,0.4365,0.1913,0.5557,0.4292,0.8074008652265023,0.8402003291864759,1.0,0.9475851589553401,0.2147,0.3132,0.1913,0.1913,0.5557,0.5557,0.967791997617453,0.8347370660230231,1.0,1.0,0.3132,0.2147,0.4365,0.4365,0.5557,0.5557,0.7704151807223052,0.7732335781466383,1.0,0.987125530343842,0.2147,0.3132,0.1913,0.1913,0.5557,0.4292,0.8781001137853963,0.8953106565983321,1.0,1.0,0.2147,0.3132,0.4365,0.4365,0.5557,0.5557,0.8632292407903669,0.8066949356331325,1.0,0.9128133569802148,0.1913,0.5557,0.5557,0.8414659919094213,0.9307722869825594,1.0,0.9286450970690333,0.3132,0.2147,0.1913,0.1913,0.4292,0.4292,0.7764778888644053,0.9151408898825237,1.0,0.9863568650367955,0.3132,0.3132,0.1913,0.1913,0.8881549926958616,0.7836470297904695,1.0,0.9960438878835781,0.2147,0.3132,0.4365,0.1913,0.8213412585997606,0.8945456937204016,1.0,0.900985271259066,0.2147,0.2147,0.4365,0.1913,0.9210779581631735,0.8776197606172663,1.0,0.8720422819077605,0.2147,0.2147,0.1913,0.4365,0.8647857616862644,0.80533999399546,1.0,0.8926593794673359,0.2147,0.3132,0.1913,0.1913,0.8869116715070116,0.851863381120024,1.0,0.8733679294829584,0.3132,0.3132,0.1913,0.4365,0.9035324899239773,0.8997543111239371,1.0,1.0,0.2147,0.3132,0.1913,0.1913,0.8249603437542051,0.9053199650177735,1.0,0.8952771223237924,0.3132,0.2147,0.4365,0.1913,0.4292,0.5557,0.8291609287133483,0.912360954216075,1.0,1.0,0.3132,0.3132,0.1913,0.4365,0.7704569453213368,0.8213643036270986,1.0,1.0,0.3132,0.3132,0.4365,0.4365,0.5557,0.5557,0.8829217476199299,0.8065459674954238,1.0,1.0,0.3132,0.3132,0.4365,0.1913,0.8744647690714368,0.8131802303642072,1.0,0.9650845157726675,0.3132,0.2147,0.4365,0.1913,0.8460227830082214,0.8487424522471074,1.0,0.993535980636995,0.3132,0.2147,0.1913,0.1913,0.8387035238324143,0.8163929980507619,1.0,1.0,0.2147,0.2147,0.4365,0.1913
,12,1.0,0.7658873720613719,0.9549433243227444,0.7711647304042734,0.7682405781580848,0.7938561076999593,0.8094247482683425,0.2047,1.0,0.7411242050111455,0.2634958051327636,0.9146282419138281,0.9410166266296365,0.9239571730505673,0.8401043440968172,1.0,0.2278,0.6893974077014166,0.391,1.0,0.7784107810308938,0.3160621273281603,0.8864144826307074,0.905695914587403,0.8115301213815149,0.9166987629263721,0.8583478811245168,0.7234190925145731,1.0,0.4172,0.2278,0.7681586397721959,0.2047,0.7197041498689674,0.2693541680435854,0.8474316846801393,0.885521643777891,0.9262273405979294,0.8769271223521357,0.391,0.25908889607943647,0.9108130270583085,0.7687757237448639,1.0,0.2988583550209793,0.3164,0.2047,0.7913324042649623,0.2713298985097466,0.7917082934380408,0.7835247350013207,0.8886352392192238,1.0,0.6945112468382918,0.391,1.0,0.7393313157905621,0.31446119711394305,0.874353601839364,0.8731268224676738,0.8334567401113845,0.852877443883533,0.8877590197240135,0.776921566174377,0.9036719091693527,0.2278,0.7997210743978413,0.2047,1.0,0.7691140199915287,0.2869134812639005,0.7614090842779958,0.8935903219450058,0.9362905722003179,0.8138462418573972,0.7681733344403453,0.7779072062494585,0.9114572079680548,0.2278,0.7748314836539785,0.391,1.0,0.8617003492943208,0.29129826864080316,0.9077442090524723,0.9452339275184224,0.9258775935715203,0.9270915099938543,0.930377311145525,0.2278,0.7672498392572829,0.391,1.0,0.7474495390822349,0.2751243349605923,0.9248821942059413,0.9457991826698542,0.8693330500928049,0.8259568534701511,0.7326658528414173,1.0,0.3164,0.7337765848491762,0.391,1.0,0.7902912504704066,0.8918789565743848,0.8198449940174126,0.954337653443443,0.8210419774616223,0.5034,0.8044614266002279,0.391,1.0,0.8920421413535699,0.7705399006191664,0.7989135571365266,0.8315332263088827,0.8807871143334085,1.0,0.3164,0.7904724333776112,0.2047,1.0,0.8062559959461684,0.3105314778719032,0.7557271998736693,0.8686428734641896,0.8150823159875357,0.8705315523042916,0.7172547157902458,0.3164,0.7295542810831523,0.391,0.7964374961684859,0.8185114297415411,0.391,1.0,0.7518145182983628,0.32748376066041157,0.7897351846364509,0.8068974016576403,0.8348072118172312,0.391,0.8167645286456774,0.2925835828524786,0.7280271559700948,0.9103748434210837,0.8285021536285768,0.7849896158003021,1.0,0.2278,0.8135299519556979,0.2047,0.2278,0.391,0.882572151605152,0.9241350278422933,0.391,1.0,0.7321100430533749,0.2950157285306293,0.770466853883057,0.9301628386018078,0.8564723226245105,0.8004878563095218,0.783130819966093,0.8303054500075473,0.9856412012390634,0.3164,0.8699674734226508,0.391,1.0,0.7896639896722056,0.30885572647110116,0.8507129842885017,0.8235164239810623,0.9162113084625906,0.8790996643660585,0.7719535645535998,0.7876712872838185,0.9250488418738068,0.2278,0.6868417991471543,0.391,0.8067056906767383,0.30815645887101667,0.7554691654950977,0.7713226059122351,0.748920854923159,0.2047,1.0,0.7317708528268706,0.28342552033647533,0.8667563851341009,0.7642061840906295,0.9152267007793708,0.9383673733325526,0.7663181492076846,0.7419384071619235,0.8701785915024566,0.4172,0.8291282651852566,0.2047,0.2658985286244327,0.7883398233641322,0.2047,0.8747318615866446,0.2047,1.0,0.27201010286064425,0.8017741819000361,0.877430901982351,0.3164,0.8272871189269081,0.2047,0.798765249174501,0.26629970384024054,0.8303558853810445,0.8901974488831137,0.3186354097025358,0.30491552975674185,0.31145666526472887,0.31534005923447245,0.16764144290501726,0.3063123325627397,0.3079779842074338,0.16123172225573804,0.32025308098280614,0.30697371350780217,0.3111794054645969,0.31298767843432335,0.16706719590991725,0.15905331243680704,0.1639494733986865,0.3203926364549798,0.16533331883450905,0.3091949508402644,0.3145212332797356,0.159750611964234,0.3216578483795049,0.3097079191608692,0.32178418085581884,0.16005860000654296,0.31190157017413056,0.1629126226507902,0.3058894272763693,0.835750821835527,0.8924264742655879,1.0,0.9694832237527812,0.3164,0.2278,0.391,0.391,0.4172,0.4172,0.7737879801164247,0.8832075456121481,1.0,0.9066345235222291,0.2278,0.3164,0.391,0.2047,0.5034,0.4172,0.7802852237695662,0.7948048928949376,1.0,0.951090633894834,0.2278,0.3164,0.391,0.391,0.5034,0.5034,0.9381567556714113,0.9222185873124065,1.0,0.8891374986474659,0.3164,0.2278,0.391,0.2047,0.7768479289367934,0.9414437078775315,1.0,0.9608351076736027,0.3164,0.3164,0.2047,0.391,0.930907771915892,0.7614204374842589,1.0,0.9417465226253189,0.2278,0.2278,0.2047,0.391,0.8754435781842846,0.8329437480802251,1.0,0.9110832457917772,0.3164,0.391,0.2047,0.5034,0.4172,0.8074008652265023,0.8402003291864759,1.0,0.9475851589553401,0.2278,0.3164,0.2047,0.2047,0.5034,0.5034,0.967791997617453,0.8347370660230231,1.0,1.0,0.3164,0.2278,0.391,0.391,0.5034,0.5034,0.7704151807223052,0.7732335781466383,1.0,0.987125530343842,0.2278,0.3164,0.2047,0.2047,0.5034,0.4172,0.8781001137853963,0.8953106565983321,1.0,1.0,0.2278,0.3164,0.391,0.391,0.5034,0.5034,0.8632292407903669,0.8066949356331325,1.0,0.9128133569802148,0.2047,0.5034,0.5034,0.8414659919094213,0.9307722869825594,1.0,0.9286450970690333,0.3164,0.2278,0.2047,0.2047,0.4172,0.4172,0.7764778888644053,0.9151408898825237,1.0,0.9863568650367955,0.3164,0.3164,0.2047,0.2047,0.8881549926958616,0.7836470297904695,1.0,0.9960438878835781,0.2278,0.3164,0.391,0.2047,0.8213412585997606,0.8945456937204016,1.0,0.900985271259066,0.2278,0.2278,0.391,0.2047,0.9210779581631735,0.8776197606172663,1.0,0.8720422819077605,0.2278,0.2278,0.2047,0.391,0.8647857616862644,0.80533999399546,1.0,0.8926593794673359,0.2278,0.3164,0.2047,0.2047,0.8869116715070116,0.851863381120024,1.0,0.8733679294829584,0.3164,0.3164,0.2047,0.391,0.9035324899239773,0.8997543111239371,1.0,1.0,0.2278,0.3164,0.2047,0.2047,0.8249603437542051,0.9053199650177735,1.0,0.8952771223237924,0.3164,0.2278,0.391,0.2047,0.4172,0.5034,0.8291609287133483,0.912360954216075,1.0,1.0,0.3164,0.3164,0.2047,0.391,0.7704569453213368,0.8213643036270986,1.0,1.0,0.3164,0.3164,0.391,0.391,0.5034,0.5034,0.8829217476199299,0.8065459674954238,1.0,1.0,0.3164,0.3164,0.391,0.2047,0.8744647690714368,0.8131802303642072,1.0,0.9650845157726675,0.3164,0.2278,0.391,0.2047,0.8460227830082214,0.8487424522471074,1.0,0.993535980636995,0.3164,0.2278,0.2047,0.2047,0.8387035238324143,0.8163929980507619,1.0,1.0,0.2278,0.2278,0.391,0.2047
,13,1.0,0.7658873720613719,0.9549433243227444,0.7711647304042734,0.7682405781580848,0.7938561076999593,0.8094247482683425,0.2039,1.0,0.7411242050111455,0.2634958051327636,0.9146282419138281,0.9410166266296365,0.9239571730505673,0.8401043440968172,1.0,0.2462,0.6893974077014166,0.3682,1.0,0.7784107810308938,0.3160621273281603,0.8864144826307074,0.905695914587403,0.8115301213815149,0.9166987629263721,0.8583478811245168,0.7234190925145731,1.0,0.4224,0.2462,0.7681586397721959,0.2039,0.7197041498689674,0.2693541680435854,0.8474316846801393,0.885521643777891,0.9262273405979294,0.8769271223521357,0.3682,0.25908889607943647,0.9108130270583085,0.7687757237448639,1.0,0.2988583550209793,0.3372,0.2039,0.7913324042649623,0.2713298985097466,0.7917082934380408,0.7835247350013207,0.8886352392192238,1.0,0.6945112468382918,0.3682,1.0,0.7393313157905621,0.31446119711394305,0.874353601839364,0.8731268224676738,0.8334567401113845,0.852877443883533,0.8877590197240135,0.776921566174377,0.9036719091693527,0.2462,0.7997210743978413,0.2039,1.0,0.7691140199915287,0.2869134812639005,0.7614090842779958,0.8935903219450058,0.9362905722003179,0.8138462418573972,0.7681733344403453,0.7779072062494585,0.9114572079680548,0.2462,0.7748314836539785,0.3682,1.0,0.8617003492943208,0.29129826864080316,0.9077442090524723,0.9452339275184224,0.9258775935715203,0.9270915099938543,0.930377311145525,0.2462,0.7672498392572829,0.3682,1.0,0.7474495390822349,0.2751243349605923,0.9248821942059413,0.9457991826698542,0.8693330500928049,0.8259568534701511,0.7326658528414173,1.0,0.3372,0.7337765848491762,0.3682,1.0,0.7902912504704066,0.8918789565743848,0.8198449940174126,0.954337653443443,0.8210419774616223,0.4722,0.8044614266002279,0.3682,1.0,0.8920421413535699,0.7705399006191664,0.7989135571365266,0.8315332263088827,0.8807871143334085,1.0,0.3372,0.7904724333776112,0.2039,1.0,0.8062559959461684,0.3105314778719032,0.7557271998736693,0.8686428734641896,0.8150823159875357,0.8705315523042916,0.7172547157902458,0.3372,0.7295542810831523,0.3682,0.7964374961684859,0.8185114297415411,0.3682,1.0,0.7518145182983628,0.32748376066041157,0.7897351846364509,0.8068974016576403,0.8348072118172312,0.3682,0.8167645286456774,0.2925835828524786,0.7280271559700948,0.9103748434210837,0.8285021536285768,0.7849896158003021,1.0,0.2462,0.8135299519556979,0.2039,0.2462,0.3682,0.882572151605152,0.9241350278422933,0.3682,1.0,0.7321100430533749,0.2950157285306293,0.770466853883057,0.9301628386018078,0.8564723226245105,0.8004878563095218,0.783130819966093,0.8303054500075473,0.9856412012390634,0.3372,0.8699674734226508,0.3682,1.0,0.7896639896722056,0.30885572647110116,0.8507129842885017,0.8235164239810623,0.9162113084625906,0.8790996643660585,0.7719535645535998,0.7876712872838185,0.9250488418738068,0.2462,0.6868417991471543,0.3682,0.8067056906767383,0.30815645887101667,0.7554691654950977,0.7713226059122351,0.748920854923159,0.2039,1.0,0.7317708528268706,0.28342552033647533,0.8667563851341009,0.7642061840906295,0.9152267007793708,0.9383673733325526,0.7663181492076846,0.7419384071619235,0.8701785915024566,0.4224,0.8291282651852566,0.2039,0.2658985286244327,0.7883398233641322,0.2039,0.8747318615866446,0.2039,1.0,0.27201010286064425,0.8017741819000361,0.877430901982351,0.3372,0.8272871189269081,0.2039,0.798765249174501,0.26629970384024054,0.8303558853810445,0.8901974488831137,0.300055135172567,0.28713528914688585,0.2932949978272971,0.2969519432484214,0.16698627361178808,0.28845064155908123,0.2900191656909901,0.16060160316533947,0.3015784767720441,0.2890734560449431,0.29303390560630327,0.29473673452562116,0.16641427086483696,0.15843170691678043,0.1633087329066545,0.301709894482669,0.16468717005547825,0.2911651685406275,0.2961808646895106,0.15912628128728537,0.3029013293435645,0.2916482246420257,0.30302029511793477,0.15943306566357648,0.2937139594325189,0.16227593433559417,0.2880523967344225,0.835750821835527,0.8924264742655879,1.0,0.9694832237527812,0.3372,0.2462,0.3682,0.3682,0.4224,0.4224,0.7737879801164247,0.8832075456121481,1.0,0.9066345235222291,0.2462,0.3372,0.3682,0.2039,0.4722,0.4224,0.7802852237695662,0.7948048928949376,1.0,0.951090633894834,0.2462,0.3372,0.3682,0.3682,0.4722,0.4722,0.9381567556714113,0.9222185873124065,1.0,0.8891374986474659,0.3372,0.2462,0.3682,0.2039,0.7768479289367934,0.9414437078775315,1.0,0.9608351076736027,0.3372,0.3372,0.2039,0.3682,0.930907771915892,0.7614204374842589,1.0,0.9417465226253189,0.2462,0.2462,0.2039,0.3682,0.8754435781842846,0.8329437480802251,1.0,0.9110832457917772,0.3372,0.3682,0.2039,0.4722,0.4224,0.8074008652265023,0.8402003291864759,1.0,0.9475851589553401,0.2462,0.3372,0.2039,0.2039,0.4722,0.4722,0.967791997617453,0.8347370660230231,1.0,1.0,0.3372,0.2462,0.3682,0.3682,0.4722,0.4722,0.7704151807223052,0.7732335781466383,1.0,0.987125530343842,0.2462,0.3372,0.2039,0.2039,0.4722,0.4224,0.8781001137853963,0.8953106565983321,1.0,1.0,0.2462,0.3372,0.3682,0.3682,0.4722,0.4722,0.8632292407903669,0.8066949356331325,1.0,0.9128133569802148,0.2039,0.4722,0.4722,0.8414659919094213,0.9307722869825594,1.0,0.9286450970690333,0.3372,0.2462,0.2039,0.2039,0.4224,0.4224,0.7764778888644053,0.9151408898825237,1.0,0.9863568650367955,0.3372,0.3372,0.2039,0.2039,0.8881549926958616,0.7836470297904695,1.0,0.9960438878835781,0.2462,0.3372,0.3682,0.2039,0.8213412585997606,0.8945456937204016,1.0,0.900985271259066,0.2462,0.2462,0.3682,0.2039,0.9210779581631735,0.8776197606172663,1.0,0.8720422819077605,0.2462,0.2462,0.2039,0.3682,0.8647857616862644,0.80533999399546,1.0,0.8926593794673359,0.2462,0.3372,0.2039,0.2039,0.8869116715070116,0.851863381120024,1.0,0.8733679294829584,0.3372,0.3372,0.2039,0.3682,0.9035324899239773,0.8997543111239371,1.0,1.0,0.2462,0.3372,0.2039,0.2039,0.8249603437542051,0.9053199650177735,1.0,0.8952771223237924,0.3372,0.2462,0.3682,0.2039,0.4224,0.4722,0.8291609287133483,0.912360954216075,1.0,1.0,0.3372,0.3372,0.2039,0.3682,0.7704569453213368,0.8213643036270986,1.0,1.0,0.3372,0.3372,0.3682,0.3682,0.4722,0.4722,0.8829217476199299,0.8065459674954238,1.0,1.0,0.3372,0.3372,0.3682,0.2039,0.8744647690714368,0.8131802303642072,1.0,0.9650845157726675,0.3372,0.2462,0.3682,0.2039,0.8460227830082214,0.8487424522471074,1.0,0.993535980636995,0.3372,0.2462,0.2039,0.2039,0.8387035238324143,0.8163929980507619,1.0,1.0,0.2462,0.2462,0.3682,0.2039
,14,1.0,0.7658873720613719,0.9549433243227444,0.7711647304042734,0.7682405781580848,0.7938561076999593,0.8094247482683425,0.1757,1.0,0.7411242050111455,0.2634958051327636,0.9146282419138281,0.9410166266296365,0.9239571730505673,0.8401043440968172,1.0,0.255,0.6893974077014166,0.3408,1.0,0.7784107810308938,0.3160621273281603,0.8864144826307074,0.905695914587403,0.8115301213815149,0.9166987629263721,0.8583478811245168,0.7234190925145731,1.0,0.4421,0.255,0.7681586397721959,0.1757,0.7197041498689674,0.2693541680435854,0.8474316846801393,0.885521643777891,0.9262273405979294,0.8769271223521357,0.3408,0.25908889607943647,0.9108130270583085,0.7687757237448639,1.0,0.2988583550209793,0.355,0.1757,0.7913324042649623,0.2713298985097466,0.7917082934380408,0.7835247350013207,0.8886352392192238,1.0,0.6945112468382918,0.3408,1.0,0.7393313157905621,0.31446119711394305,0.874353601839364,0.8731268224676738,0.8334567401113845,0.852877443883533,0.8877590197240135,0.776921566174377,0.9036719091693527,0.255,0.7997210743978413,0.1757,1.0,0.7691140199915287,0.2869134812639005,0.7614090842779958,0.8935903219450058,0.9362905722003179,0.8138462418573972,0.7681733344403453,0.7779072062494585,0.9114572079680548,0.255,0.7748314836539785,0.3408,1.0,0.8617003492943208,0.29129826864080316,0.9077442090524723,0.9452339275184224,0.9258775935715203,0.9270915099938543,0.930377311145525,0.255,0.7672498392572829,0.3408,1.0,0.7474495390822349,0.2751243349605923,0.9248821942059413,0.9457991826698542,0.8693330500928049,0.8259568534701511,0.7326658528414173,1.0,0.355,0.7337765848491762,0.3408,1.0,0.7902912504704066,0.8918789565743848,0.8198449940174126,0.954337653443443,0.8210419774616223,0.4578,0.8044614266002279,0.3408,1.0,0.8920421413535699,0.7705399006191664,0.7989135571365266,0.8315332263088827,0.8807871143334085,1.0,0.355,0.7904724333776112,0.1757,1.0,0.8062559959461684,0.3105314778719032,0.7557271998736693,0.8686428734641896,0.8150823159875357,0.8705315523042916,0.7172547157902458,0.355,0.7295542810831523,0.3408,0.7964374961684859,0.8185114297415411,0.3408,1.0,0.7518145182983628,0.32748376066041157,0.7897351846364509,0.8068974016576403,0.8348072118172312,0.3408,0.8167645286456774,0.2925835828524786,0.7280271559700948,0.9103748434210837,0.8285021536285768,0.7849896158003021,1.0,0.255,0.8135299519556979,0.1757,0.255,0.3408,0.882572151605152,0.9241350278422933,0.3408,1.0,0.7321100430533749,0.2950157285306293,0.770466853883057,0.9301628386018078,0.8564723226245105,0.8004878563095218,0.783130819966093,0.8303054500075473,0.9856412012390634,0.355,0.8699674734226508,0.3408,1.0,0.7896639896722056,0.30885572647110116,0.8507129842885017,0.8235164239810623,0.9162113084625906,0.8790996643660585,0.7719535645535998,0.7876712872838185,0.9250488418738068,0.255,0.6868417991471543,0.3408,0.8067056906767383,0.30815645887101667,0.7554691654950977,0.7713226059122351,0.748920854923159,0.1757,1.0,0.7317708528268706,0.28342552033647533,0.8667563851341009,0.7642061840906295,0.9152267007793708,0.9383673733325526,0.7663181492076846,0.7419384071619235,0.8701785915024566,0.4421,0.8291282651852566,0.1757,0.2658985286244327,0.7883398233641322,0.1757,0.8747318615866446,0.1757,1.0,0.27201010286064425,0.8017741819000361,0.877430901982351,0.355,0.8272871189269081,0.1757,0.798765249174501,0.26629970384024054,0.8303558853810445,0.8901974488831137,0.2777262087637447,0.26576780701047986,0.27146913432792735,0.27485394421255294,0.14389155602545933,0.2669852760546846,0.26843707677210593,0.1383899052287893,0.27913618925560185,0.26756174312905107,0.2712274715660732,0.2728035826353386,0.143398663025757,0.13652011233584266,0.14072263056252668,0.2792578273755936,0.1419104255946421,0.26949779858404627,0.2741402462959946,0.13711862492484567,0.28036060032668864,0.269944907544819,0.2804707131346881,0.13738298007400876,0.2718569184535644,0.13983267122493326,0.2666166670480477,0.835750821835527,0.8924264742655879,1.0,0.9694832237527812,0.355,0.255,0.3408,0.3408,0.4421,0.4421,0.7737879801164247,0.8832075456121481,1.0,0.9066345235222291,0.255,0.355,0.3408,0.1757,0.4578,0.4421,0.7802852237695662,0.7948048928949376,1.0,0.951090633894834,0.255,0.355,0.3408,0.3408,0.4578,0.4578,0.9381567556714113,0.9222185873124065,1.0,0.8891374986474659,0.355,0.255,0.3408,0.1757,0.7768479289367934,0.9414437078775315,1.0,0.9608351076736027,0.355,0.355,0.1757,0.3408,0.930907771915892,0.7614204374842589,1.0,0.9417465226253189,0.255,0.255,0.1757,0.3408,0.8754435781842846,0.8329437480802251,1.0,0.9110832457917772,0.355,0.3408,0.1757,0.4578,0.4421,0.8074008652265023,0.8402003291864759,1.0,0.9475851589553401,0.255,0.355,0.1757,0.1757,0.4578,0.4578,0.967791997617453,0.8347370660230231,1.0,1.0,0.355,0.255,0.3408,0.3408,0.4578,0.4578,0.7704151807223052,0.7732335781466383,1.0,0.987125530343842,0.255,0.355,0.1757,0.1757,0.4578,0.4421,0.8781001137853963,0.8953106565983321,1.0,1.0,0.255,0.355,0.3408,0.3408,0.4578,0.4578,0.8632292407903669,0.8066949356331325,1.0,0.9128133569802148,0.1757,0.4578,0.4578,0.8414659919094213,0.9307722869825594,1.0,0.9286450970690333,0.355,0.255,0.1757,0.1757,0.4421,0.4421,0.7764778888644053,0.9151408898825237,1.0,0.9863568650367955,0.355,0.355,0.1757,0.1757,0.8881549926958616,0.7836470297904695,1.0,0.9960438878835781,0.255,0.355,0.3408,0.1757,0.8213412585997606,0.8945456937204016,1.0,0.900985271259066,0.255,0.255,0.3408,0.1757,0.9210779581631735,0.8776197606172663,1.0,0.8720422819077605,0.255,0.255,0.1757,0.3408,0.8647857616862644,0.80533999399546,1.0,0.8926593794673359,0.255,0.355,0.1757,0.1757,0.8869116715070116,0.851863381120024,1.0,0.8733679294829584,0.355,0.355,0.1757,0.3408,0.9035324899239773,0.8997543111239371,1.0,1.0,0.255,0.355,0.1757,0.1757,0.8249603437542051,0.9053199650177735,1.0,0.8952771223237924,0.355,0.255,0.3408,0.1757,0.4421,0.4578,0.8291609287133483,0.912360954216075,1.0,1.0,0.355,0.355,0.1757,0.3408,0.7704569453213368,0.8213643036270986,1.0,1.0,0.355,0.355,0.3408,0.3408,0.4578,0.4578,0.8829217476199299,0.8065459674954238,1.0,1.0,0.355,0.355,0.3408,0.1757,0.8744647690714368,0.8131802303642072,1.0,0.9650845157726675,0.355,0.255,0.3408,0.1757,0.8460227830082214,0.8487424522471074,1.0,0.993535980636995,0.355,0.255,0.1757,0.1757,0.8387035238324143,0.8163929980507619,1.0,1.0,0.255,0.255,0.3408,0.1757
,15,1.0,0.7658873720613719,0.9549433243227444,0.7711647304042734,0.7682405781580848,0.7938561076999593,0.8094247482683425,0.1478,1.0,0.7411242050111455,0.2634958051327636,0.9146282419138281,0.9410166266296365,0.9239571730505673,0.8401043440968172,1.0,0.2603,0.6893974077014166,0.2942,1.0,0.7784107810308938,0.3160621273281603,0.8864144826307074,0.905695914587403,0.8115301213815149,0.9166987629263721,0.8583478811245168,0.7234190925145731,1.0,0.4634,0.2603,0.7681586397721959,0.1478,0.7197041498689674,0.2693541680435854,0.8474316846801393,0.885521643777891,0.9262273405979294,0.8769271223521357,0.2942,0.25908889607943647,0.9108130270583085,0.7687757237448639,1.0,0.2988583550209793,0.3582,0.1478,0.7913324042649623,0.2713298985097466,0.7917082934380408,0.7835247350013207,0.8886352392192238,1.0,0.6945112468382918,0.2942,1.0,0.7393313157905621,0.31446119711394305,0.874353601839364,0.8731268224676738,0.8334567401113845,0.852877443883533,0.8877590197240135,0.776921566174377,0.9036719091693527,0.2603,0.7997210743978413,0.1478,1.0,0.7691140199915287,0.2869134812639005,0.7614090842779958,0.8935903219450058,0.9362905722003179,0.8138462418573972,0.7681733344403453,0.7779072062494585,0.9114572079680548,0.2603,0.7748314836539785,0.2942,1.0,0.8617003492943208,0.29129826864080316,0.9077442090524723,0.9452339275184224,0.9258775935715203,0.9270915099938543,0.930377311145525,0.2603,0.7672498392572829,0.2942,1.0,0.7474495390822349,0.2751243349605923,0.9248821942059413,0.9457991826698542,0.8693330500928049,0.8259568534701511,0.7326658528414173,1.0,0.3582,0.7337765848491762,0.2942,1.0,0.7902912504704066,0.8918789565743848,0.8198449940174126,0.954337653443443,0.8210419774616223,0.4558,0.8044614266002279,0.2942,1.0,0.8920421413535699,0.7705399006191664,0.7989135571365266,0.8315332263088827,0.8807871143334085,1.0,0.3582,0.7904724333776112,0.1478,1.0,0.8062559959461684,0.3105314778719032,0.7557271998736693,0.8686428734641896,0.8150823159875357,0.8705315523042916,0.7172547157902458,0.3582,0.7295542810831523,0.2942,0.7964374961684859,0.8185114297415411,0.2942,1.0,0.7518145182983628,0.32748376066041157,0.7897351846364509,0.8068974016576403,0.8348072118172312,0.2942,0.8167645286456774,0.2925835828524786,0.7280271559700948,0.9103748434210837,0.8285021536285768,0.7849896158003021,1.0,0.2603,0.8135299519556979,0.1478,0.2603,0.2942,0.882572151605152,0.9241350278422933,0.2942,1.0,0.7321100430533749,0.2950157285306293,0.770466853883057,0.9301628386018078,0.8564723226245105,0.8004878563095218,0.783130819966093,0.8303054500075473,0.9856412012390634,0.3582,0.8699674734226508,0.2942,1.0,0.7896639896722056,0.30885572647110116,0.8507129842885017,0.8235164239810623,0.9162113084625906,0.8790996643660585,0.7719535645535998,0.7876712872838185,0.9250488418738068,0.2603,0.6868417991471543,0.2942,0.8067056906767383,0.30815645887101667,0.7554691654950977,0.7713226059122351,0.748920854923159,0.1478,1.0,0.7317708528268706,0.28342552033647533,0.8667563851341009,0.7642061840906295,0.9152267007793708,0.9383673733325526,0.7663181492076846,0.7419384071619235,0.8701785915024566,0.4634,0.8291282651852566,0.1478,0.2658985286244327,0.7883398233641322,0.1478,0.8747318615866446,0.1478,1.0,0.27201010286064425,0.8017741819000361,0.877430901982351,0.3582,0.8272871189269081,0.1478,0.798765249174501,0.26629970384024054,0.8303558853810445,0.8901974488831137,0.2397507353823172,0.2294274906763004,0.23434923509177297,0.23727121592527314,0.12104252692409159,0.2304784865472072,0.23173177226042715,0.11641450195113864,0.24096791924588634,0.23097612919180407,0.23414061659254323,0.23550121482193845,0.12062790207858215,0.11484161982491489,0.1183768059029109,0.24107292492341448,0.11937598692594253,0.2326474540593498,0.2366551069843944,0.11534509256626177,0.2420249079111262,0.2330334266422704,0.24211996421427595,0.11556746986305348,0.23468399474483173,0.1176281662324709,0.23016028006319145,0.835750821835527,0.8924264742655879,1.0,0.9694832237527812,0.3582,0.2603,0.2942,0.2942,0.4634,0.4634,0.7737879801164247,0.8832075456121481,1.0,0.9066345235222291,0.2603,0.3582,0.2942,0.1478,0.4558,0.4634,0.7802852237695662,0.7948048928949376,1.0,0.951090633894834,0.2603,0.3582,0.2942,0.2942,0.4558,0.4558,0.9381567556714113,0.9222185873124065,1.0,0.8891374986474659,0.3582,0.2603,0.2942,0.1478,0.7768479289367934,0.9414437078775315,1.0,0.9608351076736027,0.3582,0.3582,0.1478,0.2942,0.930907771915892,0.7614204374842589,1.0,0.9417465226253189,0.2603,0.2603,0.1478,0.2942,0.8754435781842846,0.8329437480802251,1.0,0.9110832457917772,0.3582,0.2942,0.1478,0.4558,0.4634,0.8074008652265023,0.8402003291864759,1.0,0.9475851589553401,0.2603,0.3582,0.1478,0.1478,0.4558,0.4558,0.967791997617453,0.8347370660230231,1.0,1.0,0.3582,0.2603,0.2942,0.2942,0.4558,0.4558,0.7704151807223052,0.7732335781466383,1.0,0.987125530343842,0.2603,0.3582,0.1478,0.1478,0.4558,0.4634,0.8781001137853963,0.8953106565983321,1.0,1.0,0.2603,0.3582,0.2942,0.2942,0.4558,0.4558,0.8632292407903669,0.8066949356331325,1.0,0.9128133569802148,0.1478,0.4558,0.4558,0.8414659919094213,0.9307722869825594,1.0,0.9286450970690333,0.3582,0.2603,0.1478,0.1478,0.4634,0.4634,0.7764778888644053,0.9151408898825237,1.0,0.9863568650367955,0.3582,0.3582,0.1478,0.1478,0.8881549926958616,0.7836470297904695,1.0,0.9960438878835781,0.2603,0.3582,0.2942,0.1478,0.8213412585997606,0.8945456937204016,1.0,0.900985271259066,0.2603,0.2603,0.2942,0.1478,0.9210779581631735,0.8776197606172663,1.0,0.8720422819077605,0.2603,0.2603,0.1478,0.2942,0.8647857616862644,0.80533999399546,1.0,0.8926593794673359,0.2603,0.3582,0.1478,0.1478,0.8869116715070116,0.851863381120024,1.0,0.8733679294829584,0.3582,0.3582,0.1478,0.2942,0.9035324899239773,0.8997543111239371,1.0,1.0,0.2603,0.3582,0.1478,0.1478,0.8249603437542051,0.9053199650177735,1.0,0.8952771223237924,0.3582,0.2603,0.2942,0.1478,0.4634,0.4558,0.8291609287133483,0.912360954216075,1.0,1.0,0.3582,0.3582,0.1478,0.2942,0.7704569453213368,0.8213643036270986,1.0,1.0,0.3582,0.3582,0.2942,0.2942,0.4558,0.4558,0.8829217476199299,0.8065459674954238,1.0,1.0,0.3582,0.3582,0.2942,0.1478,0.8744647690714368,0.8131802303642072,1.0,0.9650845157726675,0.3582,0.2603,0.2942,0.1478,0.8460227830082214,0.8487424522471074,1.0,0.993535980636995,0.3582,0.2603,0.1478,0.1478,0.8387035238324143,0.8163929980507619,1.0,1.0,0.2603,0.2603,0.2942,0.1478
,16,1.0,0.7658873720613719,0.9549433243227444,0.7711647304042734,0.7682405781580848,0.7938561076999593,0.8094247482683425,0.1197,1.0,0.7411242050111455,0.2634958051327636,0.9146282419138281,0.9410166266296365,0.9239571730505673,0.8401043440968172,1.0,0.2551,0.6893974077014166,0.215,1.0,0.7784107810308938,0.3160621273281603,0.8864144826307074,0.905695914587403,0.8115301213815149,0.9166987629263721,0.8583478811245168,0.7234190925145731,1.0,0.4946,0.2551,0.7681586397721959,0.1197,0.7197041498689674,0.2693541680435854,0.8474316846801393,0.885521643777891,0.9262273405979294,0.8769271223521357,0.215,0.25908889607943647,0.9108130270583085,0.7687757237448639,1.0,0.2988583550209793,0.3506,0.1197,0.7913324042649623,0.2713298985097466,0.7917082934380408,0.7835247350013207,0.8886352392192238,1.0,0.6945112468382918,0.215,1.0,0.7393313157905621,0.31446119711394305,0.874353601839364,0.8731268224676738,0.8334567401113845,0.852877443883533,0.8877590197240135,0.776921566174377,0.9036719091693527,0.2551,0.7997210743978413,0.1197,1.0,0.7691140199915287,0.2869134812639005,0.7614090842779958,0.8935903219450058,0.9362905722003179,0.8138462418573972,0.7681733344403453,0.7779072062494585,0.9114572079680548,0.2551,0.7748314836539785,0.215,1.0,0.8617003492943208,0.29129826864080316,0.9077442090524723,0.9452339275184224,0.9258775935715203,0.9270915099938543,0.930377311145525,0.2551,0.7672498392572829,0.215,1.0,0.7474495390822349,0.2751243349605923,0.9248821942059413,0.9457991826698542,0.8693330500928049,0.8259568534701511,0.7326658528414173,1.0,0.3506,0.7337765848491762,0.215,1.0,0.7902912504704066,0.8918789565743848,0.8198449940174126,0.954337653443443,0.8210419774616223,0.4622,0.8044614266002279,0.215,1.0,0.8920421413535699,0.7705399006191664,0.7989135571365266,0.8315332263088827,0.8807871143334085,1.0,0.3506,0.7904724333776112,0.1197,1.0,0.8062559959461684,0.3105314778719032,0.7557271998736693,0.8686428734641896,0.8150823159875357,0.8705315523042916,0.7172547157902458,0.3506,0.7295542810831523,0.215,0.7964374961684859,0.8185114297415411,0.215,1.0,0.7518145182983628,0.32748376066041157,0.7897351846364509,0.8068974016576403,0.8348072118172312,0.215,0.8167645286456774,0.2925835828524786,0.7280271559700948,0.9103748434210837,0.8285021536285768,0.7849896158003021,1.0,0.2551,0.8135299519556979,0.1197,0.2551,0.215,0.882572151605152,0.9241350278422933,0.215,1.0,0.7321100430533749,0.2950157285306293,0.770466853883057,0.9301628386018078,0.8564723226245105,0.8004878563095218,0.783130819966093,0.8303054500075473,0.9856412012390634,0.3506,0.8699674734226508,0.215,1.0,0.7896639896722056,0.30885572647110116,0.8507129842885017,0.8235164239810623,0.9162113084625906,0.8790996643660585,0.7719535645535998,0.7876712872838185,0.9250488418738068,0.2551,0.6868417991471543,0.215,0.8067056906767383,0.30815645887101667,0.7554691654950977,0.7713226059122351,0.748920854923159,0.1197,1.0,0.7317708528268706,0.28342552033647533,0.8667563851341009,0.7642061840906295,0.9152267007793708,0.9383673733325526,0.7663181492076846,0.7419384071619235,0.8701785915024566,0.4946,0.8291282651852566,0.1197,0.2658985286244327,0.7883398233641322,0.1197,0.8747318615866446,0.1197,1.0,0.27201010286064425,0.8017741819000361,0.877430901982351,0.3506,0.8272871189269081,0.1197,0.798765249174501,0.26629970384024054,0.8303558853810445,0.8901974488831137,0.1752087291203202,0.16766454961048466,0.17126133767753635,0.17339670776320099,0.09802970549941654,0.16843261253449882,0.16934850794014902,0.09428156890088835,0.17609824146113381,0.16879628747871472,0.17110888024268117,0.17210319913907807,0.09769390987013725,0.09300772593398048,0.09587079612028712,0.17617497912486102,0.09668001106248526,0.17001768396587427,0.17294645819729706,0.09341547753844069,0.17687068389154362,0.170299750945235,0.17694015059846815,0.09359557606635659,0.17150597848449634,0.09526448916120953,0.168200068706955,0.835750821835527,0.8924264742655879,1.0,0.9694832237527812,0.3506,0.2551,0.215,0.215,0.4946,0.4946,0.7737879801164247,0.8832075456121481,1.0,0.9066345235222291,0.2551,0.3506,0.215,0.1197,0.4622,0.4946,0.7802852237695662,0.7948048928949376,1.0,0.951090633894834,0.2551,0.3506,0.215,0.215,0.4622,0.4622,0.9381567556714113,0.9222185873124065,1.0,0.8891374986474659,0.3506,0.2551,0.215,0.1197,0.7768479289367934,0.9414437078775315,1.0,0.9608351076736027,0.3506,0.3506,0.1197,0.215,0.930907771915892,0.7614204374842589,1.0,0.9417465226253189,0.2551,0.2551,0.1197,0.215,0.8754435781842846,0.8329437480802251,1.0,0.9110832457917772,0.3506,0.215,0.1197,0.4622,0.4946,0.8074008652265023,0.8402003291864759,1.0,0.9475851589553401,0.2551,0.3506,0.1197,0.1197,0.4622,0.4622,0.967791997617453,0.8347370660230231,1.0,1.0,0.3506,0.2551,0.215,0.215,0.4622,0.4622,0.7704151807223052,0.7732335781466383,1.0,0.987125530343842,0.2551,0.3506,0.1197,0.1197,0.4622,0.4946,0.8781001137853963,0.8953106565983321,1.0,1.0,0.2551,0.3506,0.215,0.215,0.4622,0.4622,0.8632292407903669,0.8066949356331325,1.0,0.9128133569802148,0.1197,0.4622,0.4622,0.8414659919094213,0.9307722869825594,1.0,0.9286450970690333,0.3506,0.2551,0.1197,0.1197,0.4946,0.4946,0.7764778888644053,0.9151408898825237,1.0,0.9863568650367955,0.3506,0.3506,0.1197,0.1197,0.8881549926958616,0.7836470297904695,1.0,0.9960438878835781,0.2551,0.3506,0.215,0.1197,0.8213412585997606,0.8945456937204016,1.0,0.900985271259066,0.2551,0.2551,0.215,0.1197,0.9210779581631735,0.8776197606172663,1.0,0.8720422819077605,0.2551,0.2551,0.1197,0.215,0.8647857616862644,0.80533999399546,1.0,0.8926593794673359,0.2551,0.3506,0.1197,0.1197,0.8869116715070116,0.851863381120024,1.0,0.8733679294829584,0.3506,0.3506,0.1197,0.215,0.9035324899239773,0.8997543111239371,1.0,1.0,0.2551,0.3506,0.1197,0.1197,0.8249603437542051,0.9053199650177735,1.0,0.8952771223237924,0.3506,0.2551,0.215,0.1197,0.4946,0.4622,0.8291609287133483,0.912360954216075,1.0,1.0,0.3506,0.3506,0.1197,0.215,0.7704569453213368,0.8213643036270986,1.0,1.0,0.3506,0.3506,0.215,0.215,0.4622,0.4622,0.8829217476199299,0.8065459674954238,1.0,1.0,0.3506,0.3506,0.215,0.1197,0.8744647690714368,0.8131802303642072,1.0,0.9650845157726675,0.3506,0.2551,0.215,0.1197,0.8460227830082214,0.8487424522471074,1.0,0.993535980636995,0.3506,0.2551,0.1197,0.1197,0.8387035238324143,0.8163929980507619,1.0,1.0,0.2551,0.2551,0.215,0.1197
,17,1.0,0.7658873720613719,0.9549433243227444,0.7711647304042734,0.7682405781580848,0.7938561076999593,0.8094247482683425,0.03604,1.0,0.7411242050111455,0.2634958051327636,0.9146282419138281,0.9410166266296365,0.9239571730505673,0.8401043440968172,1.0,0.2512,0.6893974077014166,0.0674,1.0,0.7784107810308938,0.3160621273281603,0.8864144826307074,0.905695914587403,0.8115301213815149,0.9166987629263721,0.8583478811245168,0.7234190925145731,1.0,0.5273,0.2512,0.7681586397721959,0.03604,0.7197041498689674,0.2693541680435854,0.8474316846801393,0.885521643777891,0.9262273405979294,0.8769271223521357,0.0674,0.25908889607943647,0.9108130270583085,0.7687757237448639,1.0,0.2988583550209793,0.4268,0.03604,0.7913324042649623,0.2713298985097466,0.7917082934380408,0.7835247350013207,0.8886352392192238,1.0,0.6945112468382918,0.0674,1.0,0.7393313157905621,0.31446119711394305,0.874353601839364,0.8731268224676738,0.8334567401113845,0.852877443883533,0.8877590197240135,0.776921566174377,0.9036719091693527,0.2512,0.7997210743978413,0.03604,1.0,0.7691140199915287,0.2869134812639005,0.7614090842779958,0.8935903219450058,0.9362905722003179,0.8138462418573972,0.7681733344403453,0.7779072062494585,0.9114572079680548,0.2512,0.7748314836539785,0.0674,1.0,0.8617003492943208,0.29129826864080316,0.9077442090524723,0.9452339275184224,0.9258775935715203,0.9270915099938543,0.930377311145525,0.2512,0.7672498392572829,0.0674,1.0,0.7474495390822349,0.2751243349605923,0.9248821942059413,0.9457991826698542,0.8693330500928049,0.8259568534701511,0.7326658528414173,1.0,0.4268,0.7337765848491762,0.0674,1.0,0.7902912504704066,0.8918789565743848,0.8198449940174126,0.954337653443443,0.8210419774616223,0.489,0.8044614266002279,0.0674,1.0,0.8920421413535699,0.7705399006191664,0.7989135571365266,0.8315332263088827,0.8807871143334085,1.0,0.4268,0.7904724333776112,0.03604,1.0,0.8062559959461684,0.3105314778719032,0.7557271998736693,0.8686428734641896,0.8150823159875357,0.8705315523042916,0.7172547157902458,0.4268,0.7295542810831523,0.0674,0.7964374961684859,0.8185114297415411,0.0674,1.0,0.7518145182983628,0.32748376066041157,0.7897351846364509,0.8068974016576403,0.8348072118172312,0.0674,0.8167645286456774,0.2925835828524786,0.7280271559700948,0.9103748434210837,0.8285021536285768,0.7849896158003021,1.0,0.2512,0.8135299519556979,0.03604,0.2512,0.0674,0.882572151605152,0.9241350278422933,0.0674,1.0,0.7321100430533749,0.2950157285306293,0.770466853883057,0.9301628386018078,0.8564723226245105,0.8004878563095218,0.783130819966093,0.8303054500075473,0.9856412012390634,0.4268,0.8699674734226508,0.0674,1.0,0.7896639896722056,0.30885572647110116,0.8507129842885017,0.8235164239810623,0.9162113084625906,0.8790996643660585,0.7719535645535998,0.7876712872838185,0.9250488418738068,0.2512,0.6868417991471543,0.0674,0.8067056906767383,0.30815645887101667,0.7554691654950977,0.7713226059122351,0.748920854923159,0.03604,1.0,0.7317708528268706,0.28342552033647533,0.8667563851341009,0.7642061840906295,0.9152267007793708,0.9383673733325526,0.7663181492076846,0.7419384071619235,0.8701785915024566,0.5273,0.8291282651852566,0.03604,0.2658985286244327,0.7883398233641322,0.03604,0.8747318615866446,0.03604,1.0,0.27201010286064425,0.8017741819000361,0.877430901982351,0.4268,0.8272871189269081,0.03604,0.798765249174501,0.26629970384024054,0.8303558853810445,0.8901974488831137,0.05492589926841666,0.05256088671510077,0.05368843795100441,0.05435785164297556,0.029515376659974706,0.05280166551081497,0.05308878807053974,0.028386865022456274,0.05520475104409497,0.05291567337704824,0.053640644317938184,0.05395235173011098,0.02941427328086672,0.02800332867719847,0.028865359166041337,0.05522880740937503,0.02910900249533809,0.053298566973488025,0.05421670363952475,0.028126096996536364,0.05544690276413972,0.053386991691669015,0.055468679769008156,0.028180322150639026,0.053765129999325825,0.028682808599582214,0.05272876572487798,0.835750821835527,0.8924264742655879,1.0,0.9694832237527812,0.4268,0.2512,0.0674,0.0674,0.5273,0.5273,0.7737879801164247,0.8832075456121481,1.0,0.9066345235222291,0.2512,0.4268,0.0674,0.03604,0.489,0.5273,0.7802852237695662,0.7948048928949376,1.0,0.951090633894834,0.2512,0.4268,0.0674,0.0674,0.489,0.489,0.9381567556714113,0.9222185873124065,1.0,0.8891374986474659,0.4268,0.2512,0.0674,0.03604,0.7768479289367934,0.9414437078775315,1.0,0.9608351076736027,0.4268,0.4268,0.03604,0.0674,0.930907771915892,0.7614204374842589,1.0,0.9417465226253189,0.2512,0.2512,0.03604,0.0674,0.8754435781842846,0.8329437480802251,1.0,0.9110832457917772,0.4268,0.0674,0.03604,0.489,0.5273,0.8074008652265023,0.8402003291864759,1.0,0.9475851589553401,0.2512,0.4268,0.03604,0.03604,0.489,0.489,0.967791997617453,0.8347370660230231,1.0,1.0,0.4268,0.2512,0.0674,0.0674,0.489,0.489,0.7704151807223052,0.7732335781466383,1.0,0.987125530343842,0.2512,0.4268,0.03604,0.03604,0.489,0.5273,0.8781001137853963,0.8953106565983321,1.0,1.0,0.2512,0.4268,0.0674,0.0674,0.489,0.489,0.8632292407903669,0.8066949356331325,1.0,0.9128133569802148,0.03604,0.489,0.489,0.8414659919094213,0.9307722869825594,1.0,0.9286450970690333,0.4268,0.2512,0.03604,0.03604,0.5273,0.5273,0.7764778888644053,0.9151408898825237,1.0,0.9863568650367955,0.4268,0.4268,0.03604,0.03604,0.8881549926958616,0.7836470297904695,1.0,0.9960438878835781,0.2512,0.4268,0.0674,0.03604,0.8213412585997606,0.8945456937204016,1.0,0.900985271259066,0.2512,0.2512,0.0674,0.03604,0.9210779581631735,0.8776197606172663,1.0,0.8720422819077605,0.2512,0.2512,0.03604,0.0674,0.8647857616862644,0.80533999399546,1.0,0.8926593794673359,0.2512,0.4268,0.03604,0.03604,0.8869116715070116,0.851863381120024,1.0,0.8733679294829584,0.4268,0.4268,0.03604,0.0674,0.9035324899239773,0.8997543111239371,1.0,1.0,0.2512,0.4268,0.03604,0.03604,0.8249603437542051,0.9053199650177735,1.0,0.8952771223237924,0.4268,0.2512,0.0674,0.03604,0.5273,0.489,0.8291609287133483,0.912360954216075,1.0,1.0,0.4268,0.4268,0.03604,0.0674,0.7704569453213368,0.8213643036270986,1.0,1.0,0.4268,0.4268,0.0674,0.0674,0.489,0.489,0.8829217476199299,0.8065459674954238,1.0,1.0,0.4268,0.4268,0.0674,0.03604,0.8744647690714368,0.8131802303642072,1.0,0.9650845157726675,0.4268,0.2512,0.0674,0.03604,0.8460227830082214,0.8487424522471074,1.0,0.993535980636995,0.4268,0.2512,0.03604,0.03604,0.8387035238324143,0.8163929980507619,1.0,1.0,0.2512,0.2512,0.0674,0.03604
,18,1.0,0.7658873720613719,0.9549433243227444,0.7711647304042734,0.7682405781580848,0.7938561076999593,0.8094247482683425,0.0,1.0,0.7411242050111455,0.2634958051327636,0.9146282419138281,0.9410166266296365,0.9239571730505673,0.8401043440968172,1.0,0.304,0.6893974077014166,7.546e-05,1.0,0.7784107810308938,0.3160621273281603,0.8864144826307074,0.905695914587403,0.8115301213815149,0.9166987629263721,0.8583478811245168,0.7234190925145731,1.0,0.556,0.304,0.7681586397721959,0.0,0.7197041498689674,0.2693541680435854,0.8474316846801393,0.885521643777891,0.9262273405979294,0.8769271223521357,7.546e-05,0.25908889607943647,0.9108130270583085,0.7687757237448639,1.0,0.2988583550209793,0.5044,0.0,0.7913324042649623,0.2713298985097466,0.7917082934380408,0.7835247350013207,0.8886352392192238,1.0,0.6945112468382918,7.546e-05,1.0,0.7393313157905621,0.31446119711394305,0.874353601839364,0.8731268224676738,0.8334567401113845,0.852877443883533,0.8877590197240135,0.776921566174377,0.9036719091693527,0.304,0.7997210743978413,0.0,1.0,0.7691140199915287,0.2869134812639005,0.7614090842779958,0.8935903219450058,0.9362905722003179,0.8138462418573972,0.7681733344403453,0.7779072062494585,0.9114572079680548,0.304,0.7748314836539785,7.546e-05,1.0,0.8617003492943208,0.29129826864080316,0.9077442090524723,0.9452339275184224,0.9258775935715203,0.9270915099938543,0.930377311145525,0.304,0.7672498392572829,7.546e-05,1.0,0.7474495390822349,0.2751243349605923,0.9248821942059413,0.9457991826698542,0.8693330500928049,0.8259568534701511,0.7326658528414173,1.0,0.5044,0.7337765848491762,7.546e-05,1.0,0.7902912504704066,0.8918789565743848,0.8198449940174126,0.954337653443443,0.8210419774616223,0.5005,0.8044614266002279,7.546e-05,1.0,0.8920421413535699,0.7705399006191664,0.7989135571365266,0.8315332263088827,0.8807871143334085,1.0,0.5044,0.7904724333776112,0.0,1.0,0.8062559959461684,0.3105314778719032,0.7557271998736693,0.8686428734641896,0.8150823159875357,0.8705315523042916,0.7172547157902458,0.5044,0.7295542810831523,7.546e-05,0.7964374961684859,0.8185114297415411,7.546e-05,1.0,0.7518145182983628,0.32748376066041157,0.7897351846364509,0.8068974016576403,0.8348072118172312,7.546e-05,0.8167645286456774,0.2925835828524786,0.7280271559700948,0.9103748434210837,0.8285021536285768,0.7849896158003021,1.0,0.304,0.8135299519556979,0.0,0.304,7.546e-05,0.882572151605152,0.9241350278422933,7.546e-05,1.0,0.7321100430533749,0.2950157285306293,0.770466853883057,0.9301628386018078,0.8564723226245105,0.8004878563095218,0.783130819966093,0.8303054500075473,0.9856412012390634,0.5044,0.8699674734226508,7.546e-05,1.0,0.7896639896722056,0.30885572647110116,0.8507129842885017,0.8235164239810623,0.9162113084625906,0.8790996643660585,0.7719535645535998,0.7876712872838185,0.9250488418738068,0.304,0.6868417991471543,7.546e-05,0.8067056906767383,0.30815645887101667,0.7554691654950977,0.7713226059122351,0.748920854923159,0.0,1.0,0.7317708528268706,0.28342552033647533,0.8667563851341009,0.7642061840906295,0.9152267007793708,0.9383673733325526,0.7663181492076846,0.7419384071619235,0.8701785915024566,0.556,0.8291282651852566,0.0,0.2658985286244327,0.7883398233641322,0.0,0.8747318615866446,0.0,1.0,0.27201010286064425,0.8017741819000361,0.877430901982351,0.5044,0.8272871189269081,0.0,0.798765249174501,0.26629970384024054,0.8303558853810445,0.8901974488831137,6.149418929962493e-05,5.8846357737707776e-05,6.010874670300879e-05,6.085821194330765e-05,0.0,5.9115929962108276e-05,5.943738794959834e-05,0.0,6.180638744491701e-05,5.924357140997123e-05,6.005523768889637e-05,6.040422049783642e-05,0.0,0.0,0.0,6.183332058028843e-05,0.0,5.967225317239475e-05,6.070018481659552e-05,0.0,6.207749677421341e-05,5.977125212245317e-05,6.21018779728391e-05,0.0,6.019460993693067e-05,0.0,5.903431248663639e-05,0.835750821835527,0.8924264742655879,1.0,0.9694832237527812,0.5044,0.304,7.546e-05,7.546e-05,0.556,0.556,0.7737879801164247,0.8832075456121481,1.0,0.9066345235222291,0.304,0.5044,7.546e-05,0.0,0.5005,0.556,0.7802852237695662,0.7948048928949376,1.0,0.951090633894834,0.304,0.5044,7.546e-05,7.546e-05,0.5005,0.5005,0.9381567556714113,0.9222185873124065,1.0,0.8891374986474659,0.5044,0.304,7.546e-05,0.0,0.7768479289367934,0.9414437078775315,1.0,0.9608351076736027,0.5044,0.5044,0.0,7.546e-05,0.930907771915892,0.7614204374842589,1.0,0.9417465226253189,0.304,0.304,0.0,7.546e-05,0.8754435781842846,0.8329437480802251,1.0,0.9110832457917772,0.5044,7.546e-05,0.0,0.5005,0.556,0.8074008652265023,0.8402003291864759,1.0,0.9475851589553401,0.304,0.5044,0.0,0.0,0.5005,0.5005,0.967791997617453,0.8347370660230231,1.0,1.0,0.5044,0.304,7.546e-05,7.546e-05,0.5005,0.5005,0.7704151807223052,0.7732335781466383,1.0,0.987125530343842,0.304,0.5044,0.0,0.0,0.5005,0.556,0.8781001137853963,0.8953106565983321,1.0,1.0,0.304,0.5044,7.546e-05,7.546e-05,0.5005,0.5005,0.8632292407903669,0.8066949356331325,1.0,0.9128133569802148,0.0,0.5005,0.5005,0.8414659919094213,0.9307722869825594,1.0,0.9286450970690333,0.5044,0.304,0.0,0.0,0.556,0.556,0.7764778888644053,0.9151408898825237,1.0,0.9863568650367955,0.5044,0.5044,0.0,0.0,0.8881549926958616,0.7836470297904695,1.0,0.9960438878835781,0.304,0.5044,7.546e-05,0.0,0.8213412585997606,0.8945456937204016,1.0,0.900985271259066,0.304,0.304,7.546e-05,0.0,0.9210779581631735,0.8776197606172663,1.0,0.8720422819077605,0.304,0.304,0.0,7.546e-05,0.8647857616862644,0.80533999399546,1.0,0.8926593794673359,0.304,0.5044,0.0,0.0,0.8869116715070116,0.851863381120024,1.0,0.8733679294829584,0.5044,0.5044,0.0,7.546e-05,0.9035324899239773,0.8997543111239371,1.0,1.0,0.304,0.5044,0.0,0.0,0.8249603437542051,0.9053199650177735,1.0,0.8952771223237924,0.5044,0.304,7.546e-05,0.0,0.556,0.5005,0.8291609287133483,0.912360954216075,1.0,1.0,0.5044,0.5044,0.0,7.546e-05,0.7704569453213368,0.8213643036270986,1.0,1.0,0.5044,0.5044,7.546e-05,7.546e-05,0.5005,0.5005,0.8829217476199299,0.8065459674954238,1.0,1.0,0.5044,0.5044,7.546e-05,0.0,0.8744647690714368,0.8131802303642072,1.0,0.9650845157726675,0.5044,0.304,7.546e-05,0.0,0.8460227830082214,0.8487424522471074,1.0,0.993535980636995,0.5044,0.304,0.0,0.0,0.8387035238324143,0.8163929980507619,1.0,1.0,0.304,0.304,7.546e-05,0.0
,19,1.0,0.7658873720613719,0.9549433243227444,0.7711647304042734,0.7682405781580848,0.7938561076999593,0.8094247482683425,0.0,1.0,0.7411242050111455,0.2634958051327636,0.9146282419138281,0.9410166266296365,0.9239571730505673,0.8401043440968172,1.0,0.3418,0.6893974077014166,0.0,1.0,0.7784107810308938,0.3160621273281603,0.8864144826307074,0.905695914587403,0.8115301213815149,0.9166987629263721,0.8583478811245168,0.7234190925145731,1.0,0.59,0.3418,0.7681586397721959,0.0,0.7197041498689674,0.2693541680435854,0.8474316846801393,0.885521643777891,0.9262273405979294,0.8769271223521357,0.0,0.25908889607943647,0.9108130270583085,0.7687757237448639,1.0,0.2988583550209793,0.515,0.0,0.7913324042649623,0.2713298985097466,0.7917082934380408,0.7835247350013207,0.8886352392192238,1.0,0.6945112468382918,0.0,1.0,0.7393313157905621,0.31446119711394305,0.874353601839364,0.8731268224676738,0.8334567401113845,0.852877443883533,0.8877590197240135,0.776921566174377,0.9036719091693527,0.3418,0.7997210743978413,0.0,1.0,0.7691140199915287,0.2869134812639005,0.7614090842779958,0.8935903219450058,0.9362905722003179,0.8138462418573972,0.7681733344403453,0.7779072062494585,0.9114572079680548,0.3418,0.7748314836539785,0.0,1.0,0.8617003492943208,0.29129826864080316,0.9077442090524723,0.9452339275184224,0.9258775935715203,0.9270915099938543,0.930377311145525,0.3418,0.7672498392572829,0.0,1.0,0.7474495390822349,0.2751243349605923,0.9248821942059413,0.9457991826698542,0.8693330500928049,0.8259568534701511,0.7326658528414173,1.0,0.515,0.7337765848491762,0.0,1.0,0.7902912504704066,0.8918789565743848,0.8198449940174126,0.954337653443443,0.8210419774616223,0.5166,0.8044614266002279,0.0,1.0,0.8920421413535699,0.7705399006191664,0.7989135571365266,0.8315332263088827,0.8807871143334085,1.0,0.515,0.7904724333776112,0.0,1.0,0.8062559959461684,0.3105314778719032,0.7557271998736693,0.8686428734641896,0.8150823159875357,0.8705315523042916,0.7172547157902458,0.515,0.7295542810831523,0.0,0.7964374961684859,0.8185114297415411,0.0,1.0,0.7518145182983628,0.32748376066041157,0.7897351846364509,0.8068974016576403,0.8348072118172312,0.0,0.8167645286456774,0.2925835828524786,0.7280271559700948,0.9103748434210837,0.8285021536285768,0.7849896158003021,1.0,0.3418,0.8135299519556979,0.0,0.3418,0.0,0.882572151605152,0.9241350278422933,0.0,1.0,0.7321100430533749,0.2950157285306293,0.770466853883057,0.9301628386018078,0.8564723226245105,0.8004878563095218,0.783130819966093,0.8303054500075473,0.9856412012390634,0.515,0.8699674734226508,0.0,1.0,0.7896639896722056,0.30885572647110116,0.8507129842885017,0.8235164239810623,0.9162113084625906,0.8790996643660585,0.7719535645535998,0.7876712872838185,0.9250488418738068,0.3418,0.6868417991471543,0.0,0.8067056906767383,0.30815645887101667,0.7554691654950977,0.7713226059122351,0.748920854923159,0.0,1.0,0.7317708528268706,0.28342552033647533,0.8667563851341009,0.7642061840906295,0.9152267007793708,0.9383673733325526,0.7663181492076846,0.7419384071619235,0.8701785915024566,0.59,0.8291282651852566,0.0,0.2658985286244327,0.7883398233641322,0.0,0.8747318615866446,0.0,1.0,0.27201010286064425,0.8017741819000361,0.877430901982351,0.515,0.8272871189269081,0.0,0.798765249174501,0.26629970384024054,0.8303558853810445,0.8901974488831137,0.0,0.0,0.0,0.0,0.0,0.0,0.0,0.0,0.0,0.0,0.0,0.0,0.0,0.0,0.0,0.0,0.0,0.0,0.0,0.0,0.0,0.0,0.0,0.0,0.0,0.0,0.0,0.835750821835527,0.8924264742655879,1.0,0.9694832237527812,0.515,0.3418,0.0,0.0,0.59,0.59,0.7737879801164247,0.8832075456121481,1.0,0.9066345235222291,0.3418,0.515,0.0,0.0,0.5166,0.59,0.7802852237695662,0.7948048928949376,1.0,0.951090633894834,0.3418,0.515,0.0,0.0,0.5166,0.5166,0.9381567556714113,0.9222185873124065,1.0,0.8891374986474659,0.515,0.3418,0.0,0.0,0.7768479289367934,0.9414437078775315,1.0,0.9608351076736027,0.515,0.515,0.0,0.0,0.930907771915892,0.7614204374842589,1.0,0.9417465226253189,0.3418,0.3418,0.0,0.0,0.8754435781842846,0.8329437480802251,1.0,0.9110832457917772,0.515,0.0,0.0,0.5166,0.59,0.8074008652265023,0.8402003291864759,1.0,0.9475851589553401,0.3418,0.515,0.0,0.0,0.5166,0.5166,0.967791997617453,0.8347370660230231,1.0,1.0,0.515,0.3418,0.0,0.0,0.5166,0.5166,0.7704151807223052,0.7732335781466383,1.0,0.987125530343842,0.3418,0.515,0.0,0.0,0.5166,0.59,0.8781001137853963,0.8953106565983321,1.0,1.0,0.3418,0.515,0.0,0.0,0.5166,0.5166,0.8632292407903669,0.8066949356331325,1.0,0.9128133569802148,0.0,0.5166,0.5166,0.8414659919094213,0.9307722869825594,1.0,0.9286450970690333,0.515,0.3418,0.0,0.0,0.59,0.59,0.7764778888644053,0.9151408898825237,1.0,0.9863568650367955,0.515,0.515,0.0,0.0,0.8881549926958616,0.7836470297904695,1.0,0.9960438878835781,0.3418,0.515,0.0,0.0,0.8213412585997606,0.8945456937204016,1.0,0.900985271259066,0.3418,0.3418,0.0,0.0,0.9210779581631735,0.8776197606172663,1.0,0.8720422819077605,0.3418,0.3418,0.0,0.0,0.8647857616862644,0.80533999399546,1.0,0.8926593794673359,0.3418,0.515,0.0,0.0,0.8869116715070116,0.851863381120024,1.0,0.8733679294829584,0.515,0.515,0.0,0.0,0.9035324899239773,0.8997543111239371,1.0,1.0,0.3418,0.515,0.0,0.0,0.8249603437542051,0.9053199650177735,1.0,0.8952771223237924,0.515,0.3418,0.0,0.0,0.59,0.5166,0.8291609287133483,0.912360954216075,1.0,1.0,0.515,0.515,0.0,0.0,0.7704569453213368,0.8213643036270986,1.0,1.0,0.515,0.515,0.0,0.0,0.5166,0.5166,0.8829217476199299,0.8065459674954238,1.0,1.0,0.515,0.515,0.0,0.0,0.8744647690714368,0.8131802303642072,1.0,0.9650845157726675,0.515,0.3418,0.0,0.0,0.8460227830082214,0.8487424522471074,1.0,0.993535980636995,0.515,0.3418,0.0,0.0,0.8387035238324143,0.8163929980507619,1.0,1.0,0.3418,0.3418,0.0,0.0
,20,1.0,0.7658873720613719,0.9549433243227444,0.7711647304042734,0.7682405781580848,0.7938561076999593,0.8094247482683425,0.0,1.0,0.7411242050111455,0.2634958051327636,0.9146282419138281,0.9410166266296365,0.9239571730505673,0.8401043440968172,1.0,0.3596,0.6893974077014166,0.0,1.0,0.7784107810308938,0.3160621273281603,0.8864144826307074,0.905695914587403,0.8115301213815149,0.9166987629263721,0.8583478811245168,0.7234190925145731,1.0,0.5913,0.3596,0.7681586397721959,0.0,0.7197041498689674,0.2693541680435854,0.8474316846801393,0.885521643777891,0.9262273405979294,0.8769271223521357,0.0,0.25908889607943647,0.9108130270583085,0.7687757237448639,1.0,0.2988583550209793,0.488,0.0,0.7913324042649623,0.2713298985097466,0.7917082934380408,0.7835247350013207,0.8886352392192238,1.0,0.6945112468382918,0.0,1.0,0.7393313157905621,0.31446119711394305,0.874353601839364,0.8731268224676738,0.8334567401113845,0.852877443883533,0.8877590197240135,0.776921566174377,0.9036719091693527,0.3596,0.7997210743978413,0.0,1.0,0.7691140199915287,0.2869134812639005,0.7614090842779958,0.8935903219450058,0.9362905722003179,0.8138462418573972,0.7681733344403453,0.7779072062494585,0.9114572079680548,0.3596,0.7748314836539785,0.0,1.0,0.8617003492943208,0.29129826864080316,0.9077442090524723,0.9452339275184224,0.9258775935715203,0.9270915099938543,0.930377311145525,0.3596,0.7672498392572829,0.0,1.0,0.7474495390822349,0.2751243349605923,0.9248821942059413,0.9457991826698542,0.8693330500928049,0.8259568534701511,0.7326658528414173,1.0,0.488,0.7337765848491762,0.0,1.0,0.7902912504704066,0.8918789565743848,0.8198449940174126,0.954337653443443,0.8210419774616223,0.538,0.8044614266002279,0.0,1.0,0.8920421413535699,0.7705399006191664,0.7989135571365266,0.8315332263088827,0.8807871143334085,1.0,0.488,0.7904724333776112,0.0,1.0,0.8062559959461684,0.3105314778719032,0.7557271998736693,0.8686428734641896,0.8150823159875357,0.8705315523042916,0.7172547157902458,0.488,0.7295542810831523,0.0,0.7964374961684859,0.8185114297415411,0.0,1.0,0.7518145182983628,0.32748376066041157,0.7897351846364509,0.8068974016576403,0.8348072118172312,0.0,0.8167645286456774,0.2925835828524786,0.7280271559700948,0.9103748434210837,0.8285021536285768,0.7849896158003021,1.0,0.3596,0.8135299519556979,0.0,0.3596,0.0,0.882572151605152,0.9241350278422933,0.0,1.0,0.7321100430533749,0.2950157285306293,0.770466853883057,0.9301628386018078,0.8564723226245105,0.8004878563095218,0.783130819966093,0.8303054500075473,0.9856412012390634,0.488,0.8699674734226508,0.0,1.0,0.7896639896722056,0.30885572647110116,0.8507129842885017,0.8235164239810623,0.9162113084625906,0.8790996643660585,0.7719535645535998,0.7876712872838185,0.9250488418738068,0.3596,0.6868417991471543,0.0,0.8067056906767383,0.30815645887101667,0.7554691654950977,0.7713226059122351,0.748920854923159,0.0,1.0,0.7317708528268706,0.28342552033647533,0.8667563851341009,0.7642061840906295,0.9152267007793708,0.9383673733325526,0.7663181492076846,0.7419384071619235,0.8701785915024566,0.5913,0.8291282651852566,0.0,0.2658985286244327,0.7883398233641322,0.0,0.8747318615866446,0.0,1.0,0.27201010286064425,0.8017741819000361,0.877430901982351,0.488,0.8272871189269081,0.0,0.798765249174501,0.26629970384024054,0.8303558853810445,0.8901974488831137,0.0,0.0,0.0,0.0,0.0,0.0,0.0,0.0,0.0,0.0,0.0,0.0,0.0,0.0,0.0,0.0,0.0,0.0,0.0,0.0,0.0,0.0,0.0,0.0,0.0,0.0,0.0,0.835750821835527,0.8924264742655879,1.0,0.9694832237527812,0.488,0.3596,0.0,0.0,0.5913,0.5913,0.7737879801164247,0.8832075456121481,1.0,0.9066345235222291,0.3596,0.488,0.0,0.0,0.538,0.5913,0.7802852237695662,0.7948048928949376,1.0,0.951090633894834,0.3596,0.488,0.0,0.0,0.538,0.538,0.9381567556714113,0.9222185873124065,1.0,0.8891374986474659,0.488,0.3596,0.0,0.0,0.7768479289367934,0.9414437078775315,1.0,0.9608351076736027,0.488,0.488,0.0,0.0,0.930907771915892,0.7614204374842589,1.0,0.9417465226253189,0.3596,0.3596,0.0,0.0,0.8754435781842846,0.8329437480802251,1.0,0.9110832457917772,0.488,0.0,0.0,0.538,0.5913,0.8074008652265023,0.8402003291864759,1.0,0.9475851589553401,0.3596,0.488,0.0,0.0,0.538,0.538,0.967791997617453,0.8347370660230231,1.0,1.0,0.488,0.3596,0.0,0.0,0.538,0.538,0.7704151807223052,0.7732335781466383,1.0,0.987125530343842,0.3596,0.488,0.0,0.0,0.538,0.5913,0.8781001137853963,0.8953106565983321,1.0,1.0,0.3596,0.488,0.0,0.0,0.538,0.538,0.8632292407903669,0.8066949356331325,1.0,0.9128133569802148,0.0,0.538,0.538,0.8414659919094213,0.9307722869825594,1.0,0.9286450970690333,0.488,0.3596,0.0,0.0,0.5913,0.5913,0.7764778888644053,0.9151408898825237,1.0,0.9863568650367955,0.488,0.488,0.0,0.0,0.8881549926958616,0.7836470297904695,1.0,0.9960438878835781,0.3596,0.488,0.0,0.0,0.8213412585997606,0.8945456937204016,1.0,0.900985271259066,0.3596,0.3596,0.0,0.0,0.9210779581631735,0.8776197606172663,1.0,0.8720422819077605,0.3596,0.3596,0.0,0.0,0.8647857616862644,0.80533999399546,1.0,0.8926593794673359,0.3596,0.488,0.0,0.0,0.8869116715070116,0.851863381120024,1.0,0.8733679294829584,0.488,0.488,0.0,0.0,0.9035324899239773,0.8997543111239371,1.0,1.0,0.3596,0.488,0.0,0.0,0.8249603437542051,0.9053199650177735,1.0,0.8952771223237924,0.488,0.3596,0.0,0.0,0.5913,0.538,0.8291609287133483,0.912360954216075,1.0,1.0,0.488,0.488,0.0,0.0,0.7704569453213368,0.8213643036270986,1.0,1.0,0.488,0.488,0.0,0.0,0.538,0.538,0.8829217476199299,0.8065459674954238,1.0,1.0,0.488,0.488,0.0,0.0,0.8744647690714368,0.8131802303642072,1.0,0.9650845157726675,0.488,0.3596,0.0,0.0,0.8460227830082214,0.8487424522471074,1.0,0.993535980636995,0.488,0.3596,0.0,0.0,0.8387035238324143,0.8163929980507619,1.0,1.0,0.3596,0.3596,0.0,0.0
,21,1.0,0.7658873720613719,0.9549433243227444,0.7711647304042734,0.7682405781580848,0.7938561076999593,0.8094247482683425,0.0,1.0,0.7411242050111455,0.2634958051327636,0.9146282419138281,0.9410166266296365,0.9239571730505673,0.8401043440968172,1.0,0.3684,0.6893974077014166,0.0,1.0,0.7784107810308938,0.3160621273281603,0.8864144826307074,0.905695914587403,0.8115301213815149,0.9166987629263721,0.8583478811245168,0.7234190925145731,1.0,0.572,0.3684,0.7681586397721959,0.0,0.7197041498689674,0.2693541680435854,0.8474316846801393,0.885521643777891,0.9262273405979294,0.8769271223521357,0.0,0.25908889607943647,0.9108130270583085,0.7687757237448639,1.0,0.2988583550209793,0.448,0.0,0.7913324042649623,0.2713298985097466,0.7917082934380408,0.7835247350013207,0.8886352392192238,1.0,0.6945112468382918,0.0,1.0,0.7393313157905621,0.31446119711394305,0.874353601839364,0.8731268224676738,0.8334567401113845,0.852877443883533,0.8877590197240135,0.776921566174377,0.9036719091693527,0.3684,0.7997210743978413,0.0,1.0,0.7691140199915287,0.2869134812639005,0.7614090842779958,0.8935903219450058,0.9362905722003179,0.8138462418573972,0.7681733344403453,0.7779072062494585,0.9114572079680548,0.3684,0.7748314836539785,0.0,1.0,0.8617003492943208,0.29129826864080316,0.9077442090524723,0.9452339275184224,0.9258775935715203,0.9270915099938543,0.930377311145525,0.3684,0.7672498392572829,0.0,1.0,0.7474495390822349,0.2751243349605923,0.9248821942059413,0.9457991826698542,0.8693330500928049,0.8259568534701511,0.7326658528414173,1.0,0.448,0.7337765848491762,0.0,1.0,0.7902912504704066,0.8918789565743848,0.8198449940174126,0.954337653443443,0.8210419774616223,0.546,0.8044614266002279,0.0,1.0,0.8920421413535699,0.7705399006191664,0.7989135571365266,0.8315332263088827,0.8807871143334085,1.0,0.448,0.7904724333776112,0.0,1.0,0.8062559959461684,0.3105314778719032,0.7557271998736693,0.8686428734641896,0.8150823159875357,0.8705315523042916,0.7172547157902458,0.448,0.7295542810831523,0.0,0.7964374961684859,0.8185114297415411,0.0,1.0,0.7518145182983628,0.32748376066041157,0.7897351846364509,0.8068974016576403,0.8348072118172312,0.0,0.8167645286456774,0.2925835828524786,0.7280271559700948,0.9103748434210837,0.8285021536285768,0.7849896158003021,1.0,0.3684,0.8135299519556979,0.0,0.3684,0.0,0.882572151605152,0.9241350278422933,0.0,1.0,0.7321100430533749,0.2950157285306293,0.770466853883057,0.9301628386018078,0.8564723226245105,0.8004878563095218,0.783130819966093,0.8303054500075473,0.9856412012390634,0.448,0.8699674734226508,0.0,1.0,0.7896639896722056,0.30885572647110116,0.8507129842885017,0.8235164239810623,0.9162113084625906,0.8790996643660585,0.7719535645535998,0.7876712872838185,0.9250488418738068,0.3684,0.6868417991471543,0.0,0.8067056906767383,0.30815645887101667,0.7554691654950977,0.7713226059122351,0.748920854923159,0.0,1.0,0.7317708528268706,0.28342552033647533,0.8667563851341009,0.7642061840906295,0.9152267007793708,0.9383673733325526,0.7663181492076846,0.7419384071619235,0.8701785915024566,0.572,0.8291282651852566,0.0,0.2658985286244327,0.7883398233641322,0.0,0.8747318615866446,0.0,1.0,0.27201010286064425,0.8017741819000361,0.877430901982351,0.448,0.8272871189269081,0.0,0.798765249174501,0.26629970384024054,0.8303558853810445,0.8901974488831137,0.0,0.0,0.0,0.0,0.0,0.0,0.0,0.0,0.0,0.0,0.0,0.0,0.0,0.0,0.0,0.0,0.0,0.0,0.0,0.0,0.0,0.0,0.0,0.0,0.0,0.0,0.0,0.835750821835527,0.8924264742655879,1.0,0.9694832237527812,0.448,0.3684,0.0,0.0,0.572,0.572,0.7737879801164247,0.8832075456121481,1.0,0.9066345235222291,0.3684,0.448,0.0,0.0,0.546,0.572,0.7802852237695662,0.7948048928949376,1.0,0.951090633894834,0.3684,0.448,0.0,0.0,0.546,0.546,0.9381567556714113,0.9222185873124065,1.0,0.8891374986474659,0.448,0.3684,0.0,0.0,0.7768479289367934,0.9414437078775315,1.0,0.9608351076736027,0.448,0.448,0.0,0.0,0.930907771915892,0.7614204374842589,1.0,0.9417465226253189,0.3684,0.3684,0.0,0.0,0.8754435781842846,0.8329437480802251,1.0,0.9110832457917772,0.448,0.0,0.0,0.546,0.572,0.8074008652265023,0.8402003291864759,1.0,0.9475851589553401,0.3684,0.448,0.0,0.0,0.546,0.546,0.967791997617453,0.8347370660230231,1.0,1.0,0.448,0.3684,0.0,0.0,0.546,0.546,0.7704151807223052,0.7732335781466383,1.0,0.987125530343842,0.3684,0.448,0.0,0.0,0.546,0.572,0.8781001137853963,0.8953106565983321,1.0,1.0,0.3684,0.448,0.0,0.0,0.546,0.546,0.8632292407903669,0.8066949356331325,1.0,0.9128133569802148,0.0,0.546,0.546,0.8414659919094213,0.9307722869825594,1.0,0.9286450970690333,0.448,0.3684,0.0,0.0,0.572,0.572,0.7764778888644053,0.9151408898825237,1.0,0.9863568650367955,0.448,0.448,0.0,0.0,0.8881549926958616,0.7836470297904695,1.0,0.9960438878835781,0.3684,0.448,0.0,0.0,0.8213412585997606,0.8945456937204016,1.0,0.900985271259066,0.3684,0.3684,0.0,0.0,0.9210779581631735,0.8776197606172663,1.0,0.8720422819077605,0.3684,0.3684,0.0,0.0,0.8647857616862644,0.80533999399546,1.0,0.8926593794673359,0.3684,0.448,0.0,0.0,0.8869116715070116,0.851863381120024,1.0,0.8733679294829584,0.448,0.448,0.0,0.0,0.9035324899239773,0.8997543111239371,1.0,1.0,0.3684,0.448,0.0,0.0,0.8249603437542051,0.9053199650177735,1.0,0.8952771223237924,0.448,0.3684,0.0,0.0,0.572,0.546,0.8291609287133483,0.912360954216075,1.0,1.0,0.448,0.448,0.0,0.0,0.7704569453213368,0.8213643036270986,1.0,1.0,0.448,0.448,0.0,0.0,0.546,0.546,0.8829217476199299,0.8065459674954238,1.0,1.0,0.448,0.448,0.0,0.0,0.8744647690714368,0.8131802303642072,1.0,0.9650845157726675,0.448,0.3684,0.0,0.0,0.8460227830082214,0.8487424522471074,1.0,0.993535980636995,0.448,0.3684,0.0,0.0,0.8387035238324143,0.8163929980507619,1.0,1.0,0.3684,0.3684,0.0,0.0
,22,1.0,0.7658873720613719,0.9549433243227444,0.7711647304042734,0.7682405781580848,0.7938561076999593,0.8094247482683425,0.0,1.0,0.7411242050111455,0.2634958051327636,0.9146282419138281,0.9410166266296365,0.9239571730505673,0.8401043440968172,1.0,0.3762,0.6893974077014166,0.0,1.0,0.7784107810308938,0.3160621273281603,0.8864144826307074,0.905695914587403,0.8115301213815149,0.9166987629263721,0.8583478811245168,0.7234190925145731,1.0,0.5474,0.3762,0.7681586397721959,0.0,0.7197041498689674,0.2693541680435854,0.8474316846801393,0.885521643777891,0.9262273405979294,0.8769271223521357,0.0,0.25908889607943647,0.9108130270583085,0.7687757237448639,1.0,0.2988583550209793,0.4033,0.0,0.7913324042649623,0.2713298985097466,0.7917082934380408,0.7835247350013207,0.8886352392192238,1.0,0.6945112468382918,0.0,1.0,0.7393313157905621,0.31446119711394305,0.874353601839364,0.8731268224676738,0.8334567401113845,0.852877443883533,0.8877590197240135,0.776921566174377,0.9036719091693527,0.3762,0.7997210743978413,0.0,1.0,0.7691140199915287,0.2869134812639005,0.7614090842779958,0.8935903219450058,0.9362905722003179,0.8138462418573972,0.7681733344403453,0.7779072062494585,0.9114572079680548,0.3762,0.7748314836539785,0.0,1.0,0.8617003492943208,0.29129826864080316,0.9077442090524723,0.9452339275184224,0.9258775935715203,0.9270915099938543,0.930377311145525,0.3762,0.7672498392572829,0.0,1.0,0.7474495390822349,0.2751243349605923,0.9248821942059413,0.9457991826698542,0.8693330500928049,0.8259568534701511,0.7326658528414173,1.0,0.4033,0.7337765848491762,0.0,1.0,0.7902912504704066,0.8918789565743848,0.8198449940174126,0.954337653443443,0.8210419774616223,0.554,0.8044614266002279,0.0,1.0,0.8920421413535699,0.7705399006191664,0.7989135571365266,0.8315332263088827,0.8807871143334085,1.0,0.4033,0.7904724333776112,0.0,1.0,0.8062559959461684,0.3105314778719032,0.7557271998736693,0.8686428734641896,0.8150823159875357,0.8705315523042916,0.7172547157902458,0.4033,0.7295542810831523,0.0,0.7964374961684859,0.8185114297415411,0.0,1.0,0.7518145182983628,0.32748376066041157,0.7897351846364509,0.8068974016576403,0.8348072118172312,0.0,0.8167645286456774,0.2925835828524786,0.7280271559700948,0.9103748434210837,0.8285021536285768,0.7849896158003021,1.0,0.3762,0.8135299519556979,0.0,0.3762,0.0,0.882572151605152,0.9241350278422933,0.0,1.0,0.7321100430533749,0.2950157285306293,0.770466853883057,0.9301628386018078,0.8564723226245105,0.8004878563095218,0.783130819966093,0.8303054500075473,0.9856412012390634,0.4033,0.8699674734226508,0.0,1.0,0.7896639896722056,0.30885572647110116,0.8507129842885017,0.8235164239810623,0.9162113084625906,0.8790996643660585,0.7719535645535998,0.7876712872838185,0.9250488418738068,0.3762,0.6868417991471543,0.0,0.8067056906767383,0.30815645887101667,0.7554691654950977,0.7713226059122351,0.748920854923159,0.0,1.0,0.7317708528268706,0.28342552033647533,0.8667563851341009,0.7642061840906295,0.9152267007793708,0.9383673733325526,0.7663181492076846,0.7419384071619235,0.8701785915024566,0.5474,0.8291282651852566,0.0,0.2658985286244327,0.7883398233641322,0.0,0.8747318615866446,0.0,1.0,0.27201010286064425,0.8017741819000361,0.877430901982351,0.4033,0.8272871189269081,0.0,0.798765249174501,0.26629970384024054,0.8303558853810445,0.8901974488831137,0.0,0.0,0.0,0.0,0.0,0.0,0.0,0.0,0.0,0.0,0.0,0.0,0.0,0.0,0.0,0.0,0.0,0.0,0.0,0.0,0.0,0.0,0.0,0.0,0.0,0.0,0.0,0.835750821835527,0.8924264742655879,1.0,0.9694832237527812,0.4033,0.3762,0.0,0.0,0.5474,0.5474,0.7737879801164247,0.8832075456121481,1.0,0.9066345235222291,0.3762,0.4033,0.0,0.0,0.554,0.5474,0.7802852237695662,0.7948048928949376,1.0,0.951090633894834,0.3762,0.4033,0.0,0.0,0.554,0.554,0.9381567556714113,0.9222185873124065,1.0,0.8891374986474659,0.4033,0.3762,0.0,0.0,0.7768479289367934,0.9414437078775315,1.0,0.9608351076736027,0.4033,0.4033,0.0,0.0,0.930907771915892,0.7614204374842589,1.0,0.9417465226253189,0.3762,0.3762,0.0,0.0,0.8754435781842846,0.8329437480802251,1.0,0.9110832457917772,0.4033,0.0,0.0,0.554,0.5474,0.8074008652265023,0.8402003291864759,1.0,0.9475851589553401,0.3762,0.4033,0.0,0.0,0.554,0.554,0.967791997617453,0.8347370660230231,1.0,1.0,0.4033,0.3762,0.0,0.0,0.554,0.554,0.7704151807223052,0.7732335781466383,1.0,0.987125530343842,0.3762,0.4033,0.0,0.0,0.554,0.5474,0.8781001137853963,0.8953106565983321,1.0,1.0,0.3762,0.4033,0.0,0.0,0.554,0.554,0.8632292407903669,0.8066949356331325,1.0,0.9128133569802148,0.0,0.554,0.554,0.8414659919094213,0.9307722869825594,1.0,0.9286450970690333,0.4033,0.3762,0.0,0.0,0.5474,0.5474,0.7764778888644053,0.9151408898825237,1.0,0.9863568650367955,0.4033,0.4033,0.0,0.0,0.8881549926958616,0.7836470297904695,1.0,0.9960438878835781,0.3762,0.4033,0.0,0.0,0.8213412585997606,0.8945456937204016,1.0,0.900985271259066,0.3762,0.3762,0.0,0.0,0.9210779581631735,0.8776197606172663,1.0,0.8720422819077605,0.3762,0.3762,0.0,0.0,0.8647857616862644,0.80533999399546,1.0,0.8926593794673359,0.3762,0.4033,0.0,0.0,0.8869116715070116,0.851863381120024,1.0,0.8733679294829584,0.4033,0.4033,0.0,0.0,0.9035324899239773,0.8997543111239371,1.0,1.0,0.3762,0.4033,0.0,0.0,0.8249603437542051,0.9053199650177735,1.0,0.8952771223237924,0.4033,0.3762,0.0,0.0,0.5474,0.554,0.8291609287133483,0.912360954216075,1.0,1.0,0.4033,0.4033,0.0,0.0,0.7704569453213368,0.8213643036270986,1.0,1.0,0.4033,0.4033,0.0,0.0,0.554,0.554,0.8829217476199299,0.8065459674954238,1.0,1.0,0.4033,0.4033,0.0,0.0,0.8744647690714368,0.8131802303642072,1.0,0.9650845157726675,0.4033,0.3762,0.0,0.0,0.8460227830082214,0.8487424522471074,1.0,0.993535980636995,0.4033,0.3762,0.0,0.0,0.8387035238324143,0.8163929980507619,1.0,1.0,0.3762,0.3762,0.0,0.0
,23,1.0,0.7658873720613719,0.9549433243227444,0.7711647304042734,0.7682405781580848,0.7938561076999593,0.8094247482683425,0.0,1.0,0.7411242050111455,0.2634958051327636,0.9146282419138281,0.9410166266296365,0.9239571730505673,0.8401043440968172,1.0,0.39,0.6893974077014166,0.0,1.0,0.7784107810308938,0.3160621273281603,0.8864144826307074,0.905695914587403,0.8115301213815149,0.9166987629263721,0.8583478811245168,0.7234190925145731,1.0,0.4858,0.39,0.7681586397721959,0.0,0.7197041498689674,0.2693541680435854,0.8474316846801393,0.885521643777891,0.9262273405979294,0.8769271223521357,0.0,0.25908889607943647,0.9108130270583085,0.7687757237448639,1.0,0.2988583550209793,0.3633,0.0,0.7913324042649623,0.2713298985097466,0.7917082934380408,0.7835247350013207,0.8886352392192238,1.0,0.6945112468382918,0.0,1.0,0.7393313157905621,0.31446119711394305,0.874353601839364,0.8731268224676738,0.8334567401113845,0.852877443883533,0.8877590197240135,0.776921566174377,0.9036719091693527,0.39,0.7997210743978413,0.0,1.0,0.7691140199915287,0.2869134812639005,0.7614090842779958,0.8935903219450058,0.9362905722003179,0.8138462418573972,0.7681733344403453,0.7779072062494585,0.9114572079680548,0.39,0.7748314836539785,0.0,1.0,0.8617003492943208,0.29129826864080316,0.9077442090524723,0.9452339275184224,0.9258775935715203,0.9270915099938543,0.930377311145525,0.39,0.7672498392572829,0.0,1.0,0.7474495390822349,0.2751243349605923,0.9248821942059413,0.9457991826698542,0.8693330500928049,0.8259568534701511,0.7326658528414173,1.0,0.3633,0.7337765848491762,0.0,1.0,0.7902912504704066,0.8918789565743848,0.8198449940174126,0.954337653443443,0.8210419774616223,0.575,0.8044614266002279,0.0,1.0,0.8920421413535699,0.7705399006191664,0.7989135571365266,0.8315332263088827,0.8807871143334085,1.0,0.3633,0.7904724333776112,0.0,1.0,0.8062559959461684,0.3105314778719032,0.7557271998736693,0.8686428734641896,0.8150823159875357,0.8705315523042916,0.7172547157902458,0.3633,0.7295542810831523,0.0,0.7964374961684859,0.8185114297415411,0.0,1.0,0.7518145182983628,0.32748376066041157,0.7897351846364509,0.8068974016576403,0.8348072118172312,0.0,0.8167645286456774,0.2925835828524786,0.7280271559700948,0.9103748434210837,0.8285021536285768,0.7849896158003021,1.0,0.39,0.8135299519556979,0.0,0.39,0.0,0.882572151605152,0.9241350278422933,0.0,1.0,0.7321100430533749,0.2950157285306293,0.770466853883057,0.9301628386018078,0.8564723226245105,0.8004878563095218,0.783130819966093,0.8303054500075473,0.9856412012390634,0.3633,0.8699674734226508,0.0,1.0,0.7896639896722056,0.30885572647110116,0.8507129842885017,0.8235164239810623,0.9162113084625906,0.8790996643660585,0.7719535645535998,0.7876712872838185,0.9250488418738068,0.39,0.6868417991471543,0.0,0.8067056906767383,0.30815645887101667,0.7554691654950977,0.7713226059122351,0.748920854923159,0.0,1.0,0.7317708528268706,0.28342552033647533,0.8667563851341009,0.7642061840906295,0.9152267007793708,0.9383673733325526,0.7663181492076846,0.7419384071619235,0.8701785915024566,0.4858,0.8291282651852566,0.0,0.2658985286244327,0.7883398233641322,0.0,0.8747318615866446,0.0,1.0,0.27201010286064425,0.8017741819000361,0.877430901982351,0.3633,0.8272871189269081,0.0,0.798765249174501,0.26629970384024054,0.8303558853810445,0.8901974488831137,0.0,0.0,0.0,0.0,0.0,0.0,0.0,0.0,0.0,0.0,0.0,0.0,0.0,0.0,0.0,0.0,0.0,0.0,0.0,0.0,0.0,0.0,0.0,0.0,0.0,0.0,0.0,0.835750821835527,0.8924264742655879,1.0,0.9694832237527812,0.3633,0.39,0.0,0.0,0.4858,0.4858,0.7737879801164247,0.8832075456121481,1.0,0.9066345235222291,0.39,0.3633,0.0,0.0,0.575,0.4858,0.7802852237695662,0.7948048928949376,1.0,0.951090633894834,0.39,0.3633,0.0,0.0,0.575,0.575,0.9381567556714113,0.9222185873124065,1.0,0.8891374986474659,0.3633,0.39,0.0,0.0,0.7768479289367934,0.9414437078775315,1.0,0.9608351076736027,0.3633,0.3633,0.0,0.0,0.930907771915892,0.7614204374842589,1.0,0.9417465226253189,0.39,0.39,0.0,0.0,0.8754435781842846,0.8329437480802251,1.0,0.9110832457917772,0.3633,0.0,0.0,0.575,0.4858,0.8074008652265023,0.8402003291864759,1.0,0.9475851589553401,0.39,0.3633,0.0,0.0,0.575,0.575,0.967791997617453,0.8347370660230231,1.0,1.0,0.3633,0.39,0.0,0.0,0.575,0.575,0.7704151807223052,0.7732335781466383,1.0,0.987125530343842,0.39,0.3633,0.0,0.0,0.575,0.4858,0.8781001137853963,0.8953106565983321,1.0,1.0,0.39,0.3633,0.0,0.0,0.575,0.575,0.8632292407903669,0.8066949356331325,1.0,0.9128133569802148,0.0,0.575,0.575,0.8414659919094213,0.9307722869825594,1.0,0.9286450970690333,0.3633,0.39,0.0,0.0,0.4858,0.4858,0.7764778888644053,0.9151408898825237,1.0,0.9863568650367955,0.3633,0.3633,0.0,0.0,0.8881549926958616,0.7836470297904695,1.0,0.9960438878835781,0.39,0.3633,0.0,0.0,0.8213412585997606,0.8945456937204016,1.0,0.900985271259066,0.39,0.39,0.0,0.0,0.9210779581631735,0.8776197606172663,1.0,0.8720422819077605,0.39,0.39,0.0,0.0,0.8647857616862644,0.80533999399546,1.0,0.8926593794673359,0.39,0.3633,0.0,0.0,0.8869116715070116,0.851863381120024,1.0,0.8733679294829584,0.3633,0.3633,0.0,0.0,0.9035324899239773,0.8997543111239371,1.0,1.0,0.39,0.3633,0.0,0.0,0.8249603437542051,0.9053199650177735,1.0,0.8952771223237924,0.3633,0.39,0.0,0.0,0.4858,0.575,0.8291609287133483,0.912360954216075,1.0,1.0,0.3633,0.3633,0.0,0.0,0.7704569453213368,0.8213643036270986,1.0,1.0,0.3633,0.3633,0.0,0.0,0.575,0.575,0.8829217476199299,0.8065459674954238,1.0,1.0,0.3633,0.3633,0.0,0.0,0.8744647690714368,0.8131802303642072,1.0,0.9650845157726675,0.3633,0.39,0.0,0.0,0.8460227830082214,0.8487424522471074,1.0,0.993535980636995,0.3633,0.39,0.0,0.0,0.8387035238324143,0.8163929980507619,1.0,1.0,0.39,0.39,0.0,0.0
,24,1.0,0.7837907462181648,0.8644782251320395,0.880789813507498,0.9348218750819608,0.889122410535768,0.7139516197507392,0.0,1.0,0.7457079430473661,0.31510569283762024,0.8905367100742921,0.8610607589089856,0.8847411505441679,0.9121011675954952,0.946399928625978,0.4446,0.8517682128926941,0.0,1.0,0.7360549552702661,0.283644456767859,0.8488825071394741,0.7430136968942455,0.8985169356927586,0.8134907036057438,0.770260688822779,0.8011320583313895,0.9486547958498687,0.7417,0.8096,0.7726278990700709,0.0,0.8496823403097302,0.2700091192472204,0.7524013789061157,0.8872775061645028,0.7888707871414207,0.8550832518173399,0.0,0.2891364507803059,0.9252028923791478,0.8084436189910887,1.0,0.31193842783590614,0.8096,0.0,0.8434465666396669,0.2750142751658429,0.8152083855778691,0.7951364007411978,0.844369665616017,0.983648806559072,0.7145074931872899,0.0,1.0,0.7213557046923879,0.27007694101877083,0.8344557383448773,0.7701086741533367,0.9293677395246625,0.816256202208818,0.7852303734196157,0.8427894978637454,0.9297070083414365,0.8096,0.812166531322896,0.0,1.0,0.9102450778690088,0.3228515498029009,0.8275444143951198,0.8983722796194549,0.9054385878677387,0.8561693443669922,0.8459229580915374,0.8195133311480238,0.9267239152111216,0.8096,0.8576468237170154,0.0,1.0,0.8228129192231575,0.282283610777379,0.8090182790128646,0.8355339513072131,0.8760674574993331,0.8936348550417796,0.9154356065429969,0.8096,0.874960136378632,0.0,1.0,0.8603441252836737,0.2952422970129139,0.7414534041740671,0.9126001283671374,0.832963637892773,0.9294783686926679,0.7427498584867894,1.0,0.4446,0.7860703136836962,0.0,1.0,0.7465221855552697,0.8219141439656333,0.8758011474540063,0.8712822133594436,0.8820029347891851,0.7417,0.7131294487722543,0.0,1.0,0.8374235452397094,0.8008057576620072,0.94620140231708,0.8175873390811289,0.9216211466916789,0.9715515656933826,0.8096,0.834844630672984,0.0,1.0,0.7231177414449383,0.26609486456248155,0.7306937829163902,0.9346723975037006,0.8040892337331982,0.8116429852840057,0.8879710379389325,0.8096,0.8324639235140538,0.0,0.9474724875069667,0.8749787609559015,0.0,1.0,0.8583015949014825,0.2858329688274146,0.9446140549511673,0.9104055606004512,0.7271428955564732,0.0,0.9122435616545016,0.32433784366730173,0.7223010381965538,0.9174969830315984,0.9146972784789038,0.8892713688672692,0.9188127684151266,0.4446,0.8181083288843005,0.0,0.8096,0.0,0.7849829091461356,0.8574427570707227,0.0,1.0,0.8289410870068299,0.31635836394410066,0.7816880403467495,0.8245376352567624,0.8890071778262949,0.7724933200617717,0.7611730954179141,0.8643255425458543,1.0,0.4446,0.7776934359056121,0.0,1.0,0.7495225779371426,0.31360337888216644,0.8261267410308308,0.8436955112576157,0.8920469458668707,0.9520433609426903,0.807767598277546,0.9108788792748818,0.9187023739488792,0.4446,0.8474557008235984,0.0,0.7153335275483139,0.31189958297925285,0.761129175285695,0.9286414300658156,0.7550861031050176,0.0,1.0,0.9119284493386743,0.28028925990927556,0.7645377633801582,0.819349108171913,0.8807171488503935,0.8317858243081501,0.8993121384976632,0.8145500610448843,1.0,0.412,0.8225443757828026,0.0,0.29003627396487297,0.9623300316822216,0.0,0.7452139725065932,0.0,1.0,0.26314243770091245,0.8545702156548649,0.9090357677883476,0.4446,0.8602521610543794,0.0,0.8563405382048409,0.2768267912108342,0.7471036929963937,0.8995358702754596,0.0,0.0,0.0,0.0,0.0,0.0,0.0,0.0,0.0,0.0,0.0,0.0,0.0,0.0,0.0,0.0,0.0,0.0,0.0,0.0,0.0,0.0,0.0,0.0,0.0,0.0,0.0,0.8749985512789953,0.8149319105813502,1.0,1.0,0.4446,0.8096,0.0,0.0,0.412,0.412,0.8393695935917075,0.9460311497041833,1.0,0.9423926012030495,0.4446,0.4446,0.0,0.0,0.7417,0.412,0.9149251188217593,0.7936656175697806,1.0,1.0,0.4446,0.8096,0.0,0.0,0.7417,0.412,0.7777103943164203,0.9385769534597096,1.0,1.0,0.4446,0.8096,0.0,0.0,0.9404468663029837,0.7947241842390508,1.0,0.9398181681195636,0.4446,0.8096,0.0,0.0,0.8927256561015642,0.8661314053410984,1.0,1.0,0.8096,0.8096,0.0,0.0,0.8415788014631189,0.9347455200747994,1.0,0.9624317442313094,0.4446,0.0,0.0,0.412,0.412,0.8668494593490517,0.7679186807958505,1.0,1.0,0.8096,0.8096,0.0,0.0,0.7417,0.7417,0.8896425440709245,0.8867807979829478,1.0,0.9211014264018459,0.4446,0.8096,0.0,0.0,0.7417,0.7417,0.7757477738109413,0.8315553880362221,1.0,1.0,0.4446,0.8096,0.0,0.0,0.412,0.7417,0.9068840866476655,0.784108969158914,1.0,1.0,0.8096,0.4446,0.0,0.0,0.7417,0.412,0.9510569467633565,0.9359073245079182,1.0,0.9147167475746062,0.0,0.7417,0.7417,0.9373819374791561,0.808804059897245,1.0,1.0,0.4446,0.8096,0.0,0.0,0.7417,0.7417,0.8410022453489974,0.864452468787623,1.0,0.9976104286309453,0.4446,0.4446,0.0,0.0,0.8704520986854565,0.8692818407430531,1.0,0.9507962371212113,0.4446,0.8096,0.0,0.0,0.8949179309955082,0.8187225606676203,1.0,1.0,0.4446,0.8096,0.0,0.0,0.957854678407338,0.8155735379391108,1.0,0.9936466801071762,0.8096,0.4446,0.0,0.0,0.8156036231783753,0.8643027120547091,1.0,0.9086631975416938,0.8096,0.4446,0.0,0.0,0.8596989408509639,0.8873362785768855,1.0,1.0,0.4446,0.8096,0.0,0.0,0.8384017944853777,0.9440354408019456,1.0,1.0,0.8096,0.8096,0.0,0.0,0.8252541369876546,0.9437646673193326,1.0,0.9163015124732122,0.4446,0.8096,0.0,0.0,0.412,0.7417,0.779186493720765,0.94627548823656,1.0,0.908518865553921,0.8096,0.4446,0.0,0.0,0.8455886171231504,0.8130251357571989,1.0,1.0,0.4446,0.4446,0.0,0.0,0.7417,0.412,0.9434300751950061,0.9472047418342839,1.0,1.0,0.8096,0.8096,0.0,0.0,0.797296283178794,0.9134519558649252,1.0,0.9335977311674998,0.4446,0.4446,0.0,0.0,0.8317252608442985,0.8723928092391446,1.0,1.0,0.8096,0.8096,0.0,0.0,0.8116329669603102,0.774947421798735,1.0,0.9105698534690538,0.8096,0.8096,0.0,0.0
,25,1.0,0.7837907462181648,0.8644782251320395,0.880789813507498,0.9348218750819608,0.889122410535768,0.7139516197507392,0.0,1.0,0.7457079430473661,0.31510569283762024,0.8905367100742921,0.8610607589089856,0.8847411505441679,0.9121011675954952,0.946399928625978,0.42,0.8517682128926941,0.0,1.0,0.7360549552702661,0.283644456767859,0.8488825071394741,0.7430136968942455,0.8985169356927586,0.8134907036057438,0.770260688822779,0.8011320583313895,0.9486547958498687,0.723,0.8135,0.7726278990700709,0.0,0.8496823403097302,0.2700091192472204,0.7524013789061157,0.8872775061645028,0.7888707871414207,0.8550832518173399,0.0,0.2891364507803059,0.9252028923791478,0.8084436189910887,1.0,0.31193842783590614,0.8135,0.0,0.8434465666396669,0.2750142751658429,0.8152083855778691,0.7951364007411978,0.844369665616017,0.983648806559072,0.7145074931872899,0.0,1.0,0.7213557046923879,0.27007694101877083,0.8344557383448773,0.7701086741533367,0.9293677395246625,0.816256202208818,0.7852303734196157,0.8427894978637454,0.9297070083414365,0.8135,0.812166531322896,0.0,1.0,0.9102450778690088,0.3228515498029009,0.8275444143951198,0.8983722796194549,0.9054385878677387,0.8561693443669922,0.8459229580915374,0.8195133311480238,0.9267239152111216,0.8135,0.8576468237170154,0.0,1.0,0.8228129192231575,0.282283610777379,0.8090182790128646,0.8355339513072131,0.8760674574993331,0.8936348550417796,0.9154356065429969,0.8135,0.874960136378632,0.0,1.0,0.8603441252836737,0.2952422970129139,0.7414534041740671,0.9126001283671374,0.832963637892773,0.9294783686926679,0.7427498584867894,1.0,0.42,0.7860703136836962,0.0,1.0,0.7465221855552697,0.8219141439656333,0.8758011474540063,0.8712822133594436,0.8820029347891851,0.723,0.7131294487722543,0.0,1.0,0.8374235452397094,0.8008057576620072,0.94620140231708,0.8175873390811289,0.9216211466916789,0.9715515656933826,0.8135,0.834844630672984,0.0,1.0,0.7231177414449383,0.26609486456248155,0.7306937829163902,0.9346723975037006,0.8040892337331982,0.8116429852840057,0.8879710379389325,0.8135,0.8324639235140538,0.0,0.9474724875069667,0.8749787609559015,0.0,1.0,0.8583015949014825,0.2858329688274146,0.9446140549511673,0.9104055606004512,0.7271428955564732,0.0,0.9122435616545016,0.32433784366730173,0.7223010381965538,0.9174969830315984,0.9146972784789038,0.8892713688672692,0.9188127684151266,0.42,0.8181083288843005,0.0,0.8135,0.0,0.7849829091461356,0.8574427570707227,0.0,1.0,0.8289410870068299,0.31635836394410066,0.7816880403467495,0.8245376352567624,0.8890071778262949,0.7724933200617717,0.7611730954179141,0.8643255425458543,1.0,0.42,0.7776934359056121,0.0,1.0,0.7495225779371426,0.31360337888216644,0.8261267410308308,0.8436955112576157,0.8920469458668707,0.9520433609426903,0.807767598277546,0.9108788792748818,0.9187023739488792,0.42,0.8474557008235984,0.0,0.7153335275483139,0.31189958297925285,0.761129175285695,0.9286414300658156,0.7550861031050176,0.0,1.0,0.9119284493386743,0.28028925990927556,0.7645377633801582,0.819349108171913,0.8807171488503935,0.8317858243081501,0.8993121384976632,0.8145500610448843,1.0,0.407,0.8225443757828026,0.0,0.29003627396487297,0.9623300316822216,0.0,0.7452139725065932,0.0,1.0,0.26314243770091245,0.8545702156548649,0.9090357677883476,0.42,0.8602521610543794,0.0,0.8563405382048409,0.2768267912108342,0.7471036929963937,0.8995358702754596,0.0,0.0,0.0,0.0,0.0,0.0,0.0,0.0,0.0,0.0,0.0,0.0,0.0,0.0,0.0,0.0,0.0,0.0,0.0,0.0,0.0,0.0,0.0,0.0,0.0,0.0,0.0,0.8749985512789953,0.8149319105813502,1.0,1.0,0.42,0.8135,0.0,0.0,0.407,0.407,0.8393695935917075,0.9460311497041833,1.0,0.9423926012030495,0.42,0.42,0.0,0.0,0.723,0.407,0.9149251188217593,0.7936656175697806,1.0,1.0,0.42,0.8135,0.0,0.0,0.723,0.407,0.7777103943164203,0.9385769534597096,1.0,1.0,0.42,0.8135,0.0,0.0,0.9404468663029837,0.7947241842390508,1.0,0.9398181681195636,0.42,0.8135,0.0,0.0,0.8927256561015642,0.8661314053410984,1.0,1.0,0.8135,0.8135,0.0,0.0,0.8415788014631189,0.9347455200747994,1.0,0.9624317442313094,0.42,0.0,0.0,0.407,0.407,0.8668494593490517,0.7679186807958505,1.0,1.0,0.8135,0.8135,0.0,0.0,0.723,0.723,0.8896425440709245,0.8867807979829478,1.0,0.9211014264018459,0.42,0.8135,0.0,0.0,0.723,0.723,0.7757477738109413,0.8315553880362221,1.0,1.0,0.42,0.8135,0.0,0.0,0.407,0.723,0.9068840866476655,0.784108969158914,1.0,1.0,0.8135,0.42,0.0,0.0,0.723,0.407,0.9510569467633565,0.9359073245079182,1.0,0.9147167475746062,0.0,0.723,0.723,0.9373819374791561,0.808804059897245,1.0,1.0,0.42,0.8135,0.0,0.0,0.723,0.723,0.8410022453489974,0.864452468787623,1.0,0.9976104286309453,0.42,0.42,0.0,0.0,0.8704520986854565,0.8692818407430531,1.0,0.9507962371212113,0.42,0.8135,0.0,0.0,0.8949179309955082,0.8187225606676203,1.0,1.0,0.42,0.8135,0.0,0.0,0.957854678407338,0.8155735379391108,1.0,0.9936466801071762,0.8135,0.42,0.0,0.0,0.8156036231783753,0.8643027120547091,1.0,0.9086631975416938,0.8135,0.42,0.0,0.0,0.8596989408509639,0.8873362785768855,1.0,1.0,0.42,0.8135,0.0,0.0,0.8384017944853777,0.9440354408019456,1.0,1.0,0.8135,0.8135,0.0,0.0,0.8252541369876546,0.9437646673193326,1.0,0.9163015124732122,0.42,0.8135,0.0,0.0,0.407,0.723,0.779186493720765,0.94627548823656,1.0,0.908518865553921,0.8135,0.42,0.0,0.0,0.8455886171231504,0.8130251357571989,1.0,1.0,0.42,0.42,0.0,0.0,0.723,0.407,0.9434300751950061,0.9472047418342839,1.0,1.0,0.8135,0.8135,0.0,0.0,0.797296283178794,0.9134519558649252,1.0,0.9335977311674998,0.42,0.42,0.0,0.0,0.8317252608442985,0.8723928092391446,1.0,1.0,0.8135,0.8135,0.0,0.0,0.8116329669603102,0.774947421798735,1.0,0.9105698534690538,0.8135,0.8135,0.0,0.0
,26,1.0,0.7837907462181648,0.8644782251320395,0.880789813507498,0.9348218750819608,0.889122410535768,0.7139516197507392,0.0,1.0,0.7457079430473661,0.31510569283762024,0.8905367100742921,0.8610607589089856,0.8847411505441679,0.9121011675954952,0.946399928625978,0.4016,0.8517682128926941,0.0,1.0,0.7360549552702661,0.283644456767859,0.8488825071394741,0.7430136968942455,0.8985169356927586,0.8134907036057438,0.770260688822779,0.8011320583313895,0.9486547958498687,0.7256,0.812,0.7726278990700709,0.0,0.8496823403097302,0.2700091192472204,0.7524013789061157,0.8872775061645028,0.7888707871414207,0.8550832518173399,0.0,0.2891364507803059,0.9252028923791478,0.8084436189910887,1.0,0.31193842783590614,0.812,0.0,0.8434465666396669,0.2750142751658429,0.8152083855778691,0.7951364007411978,0.844369665616017,0.983648806559072,0.7145074931872899,0.0,1.0,0.7213557046923879,0.27007694101877083,0.8344557383448773,0.7701086741533367,0.9293677395246625,0.816256202208818,0.7852303734196157,0.8427894978637454,0.9297070083414365,0.812,0.812166531322896,0.0,1.0,0.9102450778690088,0.3228515498029009,0.8275444143951198,0.8983722796194549,0.9054385878677387,0.8561693443669922,0.8459229580915374,0.8195133311480238,0.9267239152111216,0.812,0.8576468237170154,0.0,1.0,0.8228129192231575,0.282283610777379,0.8090182790128646,0.8355339513072131,0.8760674574993331,0.8936348550417796,0.9154356065429969,0.812,0.874960136378632,0.0,1.0,0.8603441252836737,0.2952422970129139,0.7414534041740671,0.9126001283671374,0.832963637892773,0.9294783686926679,0.7427498584867894,1.0,0.4016,0.7860703136836962,0.0,1.0,0.7465221855552697,0.8219141439656333,0.8758011474540063,0.8712822133594436,0.8820029347891851,0.7256,0.7131294487722543,0.0,1.0,0.8374235452397094,0.8008057576620072,0.94620140231708,0.8175873390811289,0.9216211466916789,0.9715515656933826,0.812,0.834844630672984,0.0,1.0,0.7231177414449383,0.26609486456248155,0.7306937829163902,0.9346723975037006,0.8040892337331982,0.8116429852840057,0.8879710379389325,0.812,0.8324639235140538,0.0,0.9474724875069667,0.8749787609559015,0.0,1.0,0.8583015949014825,0.2858329688274146,0.9446140549511673,0.9104055606004512,0.7271428955564732,0.0,0.9122435616545016,0.32433784366730173,0.7223010381965538,0.9174969830315984,0.9146972784789038,0.8892713688672692,0.9188127684151266,0.4016,0.8181083288843005,0.0,0.812,0.0,0.7849829091461356,0.8574427570707227,0.0,1.0,0.8289410870068299,0.31635836394410066,0.7816880403467495,0.8245376352567624,0.8890071778262949,0.7724933200617717,0.7611730954179141,0.8643255425458543,1.0,0.4016,0.7776934359056121,0.0,1.0,0.7495225779371426,0.31360337888216644,0.8261267410308308,0.8436955112576157,0.8920469458668707,0.9520433609426903,0.807767598277546,0.9108788792748818,0.9187023739488792,0.4016,0.8474557008235984,0.0,0.7153335275483139,0.31189958297925285,0.761129175285695,0.9286414300658156,0.7550861031050176,0.0,1.0,0.9119284493386743,0.28028925990927556,0.7645377633801582,0.819349108171913,0.8807171488503935,0.8317858243081501,0.8993121384976632,0.8145500610448843,1.0,0.4133,0.8225443757828026,0.0,0.29003627396487297,0.9623300316822216,0.0,0.7452139725065932,0.0,1.0,0.26314243770091245,0.8545702156548649,0.9090357677883476,0.4016,0.8602521610543794,0.0,0.8563405382048409,0.2768267912108342,0.7471036929963937,0.8995358702754596,0.0,0.0,0.0,0.0,0.0,0.0,0.0,0.0,0.0,0.0,0.0,0.0,0.0,0.0,0.0,0.0,0.0,0.0,0.0,0.0,0.0,0.0,0.0,0.0,0.0,0.0,0.0,0.8749985512789953,0.8149319105813502,1.0,1.0,0.4016,0.812,0.0,0.0,0.4133,0.4133,0.8393695935917075,0.9460311497041833,1.0,0.9423926012030495,0.4016,0.4016,0.0,0.0,0.7256,0.4133,0.9149251188217593,0.7936656175697806,1.0,1.0,0.4016,0.812,0.0,0.0,0.7256,0.4133,0.7777103943164203,0.9385769534597096,1.0,1.0,0.4016,0.812,0.0,0.0,0.9404468663029837,0.7947241842390508,1.0,0.9398181681195636,0.4016,0.812,0.0,0.0,0.8927256561015642,0.8661314053410984,1.0,1.0,0.812,0.812,0.0,0.0,0.8415788014631189,0.9347455200747994,1.0,0.9624317442313094,0.4016,0.0,0.0,0.4133,0.4133,0.8668494593490517,0.7679186807958505,1.0,1.0,0.812,0.812,0.0,0.0,0.7256,0.7256,0.8896425440709245,0.8867807979829478,1.0,0.9211014264018459,0.4016,0.812,0.0,0.0,0.7256,0.7256,0.7757477738109413,0.8315553880362221,1.0,1.0,0.4016,0.812,0.0,0.0,0.4133,0.7256,0.9068840866476655,0.784108969158914,1.0,1.0,0.812,0.4016,0.0,0.0,0.7256,0.4133,0.9510569467633565,0.9359073245079182,1.0,0.9147167475746062,0.0,0.7256,0.7256,0.9373819374791561,0.808804059897245,1.0,1.0,0.4016,0.812,0.0,0.0,0.7256,0.7256,0.8410022453489974,0.864452468787623,1.0,0.9976104286309453,0.4016,0.4016,0.0,0.0,0.8704520986854565,0.8692818407430531,1.0,0.9507962371212113,0.4016,0.812,0.0,0.0,0.8949179309955082,0.8187225606676203,1.0,1.0,0.4016,0.812,0.0,0.0,0.957854678407338,0.8155735379391108,1.0,0.9936466801071762,0.812,0.4016,0.0,0.0,0.8156036231783753,0.8643027120547091,1.0,0.9086631975416938,0.812,0.4016,0.0,0.0,0.8596989408509639,0.8873362785768855,1.0,1.0,0.4016,0.812,0.0,0.0,0.8384017944853777,0.9440354408019456,1.0,1.0,0.812,0.812,0.0,0.0,0.8252541369876546,0.9437646673193326,1.0,0.9163015124732122,0.4016,0.812,0.0,0.0,0.4133,0.7256,0.779186493720765,0.94627548823656,1.0,0.908518865553921,0.812,0.4016,0.0,0.0,0.8455886171231504,0.8130251357571989,1.0,1.0,0.4016,0.4016,0.0,0.0,0.7256,0.4133,0.9434300751950061,0.9472047418342839,1.0,1.0,0.812,0.812,0.0,0.0,0.797296283178794,0.9134519558649252,1.0,0.9335977311674998,0.4016,0.4016,0.0,0.0,0.8317252608442985,0.8723928092391446,1.0,1.0,0.812,0.812,0.0,0.0,0.8116329669603102,0.774947421798735,1.0,0.9105698534690538,0.812,0.812,0.0,0.0
,27,1.0,0.7837907462181648,0.8644782251320395,0.880789813507498,0.9348218750819608,0.889122410535768,0.7139516197507392,0.0,1.0,0.7457079430473661,0.31510569283762024,0.8905367100742921,0.8610607589089856,0.8847411505441679,0.9121011675954952,0.946399928625978,0.3923,0.8517682128926941,0.0,1.0,0.7360549552702661,0.283644456767859,0.8488825071394741,0.7430136968942455,0.8985169356927586,0.8134907036057438,0.770260688822779,0.8011320583313895,0.9486547958498687,0.7134,0.801,0.7726278990700709,0.0,0.8496823403097302,0.2700091192472204,0.7524013789061157,0.8872775061645028,0.7888707871414207,0.8550832518173399,0.0,0.2891364507803059,0.9252028923791478,0.8084436189910887,1.0,0.31193842783590614,0.801,0.0,0.8434465666396669,0.2750142751658429,0.8152083855778691,0.7951364007411978,0.844369665616017,0.983648806559072,0.7145074931872899,0.0,1.0,0.7213557046923879,0.27007694101877083,0.8344557383448773,0.7701086741533367,0.9293677395246625,0.816256202208818,0.7852303734196157,0.8427894978637454,0.9297070083414365,0.801,0.812166531322896,0.0,1.0,0.9102450778690088,0.3228515498029009,0.8275444143951198,0.8983722796194549,0.9054385878677387,0.8561693443669922,0.8459229580915374,0.8195133311480238,0.9267239152111216,0.801,0.8576468237170154,0.0,1.0,0.8228129192231575,0.282283610777379,0.8090182790128646,0.8355339513072131,0.8760674574993331,0.8936348550417796,0.9154356065429969,0.801,0.874960136378632,0.0,1.0,0.8603441252836737,0.2952422970129139,0.7414534041740671,0.9126001283671374,0.832963637892773,0.9294783686926679,0.7427498584867894,1.0,0.3923,0.7860703136836962,0.0,1.0,0.7465221855552697,0.8219141439656333,0.8758011474540063,0.8712822133594436,0.8820029347891851,0.7134,0.7131294487722543,0.0,1.0,0.8374235452397094,0.8008057576620072,0.94620140231708,0.8175873390811289,0.9216211466916789,0.9715515656933826,0.801,0.834844630672984,0.0,1.0,0.7231177414449383,0.26609486456248155,0.7306937829163902,0.9346723975037006,0.8040892337331982,0.8116429852840057,0.8879710379389325,0.801,0.8324639235140538,0.0,0.9474724875069667,0.8749787609559015,0.0,1.0,0.8583015949014825,0.2858329688274146,0.9446140549511673,0.9104055606004512,0.7271428955564732,0.0,0.9122435616545016,0.32433784366730173,0.7223010381965538,0.9174969830315984,0.9146972784789038,0.8892713688672692,0.9188127684151266,0.3923,0.8181083288843005,0.0,0.801,0.0,0.7849829091461356,0.8574427570707227,0.0,1.0,0.8289410870068299,0.31635836394410066,0.7816880403467495,0.8245376352567624,0.8890071778262949,0.7724933200617717,0.7611730954179141,0.8643255425458543,1.0,0.3923,0.7776934359056121,0.0,1.0,0.7495225779371426,0.31360337888216644,0.8261267410308308,0.8436955112576157,0.8920469458668707,0.9520433609426903,0.807767598277546,0.9108788792748818,0.9187023739488792,0.3923,0.8474557008235984,0.0,0.7153335275483139,0.31189958297925285,0.761129175285695,0.9286414300658156,0.7550861031050176,0.0,1.0,0.9119284493386743,0.28028925990927556,0.7645377633801582,0.819349108171913,0.8807171488503935,0.8317858243081501,0.8993121384976632,0.8145500610448843,1.0,0.4453,0.8225443757828026,0.0,0.29003627396487297,0.9623300316822216,0.0,0.7452139725065932,0.0,1.0,0.26314243770091245,0.8545702156548649,0.9090357677883476,0.3923,0.8602521610543794,0.0,0.8563405382048409,0.2768267912108342,0.7471036929963937,0.8995358702754596,0.0,0.0,0.0,0.0,0.0,0.0,0.0,0.0,0.0,0.0,0.0,0.0,0.0,0.0,0.0,0.0,0.0,0.0,0.0,0.0,0.0,0.0,0.0,0.0,0.0,0.0,0.0,0.8749985512789953,0.8149319105813502,1.0,1.0,0.3923,0.801,0.0,0.0,0.4453,0.4453,0.8393695935917075,0.9460311497041833,1.0,0.9423926012030495,0.3923,0.3923,0.0,0.0,0.7134,0.4453,0.9149251188217593,0.7936656175697806,1.0,1.0,0.3923,0.801,0.0,0.0,0.7134,0.4453,0.7777103943164203,0.9385769534597096,1.0,1.0,0.3923,0.801,0.0,0.0,0.9404468663029837,0.7947241842390508,1.0,0.9398181681195636,0.3923,0.801,0.0,0.0,0.8927256561015642,0.8661314053410984,1.0,1.0,0.801,0.801,0.0,0.0,0.8415788014631189,0.9347455200747994,1.0,0.9624317442313094,0.3923,0.0,0.0,0.4453,0.4453,0.8668494593490517,0.7679186807958505,1.0,1.0,0.801,0.801,0.0,0.0,0.7134,0.7134,0.8896425440709245,0.8867807979829478,1.0,0.9211014264018459,0.3923,0.801,0.0,0.0,0.7134,0.7134,0.7757477738109413,0.8315553880362221,1.0,1.0,0.3923,0.801,0.0,0.0,0.4453,0.7134,0.9068840866476655,0.784108969158914,1.0,1.0,0.801,0.3923,0.0,0.0,0.7134,0.4453,0.9510569467633565,0.9359073245079182,1.0,0.9147167475746062,0.0,0.7134,0.7134,0.9373819374791561,0.808804059897245,1.0,1.0,0.3923,0.801,0.0,0.0,0.7134,0.7134,0.8410022453489974,0.864452468787623,1.0,0.9976104286309453,0.3923,0.3923,0.0,0.0,0.8704520986854565,0.8692818407430531,1.0,0.9507962371212113,0.3923,0.801,0.0,0.0,0.8949179309955082,0.8187225606676203,1.0,1.0,0.3923,0.801,0.0,0.0,0.957854678407338,0.8155735379391108,1.0,0.9936466801071762,0.801,0.3923,0.0,0.0,0.8156036231783753,0.8643027120547091,1.0,0.9086631975416938,0.801,0.3923,0.0,0.0,0.8596989408509639,0.8873362785768855,1.0,1.0,0.3923,0.801,0.0,0.0,0.8384017944853777,0.9440354408019456,1.0,1.0,0.801,0.801,0.0,0.0,0.8252541369876546,0.9437646673193326,1.0,0.9163015124732122,0.3923,0.801,0.0,0.0,0.4453,0.7134,0.779186493720765,0.94627548823656,1.0,0.908518865553921,0.801,0.3923,0.0,0.0,0.8455886171231504,0.8130251357571989,1.0,1.0,0.3923,0.3923,0.0,0.0,0.7134,0.4453,0.9434300751950061,0.9472047418342839,1.0,1.0,0.801,0.801,0.0,0.0,0.797296283178794,0.9134519558649252,1.0,0.9335977311674998,0.3923,0.3923,0.0,0.0,0.8317252608442985,0.8723928092391446,1.0,1.0,0.801,0.801,0.0,0.0,0.8116329669603102,0.774947421798735,1.0,0.9105698534690538,0.801,0.801,0.0,0.0
,28,1.0,0.7837907462181648,0.8644782251320395,0.880789813507498,0.9348218750819608,0.889122410535768,0.7139516197507392,0.0,1.0,0.7457079430473661,0.31510569283762024,0.8905367100742921,0.8610607589089856,0.8847411505441679,0.9121011675954952,0.946399928625978,0.384,0.8517682128926941,0.0,1.0,0.7360549552702661,0.283644456767859,0.8488825071394741,0.7430136968942455,0.8985169356927586,0.8134907036057438,0.770260688822779,0.8011320583313895,0.9486547958498687,0.702,0.7793,0.7726278990700709,0.0,0.8496823403097302,0.2700091192472204,0.7524013789061157,0.8872775061645028,0.7888707871414207,0.8550832518173399,0.0,0.2891364507803059,0.9252028923791478,0.8084436189910887,1.0,0.31193842783590614,0.7793,0.0,0.8434465666396669,0.2750142751658429,0.8152083855778691,0.7951364007411978,0.844369665616017,0.983648806559072,0.7145074931872899,0.0,1.0,0.7213557046923879,0.27007694101877083,0.8344557383448773,0.7701086741533367,0.9293677395246625,0.816256202208818,0.7852303734196157,0.8427894978637454,0.9297070083414365,0.7793,0.812166531322896,0.0,1.0,0.9102450778690088,0.3228515498029009,0.8275444143951198,0.8983722796194549,0.9054385878677387,0.8561693443669922,0.8459229580915374,0.8195133311480238,0.9267239152111216,0.7793,0.8576468237170154,0.0,1.0,0.8228129192231575,0.282283610777379,0.8090182790128646,0.8355339513072131,0.8760674574993331,0.8936348550417796,0.9154356065429969,0.7793,0.874960136378632,0.0,1.0,0.8603441252836737,0.2952422970129139,0.7414534041740671,0.9126001283671374,0.832963637892773,0.9294783686926679,0.7427498584867894,1.0,0.384,0.7860703136836962,0.0,1.0,0.7465221855552697,0.8219141439656333,0.8758011474540063,0.8712822133594436,0.8820029347891851,0.702,0.7131294487722543,0.0,1.0,0.8374235452397094,0.8008057576620072,0.94620140231708,0.8175873390811289,0.9216211466916789,0.9715515656933826,0.7793,0.834844630672984,0.0,1.0,0.7231177414449383,0.26609486456248155,0.7306937829163902,0.9346723975037006,0.8040892337331982,0.8116429852840057,0.8879710379389325,0.7793,0.8324639235140538,0.0,0.9474724875069667,0.8749787609559015,0.0,1.0,0.8583015949014825,0.2858329688274146,0.9446140549511673,0.9104055606004512,0.7271428955564732,0.0,0.9122435616545016,0.32433784366730173,0.7223010381965538,0.9174969830315984,0.9146972784789038,0.8892713688672692,0.9188127684151266,0.384,0.8181083288843005,0.0,0.7793,0.0,0.7849829091461356,0.8574427570707227,0.0,1.0,0.8289410870068299,0.31635836394410066,0.7816880403467495,0.8245376352567624,0.8890071778262949,0.7724933200617717,0.7611730954179141,0.8643255425458543,1.0,0.384,0.7776934359056121,0.0,1.0,0.7495225779371426,0.31360337888216644,0.8261267410308308,0.8436955112576157,0.8920469458668707,0.9520433609426903,0.807767598277546,0.9108788792748818,0.9187023739488792,0.384,0.8474557008235984,0.0,0.7153335275483139,0.31189958297925285,0.761129175285695,0.9286414300658156,0.7550861031050176,0.0,1.0,0.9119284493386743,0.28028925990927556,0.7645377633801582,0.819349108171913,0.8807171488503935,0.8317858243081501,0.8993121384976632,0.8145500610448843,1.0,0.4714,0.8225443757828026,0.0,0.29003627396487297,0.9623300316822216,0.0,0.7452139725065932,0.0,1.0,0.26314243770091245,0.8545702156548649,0.9090357677883476,0.384,0.8602521610543794,0.0,0.8563405382048409,0.2768267912108342,0.7471036929963937,0.8995358702754596,0.0,0.0,0.0,0.0,0.0,0.0,0.0,0.0,0.0,0.0,0.0,0.0,0.0,0.0,0.0,0.0,0.0,0.0,0.0,0.0,0.0,0.0,0.0,0.0,0.0,0.0,0.0,0.8749985512789953,0.8149319105813502,1.0,1.0,0.384,0.7793,0.0,0.0,0.4714,0.4714,0.8393695935917075,0.9460311497041833,1.0,0.9423926012030495,0.384,0.384,0.0,0.0,0.702,0.4714,0.9149251188217593,0.7936656175697806,1.0,1.0,0.384,0.7793,0.0,0.0,0.702,0.4714,0.7777103943164203,0.9385769534597096,1.0,1.0,0.384,0.7793,0.0,0.0,0.9404468663029837,0.7947241842390508,1.0,0.9398181681195636,0.384,0.7793,0.0,0.0,0.8927256561015642,0.8661314053410984,1.0,1.0,0.7793,0.7793,0.0,0.0,0.8415788014631189,0.9347455200747994,1.0,0.9624317442313094,0.384,0.0,0.0,0.4714,0.4714,0.8668494593490517,0.7679186807958505,1.0,1.0,0.7793,0.7793,0.0,0.0,0.702,0.702,0.8896425440709245,0.8867807979829478,1.0,0.9211014264018459,0.384,0.7793,0.0,0.0,0.702,0.702,0.7757477738109413,0.8315553880362221,1.0,1.0,0.384,0.7793,0.0,0.0,0.4714,0.702,0.9068840866476655,0.784108969158914,1.0,1.0,0.7793,0.384,0.0,0.0,0.702,0.4714,0.9510569467633565,0.9359073245079182,1.0,0.9147167475746062,0.0,0.702,0.702,0.9373819374791561,0.808804059897245,1.0,1.0,0.384,0.7793,0.0,0.0,0.702,0.702,0.8410022453489974,0.864452468787623,1.0,0.9976104286309453,0.384,0.384,0.0,0.0,0.8704520986854565,0.8692818407430531,1.0,0.9507962371212113,0.384,0.7793,0.0,0.0,0.8949179309955082,0.8187225606676203,1.0,1.0,0.384,0.7793,0.0,0.0,0.957854678407338,0.8155735379391108,1.0,0.9936466801071762,0.7793,0.384,0.0,0.0,0.8156036231783753,0.8643027120547091,1.0,0.9086631975416938,0.7793,0.384,0.0,0.0,0.8596989408509639,0.8873362785768855,1.0,1.0,0.384,0.7793,0.0,0.0,0.8384017944853777,0.9440354408019456,1.0,1.0,0.7793,0.7793,0.0,0.0,0.8252541369876546,0.9437646673193326,1.0,0.9163015124732122,0.384,0.7793,0.0,0.0,0.4714,0.702,0.779186493720765,0.94627548823656,1.0,0.908518865553921,0.7793,0.384,0.0,0.0,0.8455886171231504,0.8130251357571989,1.0,1.0,0.384,0.384,0.0,0.0,0.702,0.4714,0.9434300751950061,0.9472047418342839,1.0,1.0,0.7793,0.7793,0.0,0.0,0.797296283178794,0.9134519558649252,1.0,0.9335977311674998,0.384,0.384,0.0,0.0,0.8317252608442985,0.8723928092391446,1.0,1.0,0.7793,0.7793,0.0,0.0,0.8116329669603102,0.774947421798735,1.0,0.9105698534690538,0.7793,0.7793,0.0,0.0
,29,1.0,0.7837907462181648,0.8644782251320395,0.880789813507498,0.9348218750819608,0.889122410535768,0.7139516197507392,0.0,1.0,0.7457079430473661,0.31510569283762024,0.8905367100742921,0.8610607589089856,0.8847411505441679,0.9121011675954952,0.946399928625978,0.3752,0.8517682128926941,0.0,1.0,0.7360549552702661,0.283644456767859,0.8488825071394741,0.7430136968942455,0.8985169356927586,0.8134907036057438,0.770260688822779,0.8011320583313895,0.9486547958498687,0.699,0.7573,0.7726278990700709,0.0,0.8496823403097302,0.2700091192472204,0.7524013789061157,0.8872775061645028,0.7888707871414207,0.8550832518173399,0.0,0.2891364507803059,0.9252028923791478,0.8084436189910887,1.0,0.31193842783590614,0.7573,0.0,0.8434465666396669,0.2750142751658429,0.8152083855778691,0.7951364007411978,0.844369665616017,0.983648806559072,0.7145074931872899,0.0,1.0,0.7213557046923879,0.27007694101877083,0.8344557383448773,0.7701086741533367,0.9293677395246625,0.816256202208818,0.7852303734196157,0.8427894978637454,0.9297070083414365,0.7573,0.812166531322896,0.0,1.0,0.9102450778690088,0.3228515498029009,0.8275444143951198,0.8983722796194549,0.9054385878677387,0.8561693443669922,0.8459229580915374,0.8195133311480238,0.9267239152111216,0.7573,0.8576468237170154,0.0,1.0,0.8228129192231575,0.282283610777379,0.8090182790128646,0.8355339513072131,0.8760674574993331,0.8936348550417796,0.9154356065429969,0.7573,0.874960136378632,0.0,1.0,0.8603441252836737,0.2952422970129139,0.7414534041740671,0.9126001283671374,0.832963637892773,0.9294783686926679,0.7427498584867894,1.0,0.3752,0.7860703136836962,0.0,1.0,0.7465221855552697,0.8219141439656333,0.8758011474540063,0.8712822133594436,0.8820029347891851,0.699,0.7131294487722543,0.0,1.0,0.8374235452397094,0.8008057576620072,0.94620140231708,0.8175873390811289,0.9216211466916789,0.9715515656933826,0.7573,0.834844630672984,0.0,1.0,0.7231177414449383,0.26609486456248155,0.7306937829163902,0.9346723975037006,0.8040892337331982,0.8116429852840057,0.8879710379389325,0.7573,0.8324639235140538,0.0,0.9474724875069667,0.8749787609559015,0.0,1.0,0.8583015949014825,0.2858329688274146,0.9446140549511673,0.9104055606004512,0.7271428955564732,0.0,0.9122435616545016,0.32433784366730173,0.7223010381965538,0.9174969830315984,0.9146972784789038,0.8892713688672692,0.9188127684151266,0.3752,0.8181083288843005,0.0,0.7573,0.0,0.7849829091461356,0.8574427570707227,0.0,1.0,0.8289410870068299,0.31635836394410066,0.7816880403467495,0.8245376352567624,0.8890071778262949,0.7724933200617717,0.7611730954179141,0.8643255425458543,1.0,0.3752,0.7776934359056121,0.0,1.0,0.7495225779371426,0.31360337888216644,0.8261267410308308,0.8436955112576157,0.8920469458668707,0.9520433609426903,0.807767598277546,0.9108788792748818,0.9187023739488792,0.3752,0.8474557008235984,0.0,0.7153335275483139,0.31189958297925285,0.761129175285695,0.9286414300658156,0.7550861031050176,0.0,1.0,0.9119284493386743,0.28028925990927556,0.7645377633801582,0.819349108171913,0.8807171488503935,0.8317858243081501,0.8993121384976632,0.8145500610448843,1.0,0.4856,0.8225443757828026,0.0,0.29003627396487297,0.9623300316822216,0.0,0.7452139725065932,0.0,1.0,0.26314243770091245,0.8545702156548649,0.9090357677883476,0.3752,0.8602521610543794,0.0,0.8563405382048409,0.2768267912108342,0.7471036929963937,0.8995358702754596,0.0,0.0,0.0,0.0,0.0,0.0,0.0,0.0,0.0,0.0,0.0,0.0,0.0,0.0,0.0,0.0,0.0,0.0,0.0,0.0,0.0,0.0,0.0,0.0,0.0,0.0,0.0,0.8749985512789953,0.8149319105813502,1.0,1.0,0.3752,0.7573,0.0,0.0,0.4856,0.4856,0.8393695935917075,0.9460311497041833,1.0,0.9423926012030495,0.3752,0.3752,0.0,0.0,0.699,0.4856,0.9149251188217593,0.7936656175697806,1.0,1.0,0.3752,0.7573,0.0,0.0,0.699,0.4856,0.7777103943164203,0.9385769534597096,1.0,1.0,0.3752,0.7573,0.0,0.0,0.9404468663029837,0.7947241842390508,1.0,0.9398181681195636,0.3752,0.7573,0.0,0.0,0.8927256561015642,0.8661314053410984,1.0,1.0,0.7573,0.7573,0.0,0.0,0.8415788014631189,0.9347455200747994,1.0,0.9624317442313094,0.3752,0.0,0.0,0.4856,0.4856,0.8668494593490517,0.7679186807958505,1.0,1.0,0.7573,0.7573,0.0,0.0,0.699,0.699,0.8896425440709245,0.8867807979829478,1.0,0.9211014264018459,0.3752,0.7573,0.0,0.0,0.699,0.699,0.7757477738109413,0.8315553880362221,1.0,1.0,0.3752,0.7573,0.0,0.0,0.4856,0.699,0.9068840866476655,0.784108969158914,1.0,1.0,0.7573,0.3752,0.0,0.0,0.699,0.4856,0.9510569467633565,0.9359073245079182,1.0,0.9147167475746062,0.0,0.699,0.699,0.9373819374791561,0.808804059897245,1.0,1.0,0.3752,0.7573,0.0,0.0,0.699,0.699,0.8410022453489974,0.864452468787623,1.0,0.9976104286309453,0.3752,0.3752,0.0,0.0,0.8704520986854565,0.8692818407430531,1.0,0.9507962371212113,0.3752,0.7573,0.0,0.0,0.8949179309955082,0.8187225606676203,1.0,1.0,0.3752,0.7573,0.0,0.0,0.957854678407338,0.8155735379391108,1.0,0.9936466801071762,0.7573,0.3752,0.0,0.0,0.8156036231783753,0.8643027120547091,1.0,0.9086631975416938,0.7573,0.3752,0.0,0.0,0.8596989408509639,0.8873362785768855,1.0,1.0,0.3752,0.7573,0.0,0.0,0.8384017944853777,0.9440354408019456,1.0,1.0,0.7573,0.7573,0.0,0.0,0.8252541369876546,0.9437646673193326,1.0,0.9163015124732122,0.3752,0.7573,0.0,0.0,0.4856,0.699,0.779186493720765,0.94627548823656,1.0,0.908518865553921,0.7573,0.3752,0.0,0.0,0.8455886171231504,0.8130251357571989,1.0,1.0,0.3752,0.3752,0.0,0.0,0.699,0.4856,0.9434300751950061,0.9472047418342839,1.0,1.0,0.7573,0.7573,0.0,0.0,0.797296283178794,0.9134519558649252,1.0,0.9335977311674998,0.3752,0.3752,0.0,0.0,0.8317252608442985,0.8723928092391446,1.0,1.0,0.7573,0.7573,0.0,0.0,0.8116329669603102,0.774947421798735,1.0,0.9105698534690538,0.7573,0.7573,0.0,0.0
,30,1.0,0.7837907462181648,0.8644782251320395,0.880789813507498,0.9348218750819608,0.889122410535768,0.7139516197507392,0.0,1.0,0.7457079430473661,0.31510569283762024,0.8905367100742921,0.8610607589089856,0.8847411505441679,0.9121011675954952,0.946399928625978,0.3691,0.8517682128926941,0.0,1.0,0.7360549552702661,0.283644456767859,0.8488825071394741,0.7430136968942455,0.8985169356927586,0.8134907036057438,0.770260688822779,0.8011320583313895,0.9486547958498687,0.695,0.734,0.7726278990700709,0.0,0.8496823403097302,0.2700091192472204,0.7524013789061157,0.8872775061645028,0.7888707871414207,0.8550832518173399,0.0,0.2891364507803059,0.9252028923791478,0.8084436189910887,1.0,0.31193842783590614,0.734,0.0,0.8434465666396669,0.2750142751658429,0.8152083855778691,0.7951364007411978,0.844369665616017,0.983648806559072,0.7145074931872899,0.0,1.0,0.7213557046923879,0.27007694101877083,0.8344557383448773,0.7701086741533367,0.9293677395246625,0.816256202208818,0.7852303734196157,0.8427894978637454,0.9297070083414365,0.734,0.812166531322896,0.0,1.0,0.9102450778690088,0.3228515498029009,0.8275444143951198,0.8983722796194549,0.9054385878677387,0.8561693443669922,0.8459229580915374,0.8195133311480238,0.9267239152111216,0.734,0.8576468237170154,0.0,1.0,0.8228129192231575,0.282283610777379,0.8090182790128646,0.8355339513072131,0.8760674574993331,0.8936348550417796,0.9154356065429969,0.734,0.874960136378632,0.0,1.0,0.8603441252836737,0.2952422970129139,0.7414534041740671,0.9126001283671374,0.832963637892773,0.9294783686926679,0.7427498584867894,1.0,0.3691,0.7860703136836962,0.0,1.0,0.7465221855552697,0.8219141439656333,0.8758011474540063,0.8712822133594436,0.8820029347891851,0.695,0.7131294487722543,0.0,1.0,0.8374235452397094,0.8008057576620072,0.94620140231708,0.8175873390811289,0.9216211466916789,0.9715515656933826,0.734,0.834844630672984,0.0,1.0,0.7231177414449383,0.26609486456248155,0.7306937829163902,0.9346723975037006,0.8040892337331982,0.8116429852840057,0.8879710379389325,0.734,0.8324639235140538,0.0,0.9474724875069667,0.8749787609559015,0.0,1.0,0.8583015949014825,0.2858329688274146,0.9446140549511673,0.9104055606004512,0.7271428955564732,0.0,0.9122435616545016,0.32433784366730173,0.7223010381965538,0.9174969830315984,0.9146972784789038,0.8892713688672692,0.9188127684151266,0.3691,0.8181083288843005,0.0,0.734,0.0,0.7849829091461356,0.8574427570707227,0.0,1.0,0.8289410870068299,0.31635836394410066,0.7816880403467495,0.8245376352567624,0.8890071778262949,0.7724933200617717,0.7611730954179141,0.8643255425458543,1.0,0.3691,0.7776934359056121,0.0,1.0,0.7495225779371426,0.31360337888216644,0.8261267410308308,0.8436955112576157,0.8920469458668707,0.9520433609426903,0.807767598277546,0.9108788792748818,0.9187023739488792,0.3691,0.8474557008235984,0.0,0.7153335275483139,0.31189958297925285,0.761129175285695,0.9286414300658156,0.7550861031050176,0.0,1.0,0.9119284493386743,0.28028925990927556,0.7645377633801582,0.819349108171913,0.8807171488503935,0.8317858243081501,0.8993121384976632,0.8145500610448843,1.0,0.487,0.8225443757828026,0.0,0.29003627396487297,0.9623300316822216,0.0,0.7452139725065932,0.0,1.0,0.26314243770091245,0.8545702156548649,0.9090357677883476,0.3691,0.8602521610543794,0.0,0.8563405382048409,0.2768267912108342,0.7471036929963937,0.8995358702754596,0.0,0.0,0.0,0.0,0.0,0.0,0.0,0.0,0.0,0.0,0.0,0.0,0.0,0.0,0.0,0.0,0.0,0.0,0.0,0.0,0.0,0.0,0.0,0.0,0.0,0.0,0.0,0.8749985512789953,0.8149319105813502,1.0,1.0,0.3691,0.734,0.0,0.0,0.487,0.487,0.8393695935917075,0.9460311497041833,1.0,0.9423926012030495,0.3691,0.3691,0.0,0.0,0.695,0.487,0.9149251188217593,0.7936656175697806,1.0,1.0,0.3691,0.734,0.0,0.0,0.695,0.487,0.7777103943164203,0.9385769534597096,1.0,1.0,0.3691,0.734,0.0,0.0,0.9404468663029837,0.7947241842390508,1.0,0.9398181681195636,0.3691,0.734,0.0,0.0,0.8927256561015642,0.8661314053410984,1.0,1.0,0.734,0.734,0.0,0.0,0.8415788014631189,0.9347455200747994,1.0,0.9624317442313094,0.3691,0.0,0.0,0.487,0.487,0.8668494593490517,0.7679186807958505,1.0,1.0,0.734,0.734,0.0,0.0,0.695,0.695,0.8896425440709245,0.8867807979829478,1.0,0.9211014264018459,0.3691,0.734,0.0,0.0,0.695,0.695,0.7757477738109413,0.8315553880362221,1.0,1.0,0.3691,0.734,0.0,0.0,0.487,0.695,0.9068840866476655,0.784108969158914,1.0,1.0,0.734,0.3691,0.0,0.0,0.695,0.487,0.9510569467633565,0.9359073245079182,1.0,0.9147167475746062,0.0,0.695,0.695,0.9373819374791561,0.808804059897245,1.0,1.0,0.3691,0.734,0.0,0.0,0.695,0.695,0.8410022453489974,0.864452468787623,1.0,0.9976104286309453,0.3691,0.3691,0.0,0.0,0.8704520986854565,0.8692818407430531,1.0,0.9507962371212113,0.3691,0.734,0.0,0.0,0.8949179309955082,0.8187225606676203,1.0,1.0,0.3691,0.734,0.0,0.0,0.957854678407338,0.8155735379391108,1.0,0.9936466801071762,0.734,0.3691,0.0,0.0,0.8156036231783753,0.8643027120547091,1.0,0.9086631975416938,0.734,0.3691,0.0,0.0,0.8596989408509639,0.8873362785768855,1.0,1.0,0.3691,0.734,0.0,0.0,0.8384017944853777,0.9440354408019456,1.0,1.0,0.734,0.734,0.0,0.0,0.8252541369876546,0.9437646673193326,1.0,0.9163015124732122,0.3691,0.734,0.0,0.0,0.487,0.695,0.779186493720765,0.94627548823656,1.0,0.908518865553921,0.734,0.3691,0.0,0.0,0.8455886171231504,0.8130251357571989,1.0,1.0,0.3691,0.3691,0.0,0.0,0.695,0.487,0.9434300751950061,0.9472047418342839,1.0,1.0,0.734,0.734,0.0,0.0,0.797296283178794,0.9134519558649252,1.0,0.9335977311674998,0.3691,0.3691,0.0,0.0,0.8317252608442985,0.8723928092391446,1.0,1.0,0.734,0.734,0.0,0.0,0.8116329669603102,0.774947421798735,1.0,0.9105698534690538,0.734,0.734,0.0,0.0
,31,1.0,0.7837907462181648,0.8644782251320395,0.880789813507498,0.9348218750819608,0.889122410535768,0.7139516197507392,0.000603,1.0,0.7457079430473661,0.31510569283762024,0.8905367100742921,0.8610607589089856,0.8847411505441679,0.9121011675954952,0.946399928625978,0.363,0.8517682128926941,0.0,1.0,0.7360549552702661,0.283644456767859,0.8488825071394741,0.7430136968942455,0.8985169356927586,0.8134907036057438,0.770260688822779,0.8011320583313895,0.9486547958498687,0.698,0.7134,0.7726278990700709,0.0,0.8496823403097302,0.2700091192472204,0.7524013789061157,0.8872775061645028,0.7888707871414207,0.8550832518173399,0.000603,0.2891364507803059,0.9252028923791478,0.8084436189910887,1.0,0.31193842783590614,0.7134,0.000603,0.8434465666396669,0.2750142751658429,0.8152083855778691,0.7951364007411978,0.844369665616017,0.983648806559072,0.7145074931872899,0.000603,1.0,0.7213557046923879,0.27007694101877083,0.8344557383448773,0.7701086741533367,0.9293677395246625,0.816256202208818,0.7852303734196157,0.8427894978637454,0.9297070083414365,0.7134,0.812166531322896,0.0,1.0,0.9102450778690088,0.3228515498029009,0.8275444143951198,0.8983722796194549,0.9054385878677387,0.8561693443669922,0.8459229580915374,0.8195133311480238,0.9267239152111216,0.7134,0.8576468237170154,0.000603,1.0,0.8228129192231575,0.282283610777379,0.8090182790128646,0.8355339513072131,0.8760674574993331,0.8936348550417796,0.9154356065429969,0.7134,0.874960136378632,0.0,1.0,0.8603441252836737,0.2952422970129139,0.7414534041740671,0.9126001283671374,0.832963637892773,0.9294783686926679,0.7427498584867894,1.0,0.363,0.7860703136836962,0.0,1.0,0.7465221855552697,0.8219141439656333,0.8758011474540063,0.8712822133594436,0.8820029347891851,0.698,0.7131294487722543,0.000603,1.0,0.8374235452397094,0.8008057576620072,0.94620140231708,0.8175873390811289,0.9216211466916789,0.9715515656933826,0.7134,0.834844630672984,0.000603,1.0,0.7231177414449383,0.26609486456248155,0.7306937829163902,0.9346723975037006,0.8040892337331982,0.8116429852840057,0.8879710379389325,0.7134,0.8324639235140538,0.000603,0.9474724875069667,0.8749787609559015,0.000603,1.0,0.8583015949014825,0.2858329688274146,0.9446140549511673,0.9104055606004512,0.7271428955564732,0.0,0.9122435616545016,0.32433784366730173,0.7223010381965538,0.9174969830315984,0.9146972784789038,0.8892713688672692,0.9188127684151266,0.363,0.8181083288843005,0.0,0.7134,0.0,0.7849829091461356,0.8574427570707227,0.000603,1.0,0.8289410870068299,0.31635836394410066,0.7816880403467495,0.8245376352567624,0.8890071778262949,0.7724933200617717,0.7611730954179141,0.8643255425458543,1.0,0.363,0.7776934359056121,0.0,1.0,0.7495225779371426,0.31360337888216644,0.8261267410308308,0.8436955112576157,0.8920469458668707,0.9520433609426903,0.807767598277546,0.9108788792748818,0.9187023739488792,0.363,0.8474557008235984,0.0,0.7153335275483139,0.31189958297925285,0.761129175285695,0.9286414300658156,0.7550861031050176,0.0,1.0,0.9119284493386743,0.28028925990927556,0.7645377633801582,0.819349108171913,0.8807171488503935,0.8317858243081501,0.8993121384976632,0.8145500610448843,1.0,0.5034,0.8225443757828026,0.0,0.29003627396487297,0.9623300316822216,0.000603,0.7452139725065932,0.0,1.0,0.26314243770091245,0.8545702156548649,0.9090357677883476,0.363,0.8602521610543794,0.0,0.8563405382048409,0.2768267912108342,0.7471036929963937,0.8995358702754596,0.0004913993658583863,0.0004702405740238244,0.0,0.0004863172780521404,0.0004938338547714968,0.0004723947225967571,0.0004749634897112086,0.0,0.0,0.00047341470395193013,0.00047990071993644993,0.00048268943758541426,0.0004921422527292627,0.00046853516072005197,0.0,0.0004941093600571683,0.00048703464219447464,0.0,0.0,0.00047058924775003955,0.0,0.0,0.0,0.0,0.0,0.00047990381757902537,0.0,0.8749985512789953,0.8149319105813502,1.0,1.0,0.363,0.7134,0.000603,0.000603,0.5034,0.5034,0.8393695935917075,0.9460311497041833,1.0,0.9423926012030495,0.363,0.363,0.000603,0.000603,0.698,0.5034,0.9149251188217593,0.7936656175697806,1.0,1.0,0.363,0.7134,0.000603,0.0,0.698,0.5034,0.7777103943164203,0.9385769534597096,1.0,1.0,0.363,0.7134,0.0,0.000603,0.9404468663029837,0.7947241842390508,1.0,0.9398181681195636,0.363,0.7134,0.000603,0.000603,0.8927256561015642,0.8661314053410984,1.0,1.0,0.7134,0.7134,0.0,0.0,0.8415788014631189,0.9347455200747994,1.0,0.9624317442313094,0.363,0.0,0.0,0.5034,0.5034,0.8668494593490517,0.7679186807958505,1.0,1.0,0.7134,0.7134,0.0,0.000603,0.698,0.698,0.8896425440709245,0.8867807979829478,1.0,0.9211014264018459,0.363,0.7134,0.0,0.000603,0.698,0.698,0.7757477738109413,0.8315553880362221,1.0,1.0,0.363,0.7134,0.0,0.000603,0.5034,0.698,0.9068840866476655,0.784108969158914,1.0,1.0,0.7134,0.363,0.000603,0.0,0.698,0.5034,0.9510569467633565,0.9359073245079182,1.0,0.9147167475746062,0.000603,0.698,0.698,0.9373819374791561,0.808804059897245,1.0,1.0,0.363,0.7134,0.000603,0.0,0.698,0.698,0.8410022453489974,0.864452468787623,1.0,0.9976104286309453,0.363,0.363,0.000603,0.0,0.8704520986854565,0.8692818407430531,1.0,0.9507962371212113,0.363,0.7134,0.000603,0.0,0.8949179309955082,0.8187225606676203,1.0,1.0,0.363,0.7134,0.0,0.0,0.957854678407338,0.8155735379391108,1.0,0.9936466801071762,0.7134,0.363,0.000603,0.0,0.8156036231783753,0.8643027120547091,1.0,0.9086631975416938,0.7134,0.363,0.000603,0.000603,0.8596989408509639,0.8873362785768855,1.0,1.0,0.363,0.7134,0.000603,0.000603,0.8384017944853777,0.9440354408019456,1.0,1.0,0.7134,0.7134,0.0,0.0,0.8252541369876546,0.9437646673193326,1.0,0.9163015124732122,0.363,0.7134,0.0,0.000603,0.5034,0.698,0.779186493720765,0.94627548823656,1.0,0.908518865553921,0.7134,0.363,0.0,0.0,0.8455886171231504,0.8130251357571989,1.0,1.0,0.363,0.363,0.000603,0.0,0.698,0.5034,0.9434300751950061,0.9472047418342839,1.0,1.0,0.7134,0.7134,0.0,0.000603,0.797296283178794,0.9134519558649252,1.0,0.9335977311674998,0.363,0.363,0.0,0.0,0.8317252608442985,0.8723928092391446,1.0,1.0,0.7134,0.7134,0.0,0.0,0.8116329669603102,0.774947421798735,1.0,0.9105698534690538,0.7134,0.7134,0.000603,0.0
,32,1.0,0.7837907462181648,0.8644782251320395,0.880789813507498,0.9348218750819608,0.889122410535768,0.7139516197507392,0.1329,1.0,0.7457079430473661,0.31510569283762024,0.8905367100742921,0.8610607589089856,0.8847411505441679,0.9121011675954952,0.946399928625978,0.3164,0.8517682128926941,0.02524,1.0,0.7360549552702661,0.283644456767859,0.8488825071394741,0.7430136968942455,0.8985169356927586,0.8134907036057438,0.770260688822779,0.8011320583313895,0.9486547958498687,0.6875,0.677,0.7726278990700709,0.02524,0.8496823403097302,0.2700091192472204,0.7524013789061157,0.8872775061645028,0.7888707871414207,0.8550832518173399,0.1329,0.2891364507803059,0.9252028923791478,0.8084436189910887,1.0,0.31193842783590614,0.677,0.1329,0.8434465666396669,0.2750142751658429,0.8152083855778691,0.7951364007411978,0.844369665616017,0.983648806559072,0.7145074931872899,0.1329,1.0,0.7213557046923879,0.27007694101877083,0.8344557383448773,0.7701086741533367,0.9293677395246625,0.816256202208818,0.7852303734196157,0.8427894978637454,0.9297070083414365,0.677,0.812166531322896,0.02524,1.0,0.9102450778690088,0.3228515498029009,0.8275444143951198,0.8983722796194549,0.9054385878677387,0.8561693443669922,0.8459229580915374,0.8195133311480238,0.9267239152111216,0.677,0.8576468237170154,0.1329,1.0,0.8228129192231575,0.282283610777379,0.8090182790128646,0.8355339513072131,0.8760674574993331,0.8936348550417796,0.9154356065429969,0.677,0.874960136378632,0.02524,1.0,0.8603441252836737,0.2952422970129139,0.7414534041740671,0.9126001283671374,0.832963637892773,0.9294783686926679,0.7427498584867894,1.0,0.3164,0.7860703136836962,0.02524,1.0,0.7465221855552697,0.8219141439656333,0.8758011474540063,0.8712822133594436,0.8820029347891851,0.6875,0.7131294487722543,0.1329,1.0,0.8374235452397094,0.8008057576620072,0.94620140231708,0.8175873390811289,0.9216211466916789,0.9715515656933826,0.677,0.834844630672984,0.1329,1.0,0.7231177414449383,0.26609486456248155,0.7306937829163902,0.9346723975037006,0.8040892337331982,0.8116429852840057,0.8879710379389325,0.677,0.8324639235140538,0.1329,0.9474724875069667,0.8749787609559015,0.1329,1.0,0.8583015949014825,0.2858329688274146,0.9446140549511673,0.9104055606004512,0.7271428955564732,0.02524,0.9122435616545016,0.32433784366730173,0.7223010381965538,0.9174969830315984,0.9146972784789038,0.8892713688672692,0.9188127684151266,0.3164,0.8181083288843005,0.02524,0.677,0.02524,0.7849829091461356,0.8574427570707227,0.1329,1.0,0.8289410870068299,0.31635836394410066,0.7816880403467495,0.8245376352567624,0.8890071778262949,0.7724933200617717,0.7611730954179141,0.8643255425458543,1.0,0.3164,0.7776934359056121,0.02524,1.0,0.7495225779371426,0.31360337888216644,0.8261267410308308,0.8436955112576157,0.8920469458668707,0.9520433609426903,0.807767598277546,0.9108788792748818,0.9187023739488792,0.3164,0.8474557008235984,0.02524,0.7153335275483139,0.31189958297925285,0.761129175285695,0.9286414300658156,0.7550861031050176,0.02524,1.0,0.9119284493386743,0.28028925990927556,0.7645377633801582,0.819349108171913,0.8807171488503935,0.8317858243081501,0.8993121384976632,0.8145500610448843,1.0,0.51,0.8225443757828026,0.02524,0.29003627396487297,0.9623300316822216,0.1329,0.7452139725065932,0.02524,1.0,0.26314243770091245,0.8545702156548649,0.9090357677883476,0.3164,0.8602521610543794,0.02524,0.8563405382048409,0.2768267912108342,0.7471036929963937,0.8995358702754596,0.10830344232600256,0.10364008671271353,0.020105284478981474,0.10718336028711352,0.10883999883769804,0.10411485677132506,0.10468100793137582,0.01988025730207537,0.020673114485948916,0.10433965863219156,0.10576916364768522,0.1063837914678301,0.1084671731139619,0.10326421701441942,0.020215362523609413,0.10890071965439083,0.10734146591649366,0.01995928531766822,0.020303109790231526,0.10371693370809329,0.02076379563452354,0.019992398669105727,0.02077195070281552,0.019735608520591814,0.02013400417185436,0.10576984636194439,0.019745905740295555,0.8749985512789953,0.8149319105813502,1.0,1.0,0.3164,0.677,0.1329,0.1329,0.51,0.51,0.8393695935917075,0.9460311497041833,1.0,0.9423926012030495,0.3164,0.3164,0.1329,0.1329,0.6875,0.51,0.9149251188217593,0.7936656175697806,1.0,1.0,0.3164,0.677,0.1329,0.02524,0.6875,0.51,0.7777103943164203,0.9385769534597096,1.0,1.0,0.3164,0.677,0.02524,0.1329,0.9404468663029837,0.7947241842390508,1.0,0.9398181681195636,0.3164,0.677,0.1329,0.1329,0.8927256561015642,0.8661314053410984,1.0,1.0,0.677,0.677,0.02524,0.02524,0.8415788014631189,0.9347455200747994,1.0,0.9624317442313094,0.3164,0.02524,0.02524,0.51,0.51,0.8668494593490517,0.7679186807958505,1.0,1.0,0.677,0.677,0.02524,0.1329,0.6875,0.6875,0.8896425440709245,0.8867807979829478,1.0,0.9211014264018459,0.3164,0.677,0.02524,0.1329,0.6875,0.6875,0.7757477738109413,0.8315553880362221,1.0,1.0,0.3164,0.677,0.02524,0.1329,0.51,0.6875,0.9068840866476655,0.784108969158914,1.0,1.0,0.677,0.3164,0.1329,0.02524,0.6875,0.51,0.9510569467633565,0.9359073245079182,1.0,0.9147167475746062,0.1329,0.6875,0.6875,0.9373819374791561,0.808804059897245,1.0,1.0,0.3164,0.677,0.1329,0.02524,0.6875,0.6875,0.8410022453489974,0.864452468787623,1.0,0.9976104286309453,0.3164,0.3164,0.1329,0.02524,0.8704520986854565,0.8692818407430531,1.0,0.9507962371212113,0.3164,0.677,0.1329,0.02524,0.8949179309955082,0.8187225606676203,1.0,1.0,0.3164,0.677,0.02524,0.02524,0.957854678407338,0.8155735379391108,1.0,0.9936466801071762,0.677,0.3164,0.1329,0.02524,0.8156036231783753,0.8643027120547091,1.0,0.9086631975416938,0.677,0.3164,0.1329,0.1329,0.8596989408509639,0.8873362785768855,1.0,1.0,0.3164,0.677,0.1329,0.1329,0.8384017944853777,0.9440354408019456,1.0,1.0,0.677,0.677,0.02524,0.02524,0.8252541369876546,0.9437646673193326,1.0,0.9163015124732122,0.3164,0.677,0.02524,0.1329,0.51,0.6875,0.779186493720765,0.94627548823656,1.0,0.908518865553921,0.677,0.3164,0.02524,0.02524,0.8455886171231504,0.8130251357571989,1.0,1.0,0.3164,0.3164,0.1329,0.02524,0.6875,0.51,0.9434300751950061,0.9472047418342839,1.0,1.0,0.677,0.677,0.02524,0.1329,0.797296283178794,0.9134519558649252,1.0,0.9335977311674998,0.3164,0.3164,0.02524,0.02524,0.8317252608442985,0.8723928092391446,1.0,1.0,0.677,0.677,0.02524,0.02524,0.8116329669603102,0.774947421798735,1.0,0.9105698534690538,0.677,0.677,0.1329,0.02524
,33,1.0,0.7837907462181648,0.8644782251320395,0.880789813507498,0.9348218750819608,0.889122410535768,0.7139516197507392,0.3962,1.0,0.7457079430473661,0.31510569283762024,0.8905367100742921,0.8610607589089856,0.8847411505441679,0.9121011675954952,0.946399928625978,0.2238,0.8517682128926941,0.1067,1.0,0.7360549552702661,0.283644456767859,0.8488825071394741,0.7430136968942455,0.8985169356927586,0.8134907036057438,0.770260688822779,0.8011320583313895,0.9486547958498687,0.661,0.5215,0.7726278990700709,0.1067,0.8496823403097302,0.2700091192472204,0.7524013789061157,0.8872775061645028,0.7888707871414207,0.8550832518173399,0.3962,0.2891364507803059,0.9252028923791478,0.8084436189910887,1.0,0.31193842783590614,0.5215,0.3962,0.8434465666396669,0.2750142751658429,0.8152083855778691,0.7951364007411978,0.844369665616017,0.983648806559072,0.7145074931872899,0.3962,1.0,0.7213557046923879,0.27007694101877083,0.8344557383448773,0.7701086741533367,0.9293677395246625,0.816256202208818,0.7852303734196157,0.8427894978637454,0.9297070083414365,0.5215,0.812166531322896,0.1067,1.0,0.9102450778690088,0.3228515498029009,0.8275444143951198,0.8983722796194549,0.9054385878677387,0.8561693443669922,0.8459229580915374,0.8195133311480238,0.9267239152111216,0.5215,0.8576468237170154,0.3962,1.0,0.8228129192231575,0.282283610777379,0.8090182790128646,0.8355339513072131,0.8760674574993331,0.8936348550417796,0.9154356065429969,0.5215,0.874960136378632,0.1067,1.0,0.8603441252836737,0.2952422970129139,0.7414534041740671,0.9126001283671374,0.832963637892773,0.9294783686926679,0.7427498584867894,1.0,0.2238,0.7860703136836962,0.1067,1.0,0.7465221855552697,0.8219141439656333,0.8758011474540063,0.8712822133594436,0.8820029347891851,0.661,0.7131294487722543,0.3962,1.0,0.8374235452397094,0.8008057576620072,0.94620140231708,0.8175873390811289,0.9216211466916789,0.9715515656933826,0.5215,0.834844630672984,0.3962,1.0,0.7231177414449383,0.26609486456248155,0.7306937829163902,0.9346723975037006,0.8040892337331982,0.8116429852840057,0.8879710379389325,0.5215,0.8324639235140538,0.3962,0.9474724875069667,0.8749787609559015,0.3962,1.0,0.8583015949014825,0.2858329688274146,0.9446140549511673,0.9104055606004512,0.7271428955564732,0.1067,0.9122435616545016,0.32433784366730173,0.7223010381965538,0.9174969830315984,0.9146972784789038,0.8892713688672692,0.9188127684151266,0.2238,0.8181083288843005,0.1067,0.5215,0.1067,0.7849829091461356,0.8574427570707227,0.3962,1.0,0.8289410870068299,0.31635836394410066,0.7816880403467495,0.8245376352567624,0.8890071778262949,0.7724933200617717,0.7611730954179141,0.8643255425458543,1.0,0.2238,0.7776934359056121,0.1067,1.0,0.7495225779371426,0.31360337888216644,0.8261267410308308,0.8436955112576157,0.8920469458668707,0.9520433609426903,0.807767598277546,0.9108788792748818,0.9187023739488792,0.2238,0.8474557008235984,0.1067,0.7153335275483139,0.31189958297925285,0.761129175285695,0.9286414300658156,0.7550861031050176,0.1067,1.0,0.9119284493386743,0.28028925990927556,0.7645377633801582,0.819349108171913,0.8807171488503935,0.8317858243081501,0.8993121384976632,0.8145500610448843,1.0,0.4993,0.8225443757828026,0.1067,0.29003627396487297,0.9623300316822216,0.3962,0.7452139725065932,0.1067,1.0,0.26314243770091245,0.8545702156548649,0.9090357677883476,0.2238,0.8602521610543794,0.1067,0.8563405382048409,0.2768267912108342,0.7471036929963937,0.8995358702754596,0.32287301617428305,0.3089706723519722,0.08499341734973548,0.3195338400733964,0.324472592471753,0.3103860515635741,0.312073855097149,0.08404213368191132,0.08739387146001384,0.31105622836775243,0.31531785280069896,0.3171501744135011,0.32336112857600985,0.30785013379317516,0.08545876312476722,0.3246536126942788,0.3200051828150097,0.084376218042599,0.08582970739372836,0.3091997677588154,0.08777721847082653,0.08451620198072825,0.08781169334351885,0.0834306429931516,0.08511482746184074,0.31531988810084555,0.08347417363270743,0.8749985512789953,0.8149319105813502,1.0,1.0,0.2238,0.5215,0.3962,0.3962,0.4993,0.4993,0.8393695935917075,0.9460311497041833,1.0,0.9423926012030495,0.2238,0.2238,0.3962,0.3962,0.661,0.4993,0.9149251188217593,0.7936656175697806,1.0,1.0,0.2238,0.5215,0.3962,0.1067,0.661,0.4993,0.7777103943164203,0.9385769534597096,1.0,1.0,0.2238,0.5215,0.1067,0.3962,0.9404468663029837,0.7947241842390508,1.0,0.9398181681195636,0.2238,0.5215,0.3962,0.3962,0.8927256561015642,0.8661314053410984,1.0,1.0,0.5215,0.5215,0.1067,0.1067,0.8415788014631189,0.9347455200747994,1.0,0.9624317442313094,0.2238,0.1067,0.1067,0.4993,0.4993,0.8668494593490517,0.7679186807958505,1.0,1.0,0.5215,0.5215,0.1067,0.3962,0.661,0.661,0.8896425440709245,0.8867807979829478,1.0,0.9211014264018459,0.2238,0.5215,0.1067,0.3962,0.661,0.661,0.7757477738109413,0.8315553880362221,1.0,1.0,0.2238,0.5215,0.1067,0.3962,0.4993,0.661,0.9068840866476655,0.784108969158914,1.0,1.0,0.5215,0.2238,0.3962,0.1067,0.661,0.4993,0.9510569467633565,0.9359073245079182,1.0,0.9147167475746062,0.3962,0.661,0.661,0.9373819374791561,0.808804059897245,1.0,1.0,0.2238,0.5215,0.3962,0.1067,0.661,0.661,0.8410022453489974,0.864452468787623,1.0,0.9976104286309453,0.2238,0.2238,0.3962,0.1067,0.8704520986854565,0.8692818407430531,1.0,0.9507962371212113,0.2238,0.5215,0.3962,0.1067,0.8949179309955082,0.8187225606676203,1.0,1.0,0.2238,0.5215,0.1067,0.1067,0.957854678407338,0.8155735379391108,1.0,0.9936466801071762,0.5215,0.2238,0.3962,0.1067,0.8156036231783753,0.8643027120547091,1.0,0.9086631975416938,0.5215,0.2238,0.3962,0.3962,0.8596989408509639,0.8873362785768855,1.0,1.0,0.2238,0.5215,0.3962,0.3962,0.8384017944853777,0.9440354408019456,1.0,1.0,0.5215,0.5215,0.1067,0.1067,0.8252541369876546,0.9437646673193326,1.0,0.9163015124732122,0.2238,0.5215,0.1067,0.3962,0.4993,0.661,0.779186493720765,0.94627548823656,1.0,0.908518865553921,0.5215,0.2238,0.1067,0.1067,0.8455886171231504,0.8130251357571989,1.0,1.0,0.2238,0.2238,0.3962,0.1067,0.661,0.4993,0.9434300751950061,0.9472047418342839,1.0,1.0,0.5215,0.5215,0.1067,0.3962,0.797296283178794,0.9134519558649252,1.0,0.9335977311674998,0.2238,0.2238,0.1067,0.1067,0.8317252608442985,0.8723928092391446,1.0,1.0,0.5215,0.5215,0.1067,0.1067,0.8116329669603102,0.774947421798735,1.0,0.9105698534690538,0.5215,0.5215,0.3962,0.1067
,34,1.0,0.7837907462181648,0.8644782251320395,0.880789813507498,0.9348218750819608,0.889122410535768,0.7139516197507392,0.4612,1.0,0.7457079430473661,0.31510569283762024,0.8905367100742921,0.8610607589089856,0.8847411505441679,0.9121011675954952,0.946399928625978,0.2052,0.8517682128926941,0.1664,1.0,0.7360549552702661,0.283644456767859,0.8488825071394741,0.7430136968942455,0.8985169356927586,0.8134907036057438,0.770260688822779,0.8011320583313895,0.9486547958498687,0.6006,0.3572,0.7726278990700709,0.1664,0.8496823403097302,0.2700091192472204,0.7524013789061157,0.8872775061645028,0.7888707871414207,0.8550832518173399,0.4612,0.2891364507803059,0.9252028923791478,0.8084436189910887,1.0,0.31193842783590614,0.3572,0.4612,0.8434465666396669,0.2750142751658429,0.8152083855778691,0.7951364007411978,0.844369665616017,0.983648806559072,0.7145074931872899,0.4612,1.0,0.7213557046923879,0.27007694101877083,0.8344557383448773,0.7701086741533367,0.9293677395246625,0.816256202208818,0.7852303734196157,0.8427894978637454,0.9297070083414365,0.3572,0.812166531322896,0.1664,1.0,0.9102450778690088,0.3228515498029009,0.8275444143951198,0.8983722796194549,0.9054385878677387,0.8561693443669922,0.8459229580915374,0.8195133311480238,0.9267239152111216,0.3572,0.8576468237170154,0.4612,1.0,0.8228129192231575,0.282283610777379,0.8090182790128646,0.8355339513072131,0.8760674574993331,0.8936348550417796,0.9154356065429969,0.3572,0.874960136378632,0.1664,1.0,0.8603441252836737,0.2952422970129139,0.7414534041740671,0.9126001283671374,0.832963637892773,0.9294783686926679,0.7427498584867894,1.0,0.2052,0.7860703136836962,0.1664,1.0,0.7465221855552697,0.8219141439656333,0.8758011474540063,0.8712822133594436,0.8820029347891851,0.6006,0.7131294487722543,0.4612,1.0,0.8374235452397094,0.8008057576620072,0.94620140231708,0.8175873390811289,0.9216211466916789,0.9715515656933826,0.3572,0.834844630672984,0.4612,1.0,0.7231177414449383,0.26609486456248155,0.7306937829163902,0.9346723975037006,0.8040892337331982,0.8116429852840057,0.8879710379389325,0.3572,0.8324639235140538,0.4612,0.9474724875069667,0.8749787609559015,0.4612,1.0,0.8583015949014825,0.2858329688274146,0.9446140549511673,0.9104055606004512,0.7271428955564732,0.1664,0.9122435616545016,0.32433784366730173,0.7223010381965538,0.9174969830315984,0.9146972784789038,0.8892713688672692,0.9188127684151266,0.2052,0.8181083288843005,0.1664,0.3572,0.1664,0.7849829091461356,0.8574427570707227,0.4612,1.0,0.8289410870068299,0.31635836394410066,0.7816880403467495,0.8245376352567624,0.8890071778262949,0.7724933200617717,0.7611730954179141,0.8643255425458543,1.0,0.2052,0.7776934359056121,0.1664,1.0,0.7495225779371426,0.31360337888216644,0.8261267410308308,0.8436955112576157,0.8920469458668707,0.9520433609426903,0.807767598277546,0.9108788792748818,0.9187023739488792,0.2052,0.8474557008235984,0.1664,0.7153335275483139,0.31189958297925285,0.761129175285695,0.9286414300658156,0.7550861031050176,0.1664,1.0,0.9119284493386743,0.28028925990927556,0.7645377633801582,0.819349108171913,0.8807171488503935,0.8317858243081501,0.8993121384976632,0.8145500610448843,1.0,0.463,0.8225443757828026,0.1664,0.29003627396487297,0.9623300316822216,0.4612,0.7452139725065932,0.1664,1.0,0.26314243770091245,0.8545702156548649,0.9090357677883476,0.2052,0.8602521610543794,0.1664,0.8563405382048409,0.2768267912108342,0.7471036929963937,0.8995358702754596,0.37584309707112407,0.35965995479235124,0.1325483097188002,0.37195610055994555,0.3777050975466241,0.3613075390740039,0.3632722412185894,0.13106477080290574,0.13629184827503563,0.36208766411713134,0.36704844450197466,0.36918137415322233,0.37641128848878275,0.3583555822953366,0.13327402234265476,0.3779158156855158,0.3725047711112632,0.13158577959033244,0.1338525146233964,0.35992663526089264,0.13688968278861793,0.13180408631296325,0.13694344678876788,0.13011114333702367,0.13273765032474505,0.3670508137105249,0.13017902992017352,0.8749985512789953,0.8149319105813502,1.0,1.0,0.2052,0.3572,0.4612,0.4612,0.463,0.463,0.8393695935917075,0.9460311497041833,1.0,0.9423926012030495,0.2052,0.2052,0.4612,0.4612,0.6006,0.463,0.9149251188217593,0.7936656175697806,1.0,1.0,0.2052,0.3572,0.4612,0.1664,0.6006,0.463,0.7777103943164203,0.9385769534597096,1.0,1.0,0.2052,0.3572,0.1664,0.4612,0.9404468663029837,0.7947241842390508,1.0,0.9398181681195636,0.2052,0.3572,0.4612,0.4612,0.8927256561015642,0.8661314053410984,1.0,1.0,0.3572,0.3572,0.1664,0.1664,0.8415788014631189,0.9347455200747994,1.0,0.9624317442313094,0.2052,0.1664,0.1664,0.463,0.463,0.8668494593490517,0.7679186807958505,1.0,1.0,0.3572,0.3572,0.1664,0.4612,0.6006,0.6006,0.8896425440709245,0.8867807979829478,1.0,0.9211014264018459,0.2052,0.3572,0.1664,0.4612,0.6006,0.6006,0.7757477738109413,0.8315553880362221,1.0,1.0,0.2052,0.3572,0.1664,0.4612,0.463,0.6006,0.9068840866476655,0.784108969158914,1.0,1.0,0.3572,0.2052,0.4612,0.1664,0.6006,0.463,0.9510569467633565,0.9359073245079182,1.0,0.9147167475746062,0.4612,0.6006,0.6006,0.9373819374791561,0.808804059897245,1.0,1.0,0.2052,0.3572,0.4612,0.1664,0.6006,0.6006,0.8410022453489974,0.864452468787623,1.0,0.9976104286309453,0.2052,0.2052,0.4612,0.1664,0.8704520986854565,0.8692818407430531,1.0,0.9507962371212113,0.2052,0.3572,0.4612,0.1664,0.8949179309955082,0.8187225606676203,1.0,1.0,0.2052,0.3572,0.1664,0.1664,0.957854678407338,0.8155735379391108,1.0,0.9936466801071762,0.3572,0.2052,0.4612,0.1664,0.8156036231783753,0.8643027120547091,1.0,0.9086631975416938,0.3572,0.2052,0.4612,0.4612,0.8596989408509639,0.8873362785768855,1.0,1.0,0.2052,0.3572,0.4612,0.4612,0.8384017944853777,0.9440354408019456,1.0,1.0,0.3572,0.3572,0.1664,0.1664,0.8252541369876546,0.9437646673193326,1.0,0.9163015124732122,0.2052,0.3572,0.1664,0.4612,0.463,0.6006,0.779186493720765,0.94627548823656,1.0,0.908518865553921,0.3572,0.2052,0.1664,0.1664,0.8455886171231504,0.8130251357571989,1.0,1.0,0.2052,0.2052,0.4612,0.1664,0.6006,0.463,0.9434300751950061,0.9472047418342839,1.0,1.0,0.3572,0.3572,0.1664,0.4612,0.797296283178794,0.9134519558649252,1.0,0.9335977311674998,0.2052,0.2052,0.1664,0.1664,0.8317252608442985,0.8723928092391446,1.0,1.0,0.3572,0.3572,0.1664,0.1664,0.8116329669603102,0.774947421798735,1.0,0.9105698534690538,0.3572,0.3572,0.4612,0.1664
,35,1.0,0.7837907462181648,0.8644782251320395,0.880789813507498,0.9348218750819608,0.889122410535768,0.7139516197507392,0.4365,1.0,0.7457079430473661,0.31510569283762024,0.8905367100742921,0.8610607589089856,0.8847411505441679,0.9121011675954952,0.946399928625978,0.2147,0.8517682128926941,0.1913,1.0,0.7360549552702661,0.283644456767859,0.8488825071394741,0.7430136968942455,0.8985169356927586,0.8134907036057438,0.770260688822779,0.8011320583313895,0.9486547958498687,0.5557,0.3132,0.7726278990700709,0.1913,0.8496823403097302,0.2700091192472204,0.7524013789061157,0.8872775061645028,0.7888707871414207,0.8550832518173399,0.4365,0.2891364507803059,0.9252028923791478,0.8084436189910887,1.0,0.31193842783590614,0.3132,0.4365,0.8434465666396669,0.2750142751658429,0.8152083855778691,0.7951364007411978,0.844369665616017,0.983648806559072,0.7145074931872899,0.4365,1.0,0.7213557046923879,0.27007694101877083,0.8344557383448773,0.7701086741533367,0.9293677395246625,0.816256202208818,0.7852303734196157,0.8427894978637454,0.9297070083414365,0.3132,0.812166531322896,0.1913,1.0,0.9102450778690088,0.3228515498029009,0.8275444143951198,0.8983722796194549,0.9054385878677387,0.8561693443669922,0.8459229580915374,0.8195133311480238,0.9267239152111216,0.3132,0.8576468237170154,0.4365,1.0,0.8228129192231575,0.282283610777379,0.8090182790128646,0.8355339513072131,0.8760674574993331,0.8936348550417796,0.9154356065429969,0.3132,0.874960136378632,0.1913,1.0,0.8603441252836737,0.2952422970129139,0.7414534041740671,0.9126001283671374,0.832963637892773,0.9294783686926679,0.7427498584867894,1.0,0.2147,0.7860703136836962,0.1913,1.0,0.7465221855552697,0.8219141439656333,0.8758011474540063,0.8712822133594436,0.8820029347891851,0.5557,0.7131294487722543,0.4365,1.0,0.8374235452397094,0.8008057576620072,0.94620140231708,0.8175873390811289,0.9216211466916789,0.9715515656933826,0.3132,0.834844630672984,0.4365,1.0,0.7231177414449383,0.26609486456248155,0.7306937829163902,0.9346723975037006,0.8040892337331982,0.8116429852840057,0.8879710379389325,0.3132,0.8324639235140538,0.4365,0.9474724875069667,0.8749787609559015,0.4365,1.0,0.8583015949014825,0.2858329688274146,0.9446140549511673,0.9104055606004512,0.7271428955564732,0.1913,0.9122435616545016,0.32433784366730173,0.7223010381965538,0.9174969830315984,0.9146972784789038,0.8892713688672692,0.9188127684151266,0.2147,0.8181083288843005,0.1913,0.3132,0.1913,0.7849829091461356,0.8574427570707227,0.4365,1.0,0.8289410870068299,0.31635836394410066,0.7816880403467495,0.8245376352567624,0.8890071778262949,0.7724933200617717,0.7611730954179141,0.8643255425458543,1.0,0.2147,0.7776934359056121,0.1913,1.0,0.7495225779371426,0.31360337888216644,0.8261267410308308,0.8436955112576157,0.8920469458668707,0.9520433609426903,0.807767598277546,0.9108788792748818,0.9187023739488792,0.2147,0.8474557008235984,0.1913,0.7153335275483139,0.31189958297925285,0.761129175285695,0.9286414300658156,0.7550861031050176,0.1913,1.0,0.9119284493386743,0.28028925990927556,0.7645377633801582,0.819349108171913,0.8807171488503935,0.8317858243081501,0.8993121384976632,0.8145500610448843,1.0,0.4292,0.8225443757828026,0.1913,0.29003627396487297,0.9623300316822216,0.4365,0.7452139725065932,0.1913,1.0,0.26314243770091245,0.8545702156548649,0.9090357677883476,0.2147,0.8602521610543794,0.1913,0.8563405382048409,0.2768267912108342,0.7471036929963937,0.8995358702754596,0.35571446633032444,0.3403980274650072,0.1523827623149428,0.35203564157505685,0.35747674561817305,0.3419573738200406,0.34381685449244204,0.15067722749156173,0.1566864818209995,0.34269571853236735,0.34739081965548985,0.34940951825212824,0.35625222772192905,0.33916351186451527,0.15321707015715058,0.3576761785488457,0.35255492755868684,0.15127619973335696,0.15388212768903686,0.3406504256101033,0.15737377594628973,0.15152717374801605,0.15743558516040446,0.14958089976185474,0.15260043573992627,0.34739306197884673,0.14965894485414183,0.8749985512789953,0.8149319105813502,1.0,1.0,0.2147,0.3132,0.4365,0.4365,0.4292,0.4292,0.8393695935917075,0.9460311497041833,1.0,0.9423926012030495,0.2147,0.2147,0.4365,0.4365,0.5557,0.4292,0.9149251188217593,0.7936656175697806,1.0,1.0,0.2147,0.3132,0.4365,0.1913,0.5557,0.4292,0.7777103943164203,0.9385769534597096,1.0,1.0,0.2147,0.3132,0.1913,0.4365,0.9404468663029837,0.7947241842390508,1.0,0.9398181681195636,0.2147,0.3132,0.4365,0.4365,0.8927256561015642,0.8661314053410984,1.0,1.0,0.3132,0.3132,0.1913,0.1913,0.8415788014631189,0.9347455200747994,1.0,0.9624317442313094,0.2147,0.1913,0.1913,0.4292,0.4292,0.8668494593490517,0.7679186807958505,1.0,1.0,0.3132,0.3132,0.1913,0.4365,0.5557,0.5557,0.8896425440709245,0.8867807979829478,1.0,0.9211014264018459,0.2147,0.3132,0.1913,0.4365,0.5557,0.5557,0.7757477738109413,0.8315553880362221,1.0,1.0,0.2147,0.3132,0.1913,0.4365,0.4292,0.5557,0.9068840866476655,0.784108969158914,1.0,1.0,0.3132,0.2147,0.4365,0.1913,0.5557,0.4292,0.9510569467633565,0.9359073245079182,1.0,0.9147167475746062,0.4365,0.5557,0.5557,0.9373819374791561,0.808804059897245,1.0,1.0,0.2147,0.3132,0.4365,0.1913,0.5557,0.5557,0.8410022453489974,0.864452468787623,1.0,0.9976104286309453,0.2147,0.2147,0.4365,0.1913,0.8704520986854565,0.8692818407430531,1.0,0.9507962371212113,0.2147,0.3132,0.4365,0.1913,0.8949179309955082,0.8187225606676203,1.0,1.0,0.2147,0.3132,0.1913,0.1913,0.957854678407338,0.8155735379391108,1.0,0.9936466801071762,0.3132,0.2147,0.4365,0.1913,0.8156036231783753,0.8643027120547091,1.0,0.9086631975416938,0.3132,0.2147,0.4365,0.4365,0.8596989408509639,0.8873362785768855,1.0,1.0,0.2147,0.3132,0.4365,0.4365,0.8384017944853777,0.9440354408019456,1.0,1.0,0.3132,0.3132,0.1913,0.1913,0.8252541369876546,0.9437646673193326,1.0,0.9163015124732122,0.2147,0.3132,0.1913,0.4365,0.4292,0.5557,0.779186493720765,0.94627548823656,1.0,0.908518865553921,0.3132,0.2147,0.1913,0.1913,0.8455886171231504,0.8130251357571989,1.0,1.0,0.2147,0.2147,0.4365,0.1913,0.5557,0.4292,0.9434300751950061,0.9472047418342839,1.0,1.0,0.3132,0.3132,0.1913,0.4365,0.797296283178794,0.9134519558649252,1.0,0.9335977311674998,0.2147,0.2147,0.1913,0.1913,0.8317252608442985,0.8723928092391446,1.0,1.0,0.3132,0.3132,0.1913,0.1913,0.8116329669603102,0.774947421798735,1.0,0.9105698534690538,0.3132,0.3132,0.4365,0.1913
,36,1.0,0.7837907462181648,0.8644782251320395,0.880789813507498,0.9348218750819608,0.889122410535768,0.7139516197507392,0.391,1.0,0.7457079430473661,0.31510569283762024,0.8905367100742921,0.8610607589089856,0.8847411505441679,0.9121011675954952,0.946399928625978,0.2278,0.8517682128926941,0.2047,1.0,0.7360549552702661,0.283644456767859,0.8488825071394741,0.7430136968942455,0.8985169356927586,0.8134907036057438,0.770260688822779,0.8011320583313895,0.9486547958498687,0.5034,0.3164,0.7726278990700709,0.2047,0.8496823403097302,0.2700091192472204,0.7524013789061157,0.8872775061645028,0.7888707871414207,0.8550832518173399,0.391,0.2891364507803059,0.9252028923791478,0.8084436189910887,1.0,0.31193842783590614,0.3164,0.391,0.8434465666396669,0.2750142751658429,0.8152083855778691,0.7951364007411978,0.844369665616017,0.983648806559072,0.7145074931872899,0.391,1.0,0.7213557046923879,0.27007694101877083,0.8344557383448773,0.7701086741533367,0.9293677395246625,0.816256202208818,0.7852303734196157,0.8427894978637454,0.9297070083414365,0.3164,0.812166531322896,0.2047,1.0,0.9102450778690088,0.3228515498029009,0.8275444143951198,0.8983722796194549,0.9054385878677387,0.8561693443669922,0.8459229580915374,0.8195133311480238,0.9267239152111216,0.3164,0.8576468237170154,0.391,1.0,0.8228129192231575,0.282283610777379,0.8090182790128646,0.8355339513072131,0.8760674574993331,0.8936348550417796,0.9154356065429969,0.3164,0.874960136378632,0.2047,1.0,0.8603441252836737,0.2952422970129139,0.7414534041740671,0.9126001283671374,0.832963637892773,0.9294783686926679,0.7427498584867894,1.0,0.2278,0.7860703136836962,0.2047,1.0,0.7465221855552697,0.8219141439656333,0.8758011474540063,0.8712822133594436,0.8820029347891851,0.5034,0.7131294487722543,0.391,1.0,0.8374235452397094,0.8008057576620072,0.94620140231708,0.8175873390811289,0.9216211466916789,0.9715515656933826,0.3164,0.834844630672984,0.391,1.0,0.7231177414449383,0.26609486456248155,0.7306937829163902,0.9346723975037006,0.8040892337331982,0.8116429852840057,0.8879710379389325,0.3164,0.8324639235140538,0.391,0.9474724875069667,0.8749787609559015,0.391,1.0,0.8583015949014825,0.2858329688274146,0.9446140549511673,0.9104055606004512,0.7271428955564732,0.2047,0.9122435616545016,0.32433784366730173,0.7223010381965538,0.9174969830315984,0.9146972784789038,0.8892713688672692,0.9188127684151266,0.2278,0.8181083288843005,0.2047,0.3164,0.2047,0.7849829091461356,0.8574427570707227,0.391,1.0,0.8289410870068299,0.31635836394410066,0.7816880403467495,0.8245376352567624,0.8890071778262949,0.7724933200617717,0.7611730954179141,0.8643255425458543,1.0,0.2278,0.7776934359056121,0.2047,1.0,0.7495225779371426,0.31360337888216644,0.8261267410308308,0.8436955112576157,0.8920469458668707,0.9520433609426903,0.807767598277546,0.9108788792748818,0.9187023739488792,0.2278,0.8474557008235984,0.2047,0.7153335275483139,0.31189958297925285,0.761129175285695,0.9286414300658156,0.7550861031050176,0.2047,1.0,0.9119284493386743,0.28028925990927556,0.7645377633801582,0.819349108171913,0.8807171488503935,0.8317858243081501,0.8993121384976632,0.8145500610448843,1.0,0.4172,0.8225443757828026,0.2047,0.29003627396487297,0.9623300316822216,0.391,0.7452139725065932,0.2047,1.0,0.26314243770091245,0.8545702156548649,0.9090357677883476,0.2278,0.8602521610543794,0.2047,0.8563405382048409,0.2768267912108342,0.7471036929963937,0.8995358702754596,0.3186354097025358,0.30491552975674185,0.16305672475624042,0.31534005923447245,0.3202139920657633,0.3063123325627397,0.3079779842074338,0.16123172225573804,0.1676619071027632,0.30697371350780217,0.3111794054645969,0.31298767843432335,0.319117115782988,0.3038096979130022,0.1639494733986865,0.3203926364549798,0.31580521575130943,0.16187265073402077,0.1646611162464498,0.3051416183586492,0.16839734415162316,0.16214120473716095,0.16846348291863458,0.16005860000654296,0.1632896455617507,0.31118141405207117,0.16014211192704042,0.8749985512789953,0.8149319105813502,1.0,1.0,0.2278,0.3164,0.391,0.391,0.4172,0.4172,0.8393695935917075,0.9460311497041833,1.0,0.9423926012030495,0.2278,0.2278,0.391,0.391,0.5034,0.4172,0.9149251188217593,0.7936656175697806,1.0,1.0,0.2278,0.3164,0.391,0.2047,0.5034,0.4172,0.7777103943164203,0.9385769534597096,1.0,1.0,0.2278,0.3164,0.2047,0.391,0.9404468663029837,0.7947241842390508,1.0,0.9398181681195636,0.2278,0.3164,0.391,0.391,0.8927256561015642,0.8661314053410984,1.0,1.0,0.3164,0.3164,0.2047,0.2047,0.8415788014631189,0.9347455200747994,1.0,0.9624317442313094,0.2278,0.2047,0.2047,0.4172,0.4172,0.8668494593490517,0.7679186807958505,1.0,1.0,0.3164,0.3164,0.2047,0.391,0.5034,0.5034,0.8896425440709245,0.8867807979829478,1.0,0.9211014264018459,0.2278,0.3164,0.2047,0.391,0.5034,0.5034,0.7757477738109413,0.8315553880362221,1.0,1.0,0.2278,0.3164,0.2047,0.391,0.4172,0.5034,0.9068840866476655,0.784108969158914,1.0,1.0,0.3164,0.2278,0.391,0.2047,0.5034,0.4172,0.9510569467633565,0.9359073245079182,1.0,0.9147167475746062,0.391,0.5034,0.5034,0.9373819374791561,0.808804059897245,1.0,1.0,0.2278,0.3164,0.391,0.2047,0.5034,0.5034,0.8410022453489974,0.864452468787623,1.0,0.9976104286309453,0.2278,0.2278,0.391,0.2047,0.8704520986854565,0.8692818407430531,1.0,0.9507962371212113,0.2278,0.3164,0.391,0.2047,0.8949179309955082,0.8187225606676203,1.0,1.0,0.2278,0.3164,0.2047,0.2047,0.957854678407338,0.8155735379391108,1.0,0.9936466801071762,0.3164,0.2278,0.391,0.2047,0.8156036231783753,0.8643027120547091,1.0,0.9086631975416938,0.3164,0.2278,0.391,0.391,0.8596989408509639,0.8873362785768855,1.0,1.0,0.2278,0.3164,0.391,0.391,0.8384017944853777,0.9440354408019456,1.0,1.0,0.3164,0.3164,0.2047,0.2047,0.8252541369876546,0.9437646673193326,1.0,0.9163015124732122,0.2278,0.3164,0.2047,0.391,0.4172,0.5034,0.779186493720765,0.94627548823656,1.0,0.908518865553921,0.3164,0.2278,0.2047,0.2047,0.8455886171231504,0.8130251357571989,1.0,1.0,0.2278,0.2278,0.391,0.2047,0.5034,0.4172,0.9434300751950061,0.9472047418342839,1.0,1.0,0.3164,0.3164,0.2047,0.391,0.797296283178794,0.9134519558649252,1.0,0.9335977311674998,0.2278,0.2278,0.2047,0.2047,0.8317252608442985,0.8723928092391446,1.0,1.0,0.3164,0.3164,0.2047,0.2047,0.8116329669603102,0.774947421798735,1.0,0.9105698534690538,0.3164,0.3164,0.391,0.2047
,37,1.0,0.7837907462181648,0.8644782251320395,0.880789813507498,0.9348218750819608,0.889122410535768,0.7139516197507392,0.3682,1.0,0.7457079430473661,0.31510569283762024,0.8905367100742921,0.8610607589089856,0.8847411505441679,0.9121011675954952,0.946399928625978,0.2462,0.8517682128926941,0.2039,1.0,0.7360549552702661,0.283644456767859,0.8488825071394741,0.7430136968942455,0.8985169356927586,0.8134907036057438,0.770260688822779,0.8011320583313895,0.9486547958498687,0.4722,0.3372,0.7726278990700709,0.2039,0.8496823403097302,0.2700091192472204,0.7524013789061157,0.8872775061645028,0.7888707871414207,0.8550832518173399,0.3682,0.2891364507803059,0.9252028923791478,0.8084436189910887,1.0,0.31193842783590614,0.3372,0.3682,0.8434465666396669,0.2750142751658429,0.8152083855778691,0.7951364007411978,0.844369665616017,0.983648806559072,0.7145074931872899,0.3682,1.0,0.7213557046923879,0.27007694101877083,0.8344557383448773,0.7701086741533367,0.9293677395246625,0.816256202208818,0.7852303734196157,0.8427894978637454,0.9297070083414365,0.3372,0.812166531322896,0.2039,1.0,0.9102450778690088,0.3228515498029009,0.8275444143951198,0.8983722796194549,0.9054385878677387,0.8561693443669922,0.8459229580915374,0.8195133311480238,0.9267239152111216,0.3372,0.8576468237170154,0.3682,1.0,0.8228129192231575,0.282283610777379,0.8090182790128646,0.8355339513072131,0.8760674574993331,0.8936348550417796,0.9154356065429969,0.3372,0.874960136378632,0.2039,1.0,0.8603441252836737,0.2952422970129139,0.7414534041740671,0.9126001283671374,0.832963637892773,0.9294783686926679,0.7427498584867894,1.0,0.2462,0.7860703136836962,0.2039,1.0,0.7465221855552697,0.8219141439656333,0.8758011474540063,0.8712822133594436,0.8820029347891851,0.4722,0.7131294487722543,0.3682,1.0,0.8374235452397094,0.8008057576620072,0.94620140231708,0.8175873390811289,0.9216211466916789,0.9715515656933826,0.3372,0.834844630672984,0.3682,1.0,0.7231177414449383,0.26609486456248155,0.7306937829163902,0.9346723975037006,0.8040892337331982,0.8116429852840057,0.8879710379389325,0.3372,0.8324639235140538,0.3682,0.9474724875069667,0.8749787609559015,0.3682,1.0,0.8583015949014825,0.2858329688274146,0.9446140549511673,0.9104055606004512,0.7271428955564732,0.2039,0.9122435616545016,0.32433784366730173,0.7223010381965538,0.9174969830315984,0.9146972784789038,0.8892713688672692,0.9188127684151266,0.2462,0.8181083288843005,0.2039,0.3372,0.2039,0.7849829091461356,0.8574427570707227,0.3682,1.0,0.8289410870068299,0.31635836394410066,0.7816880403467495,0.8245376352567624,0.8890071778262949,0.7724933200617717,0.7611730954179141,0.8643255425458543,1.0,0.2462,0.7776934359056121,0.2039,1.0,0.7495225779371426,0.31360337888216644,0.8261267410308308,0.8436955112576157,0.8920469458668707,0.9520433609426903,0.807767598277546,0.9108788792748818,0.9187023739488792,0.2462,0.8474557008235984,0.2039,0.7153335275483139,0.31189958297925285,0.761129175285695,0.9286414300658156,0.7550861031050176,0.2039,1.0,0.9119284493386743,0.28028925990927556,0.7645377633801582,0.819349108171913,0.8807171488503935,0.8317858243081501,0.8993121384976632,0.8145500610448843,1.0,0.4224,0.8225443757828026,0.2039,0.29003627396487297,0.9623300316822216,0.3682,0.7452139725065932,0.2039,1.0,0.26314243770091245,0.8545702156548649,0.9090357677883476,0.2462,0.8602521610543794,0.2039,0.8563405382048409,0.2768267912108342,0.7471036929963937,0.8995358702754596,0.300055135172567,0.28713528914688585,0.1624194732672077,0.2969519432484214,0.3015416672087316,0.28845064155908123,0.2900191656909901,0.16060160316533947,0.16700665783221016,0.2890734560449431,0.29303390560630327,0.29473673452562116,0.3005087519982,0.2860939405922441,0.1633087329066545,0.301709894482669,0.2973899755489313,0.16124002679368263,0.16401759454152964,0.2873481940656129,0.16773922067667787,0.1615075312452717,0.16780510096291934,0.15943306566357648,0.16265148378134328,0.2930357970689837,0.15951625120627036,0.8749985512789953,0.8149319105813502,1.0,1.0,0.2462,0.3372,0.3682,0.3682,0.4224,0.4224,0.8393695935917075,0.9460311497041833,1.0,0.9423926012030495,0.2462,0.2462,0.3682,0.3682,0.4722,0.4224,0.9149251188217593,0.7936656175697806,1.0,1.0,0.2462,0.3372,0.3682,0.2039,0.4722,0.4224,0.7777103943164203,0.9385769534597096,1.0,1.0,0.2462,0.3372,0.2039,0.3682,0.9404468663029837,0.7947241842390508,1.0,0.9398181681195636,0.2462,0.3372,0.3682,0.3682,0.8927256561015642,0.8661314053410984,1.0,1.0,0.3372,0.3372,0.2039,0.2039,0.8415788014631189,0.9347455200747994,1.0,0.9624317442313094,0.2462,0.2039,0.2039,0.4224,0.4224,0.8668494593490517,0.7679186807958505,1.0,1.0,0.3372,0.3372,0.2039,0.3682,0.4722,0.4722,0.8896425440709245,0.8867807979829478,1.0,0.9211014264018459,0.2462,0.3372,0.2039,0.3682,0.4722,0.4722,0.7757477738109413,0.8315553880362221,1.0,1.0,0.2462,0.3372,0.2039,0.3682,0.4224,0.4722,0.9068840866476655,0.784108969158914,1.0,1.0,0.3372,0.2462,0.3682,0.2039,0.4722,0.4224,0.9510569467633565,0.9359073245079182,1.0,0.9147167475746062,0.3682,0.4722,0.4722,0.9373819374791561,0.808804059897245,1.0,1.0,0.2462,0.3372,0.3682,0.2039,0.4722,0.4722,0.8410022453489974,0.864452468787623,1.0,0.9976104286309453,0.2462,0.2462,0.3682,0.2039,0.8704520986854565,0.8692818407430531,1.0,0.9507962371212113,0.2462,0.3372,0.3682,0.2039,0.8949179309955082,0.8187225606676203,1.0,1.0,0.2462,0.3372,0.2039,0.2039,0.957854678407338,0.8155735379391108,1.0,0.9936466801071762,0.3372,0.2462,0.3682,0.2039,0.8156036231783753,0.8643027120547091,1.0,0.9086631975416938,0.3372,0.2462,0.3682,0.3682,0.8596989408509639,0.8873362785768855,1.0,1.0,0.2462,0.3372,0.3682,0.3682,0.8384017944853777,0.9440354408019456,1.0,1.0,0.3372,0.3372,0.2039,0.2039,0.8252541369876546,0.9437646673193326,1.0,0.9163015124732122,0.2462,0.3372,0.2039,0.3682,0.4224,0.4722,0.779186493720765,0.94627548823656,1.0,0.908518865553921,0.3372,0.2462,0.2039,0.2039,0.8455886171231504,0.8130251357571989,1.0,1.0,0.2462,0.2462,0.3682,0.2039,0.4722,0.4224,0.9434300751950061,0.9472047418342839,1.0,1.0,0.3372,0.3372,0.2039,0.3682,0.797296283178794,0.9134519558649252,1.0,0.9335977311674998,0.2462,0.2462,0.2039,0.2039,0.8317252608442985,0.8723928092391446,1.0,1.0,0.3372,0.3372,0.2039,0.2039,0.8116329669603102,0.774947421798735,1.0,0.9105698534690538,0.3372,0.3372,0.3682,0.2039
,38,1.0,0.7837907462181648,0.8644782251320395,0.880789813507498,0.9348218750819608,0.889122410535768,0.7139516197507392,0.3408,1.0,0.7457079430473661,0.31510569283762024,0.8905367100742921,0.8610607589089856,0.8847411505441679,0.9121011675954952,0.946399928625978,0.255,0.8517682128926941,0.1757,1.0,0.7360549552702661,0.283644456767859,0.8488825071394741,0.7430136968942455,0.8985169356927586,0.8134907036057438,0.770260688822779,0.8011320583313895,0.9486547958498687,0.4578,0.355,0.7726278990700709,0.1757,0.8496823403097302,0.2700091192472204,0.7524013789061157,0.8872775061645028,0.7888707871414207,0.8550832518173399,0.3408,0.2891364507803059,0.9252028923791478,0.8084436189910887,1.0,0.31193842783590614,0.355,0.3408,0.8434465666396669,0.2750142751658429,0.8152083855778691,0.7951364007411978,0.844369665616017,0.983648806559072,0.7145074931872899,0.3408,1.0,0.7213557046923879,0.27007694101877083,0.8344557383448773,0.7701086741533367,0.9293677395246625,0.816256202208818,0.7852303734196157,0.8427894978637454,0.9297070083414365,0.355,0.812166531322896,0.1757,1.0,0.9102450778690088,0.3228515498029009,0.8275444143951198,0.8983722796194549,0.9054385878677387,0.8561693443669922,0.8459229580915374,0.8195133311480238,0.9267239152111216,0.355,0.8576468237170154,0.3408,1.0,0.8228129192231575,0.282283610777379,0.8090182790128646,0.8355339513072131,0.8760674574993331,0.8936348550417796,0.9154356065429969,0.355,0.874960136378632,0.1757,1.0,0.8603441252836737,0.2952422970129139,0.7414534041740671,0.9126001283671374,0.832963637892773,0.9294783686926679,0.7427498584867894,1.0,0.255,0.7860703136836962,0.1757,1.0,0.7465221855552697,0.8219141439656333,0.8758011474540063,0.8712822133594436,0.8820029347891851,0.4578,0.7131294487722543,0.3408,1.0,0.8374235452397094,0.8008057576620072,0.94620140231708,0.8175873390811289,0.9216211466916789,0.9715515656933826,0.355,0.834844630672984,0.3408,1.0,0.7231177414449383,0.26609486456248155,0.7306937829163902,0.9346723975037006,0.8040892337331982,0.8116429852840057,0.8879710379389325,0.355,0.8324639235140538,0.3408,0.9474724875069667,0.8749787609559015,0.3408,1.0,0.8583015949014825,0.2858329688274146,0.9446140549511673,0.9104055606004512,0.7271428955564732,0.1757,0.9122435616545016,0.32433784366730173,0.7223010381965538,0.9174969830315984,0.9146972784789038,0.8892713688672692,0.9188127684151266,0.255,0.8181083288843005,0.1757,0.355,0.1757,0.7849829091461356,0.8574427570707227,0.3408,1.0,0.8289410870068299,0.31635836394410066,0.7816880403467495,0.8245376352567624,0.8890071778262949,0.7724933200617717,0.7611730954179141,0.8643255425458543,1.0,0.255,0.7776934359056121,0.1757,1.0,0.7495225779371426,0.31360337888216644,0.8261267410308308,0.8436955112576157,0.8920469458668707,0.9520433609426903,0.807767598277546,0.9108788792748818,0.9187023739488792,0.255,0.8474557008235984,0.1757,0.7153335275483139,0.31189958297925285,0.761129175285695,0.9286414300658156,0.7550861031050176,0.1757,1.0,0.9119284493386743,0.28028925990927556,0.7645377633801582,0.819349108171913,0.8807171488503935,0.8317858243081501,0.8993121384976632,0.8145500610448843,1.0,0.4421,0.8225443757828026,0.1757,0.29003627396487297,0.9623300316822216,0.3408,0.7452139725065932,0.1757,1.0,0.26314243770091245,0.8545702156548649,0.9090357677883476,0.255,0.8602521610543794,0.1757,0.8563405382048409,0.2768267912108342,0.7471036929963937,0.8995358702754596,0.2777262087637447,0.26576780701047986,0.13995635827880526,0.27485394421255294,0.279102118915632,0.2669852760546846,0.26843707677210593,0.1383899052287893,0.14390912104521492,0.26756174312905107,0.2712274715660732,0.2728035826353386,0.27814606920420026,0.26480395153133285,0.14072263056252668,0.2792578273755936,0.27525937986712595,0.1389400328967633,0.14133345444309345,0.26596486838012184,0.1445403681848568,0.13917054065617573,0.14459713702395743,0.13738298007400876,0.1401562810219814,0.2712292222735188,0.13745466079912552,0.8749985512789953,0.8149319105813502,1.0,1.0,0.255,0.355,0.3408,0.3408,0.4421,0.4421,0.8393695935917075,0.9460311497041833,1.0,0.9423926012030495,0.255,0.255,0.3408,0.3408,0.4578,0.4421,0.9149251188217593,0.7936656175697806,1.0,1.0,0.255,0.355,0.3408,0.1757,0.4578,0.4421,0.7777103943164203,0.9385769534597096,1.0,1.0,0.255,0.355,0.1757,0.3408,0.9404468663029837,0.7947241842390508,1.0,0.9398181681195636,0.255,0.355,0.3408,0.3408,0.8927256561015642,0.8661314053410984,1.0,1.0,0.355,0.355,0.1757,0.1757,0.8415788014631189,0.9347455200747994,1.0,0.9624317442313094,0.255,0.1757,0.1757,0.4421,0.4421,0.8668494593490517,0.7679186807958505,1.0,1.0,0.355,0.355,0.1757,0.3408,0.4578,0.4578,0.8896425440709245,0.8867807979829478,1.0,0.9211014264018459,0.255,0.355,0.1757,0.3408,0.4578,0.4578,0.7757477738109413,0.8315553880362221,1.0,1.0,0.255,0.355,0.1757,0.3408,0.4421,0.4578,0.9068840866476655,0.784108969158914,1.0,1.0,0.355,0.255,0.3408,0.1757,0.4578,0.4421,0.9510569467633565,0.9359073245079182,1.0,0.9147167475746062,0.3408,0.4578,0.4578,0.9373819374791561,0.808804059897245,1.0,1.0,0.255,0.355,0.3408,0.1757,0.4578,0.4578,0.8410022453489974,0.864452468787623,1.0,0.9976104286309453,0.255,0.255,0.3408,0.1757,0.8704520986854565,0.8692818407430531,1.0,0.9507962371212113,0.255,0.355,0.3408,0.1757,0.8949179309955082,0.8187225606676203,1.0,1.0,0.255,0.355,0.1757,0.1757,0.957854678407338,0.8155735379391108,1.0,0.9936466801071762,0.355,0.255,0.3408,0.1757,0.8156036231783753,0.8643027120547091,1.0,0.9086631975416938,0.355,0.255,0.3408,0.3408,0.8596989408509639,0.8873362785768855,1.0,1.0,0.255,0.355,0.3408,0.3408,0.8384017944853777,0.9440354408019456,1.0,1.0,0.355,0.355,0.1757,0.1757,0.8252541369876546,0.9437646673193326,1.0,0.9163015124732122,0.255,0.355,0.1757,0.3408,0.4421,0.4578,0.779186493720765,0.94627548823656,1.0,0.908518865553921,0.355,0.255,0.1757,0.1757,0.8455886171231504,0.8130251357571989,1.0,1.0,0.255,0.255,0.3408,0.1757,0.4578,0.4421,0.9434300751950061,0.9472047418342839,1.0,1.0,0.355,0.355,0.1757,0.3408,0.797296283178794,0.9134519558649252,1.0,0.9335977311674998,0.255,0.255,0.1757,0.1757,0.8317252608442985,0.8723928092391446,1.0,1.0,0.355,0.355,0.1757,0.1757,0.8116329669603102,0.774947421798735,1.0,0.9105698534690538,0.355,0.355,0.3408,0.1757
,39,1.0,0.7837907462181648,0.8644782251320395,0.880789813507498,0.9348218750819608,0.889122410535768,0.7139516197507392,0.2942,1.0,0.7457079430473661,0.31510569283762024,0.8905367100742921,0.8610607589089856,0.8847411505441679,0.9121011675954952,0.946399928625978,0.2603,0.8517682128926941,0.1478,1.0,0.7360549552702661,0.283644456767859,0.8488825071394741,0.7430136968942455,0.8985169356927586,0.8134907036057438,0.770260688822779,0.8011320583313895,0.9486547958498687,0.4558,0.3582,0.7726278990700709,0.1478,0.8496823403097302,0.2700091192472204,0.7524013789061157,0.8872775061645028,0.7888707871414207,0.8550832518173399,0.2942,0.2891364507803059,0.9252028923791478,0.8084436189910887,1.0,0.31193842783590614,0.3582,0.2942,0.8434465666396669,0.2750142751658429,0.8152083855778691,0.7951364007411978,0.844369665616017,0.983648806559072,0.7145074931872899,0.2942,1.0,0.7213557046923879,0.27007694101877083,0.8344557383448773,0.7701086741533367,0.9293677395246625,0.816256202208818,0.7852303734196157,0.8427894978637454,0.9297070083414365,0.3582,0.812166531322896,0.1478,1.0,0.9102450778690088,0.3228515498029009,0.8275444143951198,0.8983722796194549,0.9054385878677387,0.8561693443669922,0.8459229580915374,0.8195133311480238,0.9267239152111216,0.3582,0.8576468237170154,0.2942,1.0,0.8228129192231575,0.282283610777379,0.8090182790128646,0.8355339513072131,0.8760674574993331,0.8936348550417796,0.9154356065429969,0.3582,0.874960136378632,0.1478,1.0,0.8603441252836737,0.2952422970129139,0.7414534041740671,0.9126001283671374,0.832963637892773,0.9294783686926679,0.7427498584867894,1.0,0.2603,0.7860703136836962,0.1478,1.0,0.7465221855552697,0.8219141439656333,0.8758011474540063,0.8712822133594436,0.8820029347891851,0.4558,0.7131294487722543,0.2942,1.0,0.8374235452397094,0.8008057576620072,0.94620140231708,0.8175873390811289,0.9216211466916789,0.9715515656933826,0.3582,0.834844630672984,0.2942,1.0,0.7231177414449383,0.26609486456248155,0.7306937829163902,0.9346723975037006,0.8040892337331982,0.8116429852840057,0.8879710379389325,0.3582,0.8324639235140538,0.2942,0.9474724875069667,0.8749787609559015,0.2942,1.0,0.8583015949014825,0.2858329688274146,0.9446140549511673,0.9104055606004512,0.7271428955564732,0.1478,0.9122435616545016,0.32433784366730173,0.7223010381965538,0.9174969830315984,0.9146972784789038,0.8892713688672692,0.9188127684151266,0.2603,0.8181083288843005,0.1478,0.3582,0.1478,0.7849829091461356,0.8574427570707227,0.2942,1.0,0.8289410870068299,0.31635836394410066,0.7816880403467495,0.8245376352567624,0.8890071778262949,0.7724933200617717,0.7611730954179141,0.8643255425458543,1.0,0.2603,0.7776934359056121,0.1478,1.0,0.7495225779371426,0.31360337888216644,0.8261267410308308,0.8436955112576157,0.8920469458668707,0.9520433609426903,0.807767598277546,0.9108788792748818,0.9187023739488792,0.2603,0.8474557008235984,0.1478,0.7153335275483139,0.31189958297925285,0.761129175285695,0.9286414300658156,0.7550861031050176,0.1478,1.0,0.9119284493386743,0.28028925990927556,0.7645377633801582,0.819349108171913,0.8807171488503935,0.8317858243081501,0.8993121384976632,0.8145500610448843,1.0,0.4634,0.8225443757828026,0.1478,0.29003627396487297,0.9623300316822216,0.2942,0.7452139725065932,0.1478,1.0,0.26314243770091245,0.8545702156548649,0.9090357677883476,0.2603,0.8602521610543794,0.1478,0.8563405382048409,0.2768267912108342,0.7471036929963937,0.8995358702754596,0.2397507353823172,0.2294274906763004,0.11773221259879008,0.23727121592527314,0.24093850758503213,0.2304784865472072,0.23173177226042715,0.11641450195113864,0.12105730273467709,0.23097612919180407,0.23414061659254323,0.23550121482193845,0.24011318532827383,0.22859542998978324,0.1183768059029109,0.24107292492341448,0.23762121348858115,0.11687727297747076,0.11889063498400235,0.22959760644786342,0.12158831199614022,0.11707117762653828,0.1216360663183888,0.11556746986305348,0.11790038893027235,0.2341421279133487,0.11562776816226952,0.8749985512789953,0.8149319105813502,1.0,1.0,0.2603,0.3582,0.2942,0.2942,0.4634,0.4634,0.8393695935917075,0.9460311497041833,1.0,0.9423926012030495,0.2603,0.2603,0.2942,0.2942,0.4558,0.4634,0.9149251188217593,0.7936656175697806,1.0,1.0,0.2603,0.3582,0.2942,0.1478,0.4558,0.4634,0.7777103943164203,0.9385769534597096,1.0,1.0,0.2603,0.3582,0.1478,0.2942,0.9404468663029837,0.7947241842390508,1.0,0.9398181681195636,0.2603,0.3582,0.2942,0.2942,0.8927256561015642,0.8661314053410984,1.0,1.0,0.3582,0.3582,0.1478,0.1478,0.8415788014631189,0.9347455200747994,1.0,0.9624317442313094,0.2603,0.1478,0.1478,0.4634,0.4634,0.8668494593490517,0.7679186807958505,1.0,1.0,0.3582,0.3582,0.1478,0.2942,0.4558,0.4558,0.8896425440709245,0.8867807979829478,1.0,0.9211014264018459,0.2603,0.3582,0.1478,0.2942,0.4558,0.4558,0.7757477738109413,0.8315553880362221,1.0,1.0,0.2603,0.3582,0.1478,0.2942,0.4634,0.4558,0.9068840866476655,0.784108969158914,1.0,1.0,0.3582,0.2603,0.2942,0.1478,0.4558,0.4634,0.9510569467633565,0.9359073245079182,1.0,0.9147167475746062,0.2942,0.4558,0.4558,0.9373819374791561,0.808804059897245,1.0,1.0,0.2603,0.3582,0.2942,0.1478,0.4558,0.4558,0.8410022453489974,0.864452468787623,1.0,0.9976104286309453,0.2603,0.2603,0.2942,0.1478,0.8704520986854565,0.8692818407430531,1.0,0.9507962371212113,0.2603,0.3582,0.2942,0.1478,0.8949179309955082,0.8187225606676203,1.0,1.0,0.2603,0.3582,0.1478,0.1478,0.957854678407338,0.8155735379391108,1.0,0.9936466801071762,0.3582,0.2603,0.2942,0.1478,0.8156036231783753,0.8643027120547091,1.0,0.9086631975416938,0.3582,0.2603,0.2942,0.2942,0.8596989408509639,0.8873362785768855,1.0,1.0,0.2603,0.3582,0.2942,0.2942,0.8384017944853777,0.9440354408019456,1.0,1.0,0.3582,0.3582,0.1478,0.1478,0.8252541369876546,0.9437646673193326,1.0,0.9163015124732122,0.2603,0.3582,0.1478,0.2942,0.4634,0.4558,0.779186493720765,0.94627548823656,1.0,0.908518865553921,0.3582,0.2603,0.1478,0.1478,0.8455886171231504,0.8130251357571989,1.0,1.0,0.2603,0.2603,0.2942,0.1478,0.4558,0.4634,0.9434300751950061,0.9472047418342839,1.0,1.0,0.3582,0.3582,0.1478,0.2942,0.797296283178794,0.9134519558649252,1.0,0.9335977311674998,0.2603,0.2603,0.1478,0.1478,0.8317252608442985,0.8723928092391446,1.0,1.0,0.3582,0.3582,0.1478,0.1478,0.8116329669603102,0.774947421798735,1.0,0.9105698534690538,0.3582,0.3582,0.2942,0.1478
,40,1.0,0.7837907462181648,0.8644782251320395,0.880789813507498,0.9348218750819608,0.889122410535768,0.7139516197507392,0.215,1.0,0.7457079430473661,0.31510569283762024,0.8905367100742921,0.8610607589089856,0.8847411505441679,0.9121011675954952,0.946399928625978,0.2551,0.8517682128926941,0.1197,1.0,0.7360549552702661,0.283644456767859,0.8488825071394741,0.7430136968942455,0.8985169356927586,0.8134907036057438,0.770260688822779,0.8011320583313895,0.9486547958498687,0.4622,0.3506,0.7726278990700709,0.1197,0.8496823403097302,0.2700091192472204,0.7524013789061157,0.8872775061645028,0.7888707871414207,0.8550832518173399,0.215,0.2891364507803059,0.9252028923791478,0.8084436189910887,1.0,0.31193842783590614,0.3506,0.215,0.8434465666396669,0.2750142751658429,0.8152083855778691,0.7951364007411978,0.844369665616017,0.983648806559072,0.7145074931872899,0.215,1.0,0.7213557046923879,0.27007694101877083,0.8344557383448773,0.7701086741533367,0.9293677395246625,0.816256202208818,0.7852303734196157,0.8427894978637454,0.9297070083414365,0.3506,0.812166531322896,0.1197,1.0,0.9102450778690088,0.3228515498029009,0.8275444143951198,0.8983722796194549,0.9054385878677387,0.8561693443669922,0.8459229580915374,0.8195133311480238,0.9267239152111216,0.3506,0.8576468237170154,0.215,1.0,0.8228129192231575,0.282283610777379,0.8090182790128646,0.8355339513072131,0.8760674574993331,0.8936348550417796,0.9154356065429969,0.3506,0.874960136378632,0.1197,1.0,0.8603441252836737,0.2952422970129139,0.7414534041740671,0.9126001283671374,0.832963637892773,0.9294783686926679,0.7427498584867894,1.0,0.2551,0.7860703136836962,0.1197,1.0,0.7465221855552697,0.8219141439656333,0.8758011474540063,0.8712822133594436,0.8820029347891851,0.4622,0.7131294487722543,0.215,1.0,0.8374235452397094,0.8008057576620072,0.94620140231708,0.8175873390811289,0.9216211466916789,0.9715515656933826,0.3506,0.834844630672984,0.215,1.0,0.7231177414449383,0.26609486456248155,0.7306937829163902,0.9346723975037006,0.8040892337331982,0.8116429852840057,0.8879710379389325,0.3506,0.8324639235140538,0.215,0.9474724875069667,0.8749787609559015,0.215,1.0,0.8583015949014825,0.2858329688274146,0.9446140549511673,0.9104055606004512,0.7271428955564732,0.1197,0.9122435616545016,0.32433784366730173,0.7223010381965538,0.9174969830315984,0.9146972784789038,0.8892713688672692,0.9188127684151266,0.2551,0.8181083288843005,0.1197,0.3506,0.1197,0.7849829091461356,0.8574427570707227,0.215,1.0,0.8289410870068299,0.31635836394410066,0.7816880403467495,0.8245376352567624,0.8890071778262949,0.7724933200617717,0.7611730954179141,0.8643255425458543,1.0,0.2551,0.7776934359056121,0.1197,1.0,0.7495225779371426,0.31360337888216644,0.8261267410308308,0.8436955112576157,0.8920469458668707,0.9520433609426903,0.807767598277546,0.9108788792748818,0.9187023739488792,0.2551,0.8474557008235984,0.1197,0.7153335275483139,0.31189958297925285,0.761129175285695,0.9286414300658156,0.7550861031050176,0.1197,1.0,0.9119284493386743,0.28028925990927556,0.7645377633801582,0.819349108171913,0.8807171488503935,0.8317858243081501,0.8993121384976632,0.8145500610448843,1.0,0.4946,0.8225443757828026,0.1197,0.29003627396487297,0.9623300316822216,0.215,0.7452139725065932,0.1197,1.0,0.26314243770091245,0.8545702156548649,0.9090357677883476,0.2551,0.8602521610543794,0.1197,0.8563405382048409,0.2768267912108342,0.7471036929963937,0.8995358702754596,0.1752087291203202,0.16766454961048466,0.09534875404651674,0.17339670776320099,0.176076747555343,0.16843261253449882,0.16934850794014902,0.09428156890088835,0.09804167210650101,0.16879628747871472,0.17110888024268117,0.17210319913907807,0.17547360586532587,0.16705648350714955,0.09587079612028712,0.17617497912486102,0.17365248436453076,0.09465635707309372,0.0962869350986812,0.16778886942994778,0.09847172493868732,0.09481339622392851,0.09851040012389134,0.09359557606635659,0.09548495639346145,0.1711099847089394,0.093644410345221,0.8749985512789953,0.8149319105813502,1.0,1.0,0.2551,0.3506,0.215,0.215,0.4946,0.4946,0.8393695935917075,0.9460311497041833,1.0,0.9423926012030495,0.2551,0.2551,0.215,0.215,0.4622,0.4946,0.9149251188217593,0.7936656175697806,1.0,1.0,0.2551,0.3506,0.215,0.1197,0.4622,0.4946,0.7777103943164203,0.9385769534597096,1.0,1.0,0.2551,0.3506,0.1197,0.215,0.9404468663029837,0.7947241842390508,1.0,0.9398181681195636,0.2551,0.3506,0.215,0.215,0.8927256561015642,0.8661314053410984,1.0,1.0,0.3506,0.3506,0.1197,0.1197,0.8415788014631189,0.9347455200747994,1.0,0.9624317442313094,0.2551,0.1197,0.1197,0.4946,0.4946,0.8668494593490517,0.7679186807958505,1.0,1.0,0.3506,0.3506,0.1197,0.215,0.4622,0.4622,0.8896425440709245,0.8867807979829478,1.0,0.9211014264018459,0.2551,0.3506,0.1197,0.215,0.4622,0.4622,0.7757477738109413,0.8315553880362221,1.0,1.0,0.2551,0.3506,0.1197,0.215,0.4946,0.4622,0.9068840866476655,0.784108969158914,1.0,1.0,0.3506,0.2551,0.215,0.1197,0.4622,0.4946,0.9510569467633565,0.9359073245079182,1.0,0.9147167475746062,0.215,0.4622,0.4622,0.9373819374791561,0.808804059897245,1.0,1.0,0.2551,0.3506,0.215,0.1197,0.4622,0.4622,0.8410022453489974,0.864452468787623,1.0,0.9976104286309453,0.2551,0.2551,0.215,0.1197,0.8704520986854565,0.8692818407430531,1.0,0.9507962371212113,0.2551,0.3506,0.215,0.1197,0.8949179309955082,0.8187225606676203,1.0,1.0,0.2551,0.3506,0.1197,0.1197,0.957854678407338,0.8155735379391108,1.0,0.9936466801071762,0.3506,0.2551,0.215,0.1197,0.8156036231783753,0.8643027120547091,1.0,0.9086631975416938,0.3506,0.2551,0.215,0.215,0.8596989408509639,0.8873362785768855,1.0,1.0,0.2551,0.3506,0.215,0.215,0.8384017944853777,0.9440354408019456,1.0,1.0,0.3506,0.3506,0.1197,0.1197,0.8252541369876546,0.9437646673193326,1.0,0.9163015124732122,0.2551,0.3506,0.1197,0.215,0.4946,0.4622,0.779186493720765,0.94627548823656,1.0,0.908518865553921,0.3506,0.2551,0.1197,0.1197,0.8455886171231504,0.8130251357571989,1.0,1.0,0.2551,0.2551,0.215,0.1197,0.4622,0.4946,0.9434300751950061,0.9472047418342839,1.0,1.0,0.3506,0.3506,0.1197,0.215,0.797296283178794,0.9134519558649252,1.0,0.9335977311674998,0.2551,0.2551,0.1197,0.1197,0.8317252608442985,0.8723928092391446,1.0,1.0,0.3506,0.3506,0.1197,0.1197,0.8116329669603102,0.774947421798735,1.0,0.9105698534690538,0.3506,0.3506,0.215,0.1197
,41,1.0,0.7837907462181648,0.8644782251320395,0.880789813507498,0.9348218750819608,0.889122410535768,0.7139516197507392,0.0674,1.0,0.7457079430473661,0.31510569283762024,0.8905367100742921,0.8610607589089856,0.8847411505441679,0.9121011675954952,0.946399928625978,0.2512,0.8517682128926941,0.03604,1.0,0.7360549552702661,0.283644456767859,0.8488825071394741,0.7430136968942455,0.8985169356927586,0.8134907036057438,0.770260688822779,0.8011320583313895,0.9486547958498687,0.489,0.4268,0.7726278990700709,0.03604,0.8496823403097302,0.2700091192472204,0.7524013789061157,0.8872775061645028,0.7888707871414207,0.8550832518173399,0.0674,0.2891364507803059,0.9252028923791478,0.8084436189910887,1.0,0.31193842783590614,0.4268,0.0674,0.8434465666396669,0.2750142751658429,0.8152083855778691,0.7951364007411978,0.844369665616017,0.983648806559072,0.7145074931872899,0.0674,1.0,0.7213557046923879,0.27007694101877083,0.8344557383448773,0.7701086741533367,0.9293677395246625,0.816256202208818,0.7852303734196157,0.8427894978637454,0.9297070083414365,0.4268,0.812166531322896,0.03604,1.0,0.9102450778690088,0.3228515498029009,0.8275444143951198,0.8983722796194549,0.9054385878677387,0.8561693443669922,0.8459229580915374,0.8195133311480238,0.9267239152111216,0.4268,0.8576468237170154,0.0674,1.0,0.8228129192231575,0.282283610777379,0.8090182790128646,0.8355339513072131,0.8760674574993331,0.8936348550417796,0.9154356065429969,0.4268,0.874960136378632,0.03604,1.0,0.8603441252836737,0.2952422970129139,0.7414534041740671,0.9126001283671374,0.832963637892773,0.9294783686926679,0.7427498584867894,1.0,0.2512,0.7860703136836962,0.03604,1.0,0.7465221855552697,0.8219141439656333,0.8758011474540063,0.8712822133594436,0.8820029347891851,0.489,0.7131294487722543,0.0674,1.0,0.8374235452397094,0.8008057576620072,0.94620140231708,0.8175873390811289,0.9216211466916789,0.9715515656933826,0.4268,0.834844630672984,0.0674,1.0,0.7231177414449383,0.26609486456248155,0.7306937829163902,0.9346723975037006,0.8040892337331982,0.8116429852840057,0.8879710379389325,0.4268,0.8324639235140538,0.0674,0.9474724875069667,0.8749787609559015,0.0674,1.0,0.8583015949014825,0.2858329688274146,0.9446140549511673,0.9104055606004512,0.7271428955564732,0.03604,0.9122435616545016,0.32433784366730173,0.7223010381965538,0.9174969830315984,0.9146972784789038,0.8892713688672692,0.9188127684151266,0.2512,0.8181083288843005,0.03604,0.4268,0.03604,0.7849829091461356,0.8574427570707227,0.0674,1.0,0.8289410870068299,0.31635836394410066,0.7816880403467495,0.8245376352567624,0.8890071778262949,0.7724933200617717,0.7611730954179141,0.8643255425458543,1.0,0.2512,0.7776934359056121,0.03604,1.0,0.7495225779371426,0.31360337888216644,0.8261267410308308,0.8436955112576157,0.8920469458668707,0.9520433609426903,0.807767598277546,0.9108788792748818,0.9187023739488792,0.2512,0.8474557008235984,0.03604,0.7153335275483139,0.31189958297925285,0.761129175285695,0.9286414300658156,0.7550861031050176,0.03604,1.0,0.9119284493386743,0.28028925990927556,0.7645377633801582,0.819349108171913,0.8807171488503935,0.8317858243081501,0.8993121384976632,0.8145500610448843,1.0,0.5273,0.8225443757828026,0.03604,0.29003627396487297,0.9623300316822216,0.0674,0.7452139725065932,0.03604,1.0,0.26314243770091245,0.8545702156548649,0.9090357677883476,0.2512,0.8602521610543794,0.03604,0.8563405382048409,0.2768267912108342,0.7471036929963937,0.8995358702754596,0.05492589926841666,0.05256088671510077,0.028708179580922834,0.05435785164297556,0.05519801295455869,0.05280166551081497,0.05308878807053974,0.028386865022456274,0.029518979638415176,0.05291567337704824,0.053640644317938184,0.05395235173011098,0.05500893504801379,0.0523702650622413,0.028865359166041337,0.05522880740937503,0.05443803463334592,0.028499708512233064,0.02899065280665389,0.05259985953292316,0.029648462546284803,0.028546990809610553,0.029660107104971127,0.028180322150639026,0.028749188207354642,0.05364099055526751,0.028195025470691436,0.8749985512789953,0.8149319105813502,1.0,1.0,0.2512,0.4268,0.0674,0.0674,0.5273,0.5273,0.8393695935917075,0.9460311497041833,1.0,0.9423926012030495,0.2512,0.2512,0.0674,0.0674,0.489,0.5273,0.9149251188217593,0.7936656175697806,1.0,1.0,0.2512,0.4268,0.0674,0.03604,0.489,0.5273,0.7777103943164203,0.9385769534597096,1.0,1.0,0.2512,0.4268,0.03604,0.0674,0.9404468663029837,0.7947241842390508,1.0,0.9398181681195636,0.2512,0.4268,0.0674,0.0674,0.8927256561015642,0.8661314053410984,1.0,1.0,0.4268,0.4268,0.03604,0.03604,0.8415788014631189,0.9347455200747994,1.0,0.9624317442313094,0.2512,0.03604,0.03604,0.5273,0.5273,0.8668494593490517,0.7679186807958505,1.0,1.0,0.4268,0.4268,0.03604,0.0674,0.489,0.489,0.8896425440709245,0.8867807979829478,1.0,0.9211014264018459,0.2512,0.4268,0.03604,0.0674,0.489,0.489,0.7757477738109413,0.8315553880362221,1.0,1.0,0.2512,0.4268,0.03604,0.0674,0.5273,0.489,0.9068840866476655,0.784108969158914,1.0,1.0,0.4268,0.2512,0.0674,0.03604,0.489,0.5273,0.9510569467633565,0.9359073245079182,1.0,0.9147167475746062,0.0674,0.489,0.489,0.9373819374791561,0.808804059897245,1.0,1.0,0.2512,0.4268,0.0674,0.03604,0.489,0.489,0.8410022453489974,0.864452468787623,1.0,0.9976104286309453,0.2512,0.2512,0.0674,0.03604,0.8704520986854565,0.8692818407430531,1.0,0.9507962371212113,0.2512,0.4268,0.0674,0.03604,0.8949179309955082,0.8187225606676203,1.0,1.0,0.2512,0.4268,0.03604,0.03604,0.957854678407338,0.8155735379391108,1.0,0.9936466801071762,0.4268,0.2512,0.0674,0.03604,0.8156036231783753,0.8643027120547091,1.0,0.9086631975416938,0.4268,0.2512,0.0674,0.0674,0.8596989408509639,0.8873362785768855,1.0,1.0,0.2512,0.4268,0.0674,0.0674,0.8384017944853777,0.9440354408019456,1.0,1.0,0.4268,0.4268,0.03604,0.03604,0.8252541369876546,0.9437646673193326,1.0,0.9163015124732122,0.2512,0.4268,0.03604,0.0674,0.5273,0.489,0.779186493720765,0.94627548823656,1.0,0.908518865553921,0.4268,0.2512,0.03604,0.03604,0.8455886171231504,0.8130251357571989,1.0,1.0,0.2512,0.2512,0.0674,0.03604,0.489,0.5273,0.9434300751950061,0.9472047418342839,1.0,1.0,0.4268,0.4268,0.03604,0.0674,0.797296283178794,0.9134519558649252,1.0,0.9335977311674998,0.2512,0.2512,0.03604,0.03604,0.8317252608442985,0.8723928092391446,1.0,1.0,0.4268,0.4268,0.03604,0.03604,0.8116329669603102,0.774947421798735,1.0,0.9105698534690538,0.4268,0.4268,0.0674,0.03604
,42,1.0,0.7837907462181648,0.8644782251320395,0.880789813507498,0.9348218750819608,0.889122410535768,0.7139516197507392,7.546e-05,1.0,0.7457079430473661,0.31510569283762024,0.8905367100742921,0.8610607589089856,0.8847411505441679,0.9121011675954952,0.946399928625978,0.304,0.8517682128926941,0.0,1.0,0.7360549552702661,0.283644456767859,0.8488825071394741,0.7430136968942455,0.8985169356927586,0.8134907036057438,0.770260688822779,0.8011320583313895,0.9486547958498687,0.5005,0.5044,0.7726278990700709,0.0,0.8496823403097302,0.2700091192472204,0.7524013789061157,0.8872775061645028,0.7888707871414207,0.8550832518173399,7.546e-05,0.2891364507803059,0.9252028923791478,0.8084436189910887,1.0,0.31193842783590614,0.5044,7.546e-05,0.8434465666396669,0.2750142751658429,0.8152083855778691,0.7951364007411978,0.844369665616017,0.983648806559072,0.7145074931872899,7.546e-05,1.0,0.7213557046923879,0.27007694101877083,0.8344557383448773,0.7701086741533367,0.9293677395246625,0.816256202208818,0.7852303734196157,0.8427894978637454,0.9297070083414365,0.5044,0.812166531322896,0.0,1.0,0.9102450778690088,0.3228515498029009,0.8275444143951198,0.8983722796194549,0.9054385878677387,0.8561693443669922,0.8459229580915374,0.8195133311480238,0.9267239152111216,0.5044,0.8576468237170154,7.546e-05,1.0,0.8228129192231575,0.282283610777379,0.8090182790128646,0.8355339513072131,0.8760674574993331,0.8936348550417796,0.9154356065429969,0.5044,0.874960136378632,0.0,1.0,0.8603441252836737,0.2952422970129139,0.7414534041740671,0.9126001283671374,0.832963637892773,0.9294783686926679,0.7427498584867894,1.0,0.304,0.7860703136836962,0.0,1.0,0.7465221855552697,0.8219141439656333,0.8758011474540063,0.8712822133594436,0.8820029347891851,0.5005,0.7131294487722543,7.546e-05,1.0,0.8374235452397094,0.8008057576620072,0.94620140231708,0.8175873390811289,0.9216211466916789,0.9715515656933826,0.5044,0.834844630672984,7.546e-05,1.0,0.7231177414449383,0.26609486456248155,0.7306937829163902,0.9346723975037006,0.8040892337331982,0.8116429852840057,0.8879710379389325,0.5044,0.8324639235140538,7.546e-05,0.9474724875069667,0.8749787609559015,7.546e-05,1.0,0.8583015949014825,0.2858329688274146,0.9446140549511673,0.9104055606004512,0.7271428955564732,0.0,0.9122435616545016,0.32433784366730173,0.7223010381965538,0.9174969830315984,0.9146972784789038,0.8892713688672692,0.9188127684151266,0.304,0.8181083288843005,0.0,0.5044,0.0,0.7849829091461356,0.8574427570707227,7.546e-05,1.0,0.8289410870068299,0.31635836394410066,0.7816880403467495,0.8245376352567624,0.8890071778262949,0.7724933200617717,0.7611730954179141,0.8643255425458543,1.0,0.304,0.7776934359056121,0.0,1.0,0.7495225779371426,0.31360337888216644,0.8261267410308308,0.8436955112576157,0.8920469458668707,0.9520433609426903,0.807767598277546,0.9108788792748818,0.9187023739488792,0.304,0.8474557008235984,0.0,0.7153335275483139,0.31189958297925285,0.761129175285695,0.9286414300658156,0.7550861031050176,0.0,1.0,0.9119284493386743,0.28028925990927556,0.7645377633801582,0.819349108171913,0.8807171488503935,0.8317858243081501,0.8993121384976632,0.8145500610448843,1.0,0.556,0.8225443757828026,0.0,0.29003627396487297,0.9623300316822216,7.546e-05,0.7452139725065932,0.0,1.0,0.26314243770091245,0.8545702156548649,0.9090357677883476,0.304,0.8602521610543794,0.0,0.8563405382048409,0.2768267912108342,0.7471036929963937,0.8995358702754596,6.149418929962493e-05,5.8846357737707776e-05,0.0,6.085821194330765e-05,6.179884358384271e-05,5.9115929962108276e-05,5.943738794959834e-05,0.0,0.0,5.924357140997123e-05,6.005523768889637e-05,6.040422049783642e-05,6.158715487719763e-05,5.8632940676509326e-05,0.0,6.183332058028843e-05,6.094798358208135e-05,0.0,0.0,5.888999110318074e-05,0.0,0.0,0.0,0.0,0.0,6.0055625330867756e-05,0.0,0.8749985512789953,0.8149319105813502,1.0,1.0,0.304,0.5044,7.546e-05,7.546e-05,0.556,0.556,0.8393695935917075,0.9460311497041833,1.0,0.9423926012030495,0.304,0.304,7.546e-05,7.546e-05,0.5005,0.556,0.9149251188217593,0.7936656175697806,1.0,1.0,0.304,0.5044,7.546e-05,0.0,0.5005,0.556,0.7777103943164203,0.9385769534597096,1.0,1.0,0.304,0.5044,0.0,7.546e-05,0.9404468663029837,0.7947241842390508,1.0,0.9398181681195636,0.304,0.5044,7.546e-05,7.546e-05,0.8927256561015642,0.8661314053410984,1.0,1.0,0.5044,0.5044,0.0,0.0,0.8415788014631189,0.9347455200747994,1.0,0.9624317442313094,0.304,0.0,0.0,0.556,0.556,0.8668494593490517,0.7679186807958505,1.0,1.0,0.5044,0.5044,0.0,7.546e-05,0.5005,0.5005,0.8896425440709245,0.8867807979829478,1.0,0.9211014264018459,0.304,0.5044,0.0,7.546e-05,0.5005,0.5005,0.7757477738109413,0.8315553880362221,1.0,1.0,0.304,0.5044,0.0,7.546e-05,0.556,0.5005,0.9068840866476655,0.784108969158914,1.0,1.0,0.5044,0.304,7.546e-05,0.0,0.5005,0.556,0.9510569467633565,0.9359073245079182,1.0,0.9147167475746062,7.546e-05,0.5005,0.5005,0.9373819374791561,0.808804059897245,1.0,1.0,0.304,0.5044,7.546e-05,0.0,0.5005,0.5005,0.8410022453489974,0.864452468787623,1.0,0.9976104286309453,0.304,0.304,7.546e-05,0.0,0.8704520986854565,0.8692818407430531,1.0,0.9507962371212113,0.304,0.5044,7.546e-05,0.0,0.8949179309955082,0.8187225606676203,1.0,1.0,0.304,0.5044,0.0,0.0,0.957854678407338,0.8155735379391108,1.0,0.9936466801071762,0.5044,0.304,7.546e-05,0.0,0.8156036231783753,0.8643027120547091,1.0,0.9086631975416938,0.5044,0.304,7.546e-05,7.546e-05,0.8596989408509639,0.8873362785768855,1.0,1.0,0.304,0.5044,7.546e-05,7.546e-05,0.8384017944853777,0.9440354408019456,1.0,1.0,0.5044,0.5044,0.0,0.0,0.8252541369876546,0.9437646673193326,1.0,0.9163015124732122,0.304,0.5044,0.0,7.546e-05,0.556,0.5005,0.779186493720765,0.94627548823656,1.0,0.908518865553921,0.5044,0.304,0.0,0.0,0.8455886171231504,0.8130251357571989,1.0,1.0,0.304,0.304,7.546e-05,0.0,0.5005,0.556,0.9434300751950061,0.9472047418342839,1.0,1.0,0.5044,0.5044,0.0,7.546e-05,0.797296283178794,0.9134519558649252,1.0,0.9335977311674998,0.304,0.304,0.0,0.0,0.8317252608442985,0.8723928092391446,1.0,1.0,0.5044,0.5044,0.0,0.0,0.8116329669603102,0.774947421798735,1.0,0.9105698534690538,0.5044,0.5044,7.546e-05,0.0
,43,1.0,0.7837907462181648,0.8644782251320395,0.880789813507498,0.9348218750819608,0.889122410535768,0.7139516197507392,0.0,1.0,0.7457079430473661,0.31510569283762024,0.8905367100742921,0.8610607589089856,0.8847411505441679,0.9121011675954952,0.946399928625978,0.3418,0.8517682128926941,0.0,1.0,0.7360549552702661,0.283644456767859,0.8488825071394741,0.7430136968942455,0.8985169356927586,0.8134907036057438,0.770260688822779,0.8011320583313895,0.9486547958498687,0.5166,0.515,0.7726278990700709,0.0,0.8496823403097302,0.2700091192472204,0.7524013789061157,0.8872775061645028,0.7888707871414207,0.8550832518173399,0.0,0.2891364507803059,0.9252028923791478,0.8084436189910887,1.0,0.31193842783590614,0.515,0.0,0.8434465666396669,0.2750142751658429,0.8152083855778691,0.7951364007411978,0.844369665616017,0.983648806559072,0.7145074931872899,0.0,1.0,0.7213557046923879,0.27007694101877083,0.8344557383448773,0.7701086741533367,0.9293677395246625,0.816256202208818,0.7852303734196157,0.8427894978637454,0.9297070083414365,0.515,0.812166531322896,0.0,1.0,0.9102450778690088,0.3228515498029009,0.8275444143951198,0.8983722796194549,0.9054385878677387,0.8561693443669922,0.8459229580915374,0.8195133311480238,0.9267239152111216,0.515,0.8576468237170154,0.0,1.0,0.8228129192231575,0.282283610777379,0.8090182790128646,0.8355339513072131,0.8760674574993331,0.8936348550417796,0.9154356065429969,0.515,0.874960136378632,0.0,1.0,0.8603441252836737,0.2952422970129139,0.7414534041740671,0.9126001283671374,0.832963637892773,0.9294783686926679,0.7427498584867894,1.0,0.3418,0.7860703136836962,0.0,1.0,0.7465221855552697,0.8219141439656333,0.8758011474540063,0.8712822133594436,0.8820029347891851,0.5166,0.7131294487722543,0.0,1.0,0.8374235452397094,0.8008057576620072,0.94620140231708,0.8175873390811289,0.9216211466916789,0.9715515656933826,0.515,0.834844630672984,0.0,1.0,0.7231177414449383,0.26609486456248155,0.7306937829163902,0.9346723975037006,0.8040892337331982,0.8116429852840057,0.8879710379389325,0.515,0.8324639235140538,0.0,0.9474724875069667,0.8749787609559015,0.0,1.0,0.8583015949014825,0.2858329688274146,0.9446140549511673,0.9104055606004512,0.7271428955564732,0.0,0.9122435616545016,0.32433784366730173,0.7223010381965538,0.9174969830315984,0.9146972784789038,0.8892713688672692,0.9188127684151266,0.3418,0.8181083288843005,0.0,0.515,0.0,0.7849829091461356,0.8574427570707227,0.0,1.0,0.8289410870068299,0.31635836394410066,0.7816880403467495,0.8245376352567624,0.8890071778262949,0.7724933200617717,0.7611730954179141,0.8643255425458543,1.0,0.3418,0.7776934359056121,0.0,1.0,0.7495225779371426,0.31360337888216644,0.8261267410308308,0.8436955112576157,0.8920469458668707,0.9520433609426903,0.807767598277546,0.9108788792748818,0.9187023739488792,0.3418,0.8474557008235984,0.0,0.7153335275483139,0.31189958297925285,0.761129175285695,0.9286414300658156,0.7550861031050176,0.0,1.0,0.9119284493386743,0.28028925990927556,0.7645377633801582,0.819349108171913,0.8807171488503935,0.8317858243081501,0.8993121384976632,0.8145500610448843,1.0,0.59,0.8225443757828026,0.0,0.29003627396487297,0.9623300316822216,0.0,0.7452139725065932,0.0,1.0,0.26314243770091245,0.8545702156548649,0.9090357677883476,0.3418,0.8602521610543794,0.0,0.8563405382048409,0.2768267912108342,0.7471036929963937,0.8995358702754596,0.0,0.0,0.0,0.0,0.0,0.0,0.0,0.0,0.0,0.0,0.0,0.0,0.0,0.0,0.0,0.0,0.0,0.0,0.0,0.0,0.0,0.0,0.0,0.0,0.0,0.0,0.0,0.8749985512789953,0.8149319105813502,1.0,1.0,0.3418,0.515,0.0,0.0,0.59,0.59,0.8393695935917075,0.9460311497041833,1.0,0.9423926012030495,0.3418,0.3418,0.0,0.0,0.5166,0.59,0.9149251188217593,0.7936656175697806,1.0,1.0,0.3418,0.515,0.0,0.0,0.5166,0.59,0.7777103943164203,0.9385769534597096,1.0,1.0,0.3418,0.515,0.0,0.0,0.9404468663029837,0.7947241842390508,1.0,0.9398181681195636,0.3418,0.515,0.0,0.0,0.8927256561015642,0.8661314053410984,1.0,1.0,0.515,0.515,0.0,0.0,0.8415788014631189,0.9347455200747994,1.0,0.9624317442313094,0.3418,0.0,0.0,0.59,0.59,0.8668494593490517,0.7679186807958505,1.0,1.0,0.515,0.515,0.0,0.0,0.5166,0.5166,0.8896425440709245,0.8867807979829478,1.0,0.9211014264018459,0.3418,0.515,0.0,0.0,0.5166,0.5166,0.7757477738109413,0.8315553880362221,1.0,1.0,0.3418,0.515,0.0,0.0,0.59,0.5166,0.9068840866476655,0.784108969158914,1.0,1.0,0.515,0.3418,0.0,0.0,0.5166,0.59,0.9510569467633565,0.9359073245079182,1.0,0.9147167475746062,0.0,0.5166,0.5166,0.9373819374791561,0.808804059897245,1.0,1.0,0.3418,0.515,0.0,0.0,0.5166,0.5166,0.8410022453489974,0.864452468787623,1.0,0.9976104286309453,0.3418,0.3418,0.0,0.0,0.8704520986854565,0.8692818407430531,1.0,0.9507962371212113,0.3418,0.515,0.0,0.0,0.8949179309955082,0.8187225606676203,1.0,1.0,0.3418,0.515,0.0,0.0,0.957854678407338,0.8155735379391108,1.0,0.9936466801071762,0.515,0.3418,0.0,0.0,0.8156036231783753,0.8643027120547091,1.0,0.9086631975416938,0.515,0.3418,0.0,0.0,0.8596989408509639,0.8873362785768855,1.0,1.0,0.3418,0.515,0.0,0.0,0.8384017944853777,0.9440354408019456,1.0,1.0,0.515,0.515,0.0,0.0,0.8252541369876546,0.9437646673193326,1.0,0.9163015124732122,0.3418,0.515,0.0,0.0,0.59,0.5166,0.779186493720765,0.94627548823656,1.0,0.908518865553921,0.515,0.3418,0.0,0.0,0.8455886171231504,0.8130251357571989,1.0,1.0,0.3418,0.3418,0.0,0.0,0.5166,0.59,0.9434300751950061,0.9472047418342839,1.0,1.0,0.515,0.515,0.0,0.0,0.797296283178794,0.9134519558649252,1.0,0.9335977311674998,0.3418,0.3418,0.0,0.0,0.8317252608442985,0.8723928092391446,1.0,1.0,0.515,0.515,0.0,0.0,0.8116329669603102,0.774947421798735,1.0,0.9105698534690538,0.515,0.515,0.0,0.0
,44,1.0,0.7837907462181648,0.8644782251320395,0.880789813507498,0.9348218750819608,0.889122410535768,0.7139516197507392,0.0,1.0,0.7457079430473661,0.31510569283762024,0.8905367100742921,0.8610607589089856,0.8847411505441679,0.9121011675954952,0.946399928625978,0.3596,0.8517682128926941,0.0,1.0,0.7360549552702661,0.283644456767859,0.8488825071394741,0.7430136968942455,0.8985169356927586,0.8134907036057438,0.770260688822779,0.8011320583313895,0.9486547958498687,0.538,0.488,0.7726278990700709,0.0,0.8496823403097302,0.2700091192472204,0.7524013789061157,0.8872775061645028,0.7888707871414207,0.8550832518173399,0.0,0.2891364507803059,0.9252028923791478,0.8084436189910887,1.0,0.31193842783590614,0.488,0.0,0.8434465666396669,0.2750142751658429,0.8152083855778691,0.7951364007411978,0.844369665616017,0.983648806559072,0.7145074931872899,0.0,1.0,0.7213557046923879,0.27007694101877083,0.8344557383448773,0.7701086741533367,0.9293677395246625,0.816256202208818,0.7852303734196157,0.8427894978637454,0.9297070083414365,0.488,0.812166531322896,0.0,1.0,0.9102450778690088,0.3228515498029009,0.8275444143951198,0.8983722796194549,0.9054385878677387,0.8561693443669922,0.8459229580915374,0.8195133311480238,0.9267239152111216,0.488,0.8576468237170154,0.0,1.0,0.8228129192231575,0.282283610777379,0.8090182790128646,0.8355339513072131,0.8760674574993331,0.8936348550417796,0.9154356065429969,0.488,0.874960136378632,0.0,1.0,0.8603441252836737,0.2952422970129139,0.7414534041740671,0.9126001283671374,0.832963637892773,0.9294783686926679,0.7427498584867894,1.0,0.3596,0.7860703136836962,0.0,1.0,0.7465221855552697,0.8219141439656333,0.8758011474540063,0.8712822133594436,0.8820029347891851,0.538,0.7131294487722543,0.0,1.0,0.8374235452397094,0.8008057576620072,0.94620140231708,0.8175873390811289,0.9216211466916789,0.9715515656933826,0.488,0.834844630672984,0.0,1.0,0.7231177414449383,0.26609486456248155,0.7306937829163902,0.9346723975037006,0.8040892337331982,0.8116429852840057,0.8879710379389325,0.488,0.8324639235140538,0.0,0.9474724875069667,0.8749787609559015,0.0,1.0,0.8583015949014825,0.2858329688274146,0.9446140549511673,0.9104055606004512,0.7271428955564732,0.0,0.9122435616545016,0.32433784366730173,0.7223010381965538,0.9174969830315984,0.9146972784789038,0.8892713688672692,0.9188127684151266,0.3596,0.8181083288843005,0.0,0.488,0.0,0.7849829091461356,0.8574427570707227,0.0,1.0,0.8289410870068299,0.31635836394410066,0.7816880403467495,0.8245376352567624,0.8890071778262949,0.7724933200617717,0.7611730954179141,0.8643255425458543,1.0,0.3596,0.7776934359056121,0.0,1.0,0.7495225779371426,0.31360337888216644,0.8261267410308308,0.8436955112576157,0.8920469458668707,0.9520433609426903,0.807767598277546,0.9108788792748818,0.9187023739488792,0.3596,0.8474557008235984,0.0,0.7153335275483139,0.31189958297925285,0.761129175285695,0.9286414300658156,0.7550861031050176,0.0,1.0,0.9119284493386743,0.28028925990927556,0.7645377633801582,0.819349108171913,0.8807171488503935,0.8317858243081501,0.8993121384976632,0.8145500610448843,1.0,0.5913,0.8225443757828026,0.0,0.29003627396487297,0.9623300316822216,0.0,0.7452139725065932,0.0,1.0,0.26314243770091245,0.8545702156548649,0.9090357677883476,0.3596,0.8602521610543794,0.0,0.8563405382048409,0.2768267912108342,0.7471036929963937,0.8995358702754596,0.0,0.0,0.0,0.0,0.0,0.0,0.0,0.0,0.0,0.0,0.0,0.0,0.0,0.0,0.0,0.0,0.0,0.0,0.0,0.0,0.0,0.0,0.0,0.0,0.0,0.0,0.0,0.8749985512789953,0.8149319105813502,1.0,1.0,0.3596,0.488,0.0,0.0,0.5913,0.5913,0.8393695935917075,0.9460311497041833,1.0,0.9423926012030495,0.3596,0.3596,0.0,0.0,0.538,0.5913,0.9149251188217593,0.7936656175697806,1.0,1.0,0.3596,0.488,0.0,0.0,0.538,0.5913,0.7777103943164203,0.9385769534597096,1.0,1.0,0.3596,0.488,0.0,0.0,0.9404468663029837,0.7947241842390508,1.0,0.9398181681195636,0.3596,0.488,0.0,0.0,0.8927256561015642,0.8661314053410984,1.0,1.0,0.488,0.488,0.0,0.0,0.8415788014631189,0.9347455200747994,1.0,0.9624317442313094,0.3596,0.0,0.0,0.5913,0.5913,0.8668494593490517,0.7679186807958505,1.0,1.0,0.488,0.488,0.0,0.0,0.538,0.538,0.8896425440709245,0.8867807979829478,1.0,0.9211014264018459,0.3596,0.488,0.0,0.0,0.538,0.538,0.7757477738109413,0.8315553880362221,1.0,1.0,0.3596,0.488,0.0,0.0,0.5913,0.538,0.9068840866476655,0.784108969158914,1.0,1.0,0.488,0.3596,0.0,0.0,0.538,0.5913,0.9510569467633565,0.9359073245079182,1.0,0.9147167475746062,0.0,0.538,0.538,0.9373819374791561,0.808804059897245,1.0,1.0,0.3596,0.488,0.0,0.0,0.538,0.538,0.8410022453489974,0.864452468787623,1.0,0.9976104286309453,0.3596,0.3596,0.0,0.0,0.8704520986854565,0.8692818407430531,1.0,0.9507962371212113,0.3596,0.488,0.0,0.0,0.8949179309955082,0.8187225606676203,1.0,1.0,0.3596,0.488,0.0,0.0,0.957854678407338,0.8155735379391108,1.0,0.9936466801071762,0.488,0.3596,0.0,0.0,0.8156036231783753,0.8643027120547091,1.0,0.9086631975416938,0.488,0.3596,0.0,0.0,0.8596989408509639,0.8873362785768855,1.0,1.0,0.3596,0.488,0.0,0.0,0.8384017944853777,0.9440354408019456,1.0,1.0,0.488,0.488,0.0,0.0,0.8252541369876546,0.9437646673193326,1.0,0.9163015124732122,0.3596,0.488,0.0,0.0,0.5913,0.538,0.779186493720765,0.94627548823656,1.0,0.908518865553921,0.488,0.3596,0.0,0.0,0.8455886171231504,0.8130251357571989,1.0,1.0,0.3596,0.3596,0.0,0.0,0.538,0.5913,0.9434300751950061,0.9472047418342839,1.0,1.0,0.488,0.488,0.0,0.0,0.797296283178794,0.9134519558649252,1.0,0.9335977311674998,0.3596,0.3596,0.0,0.0,0.8317252608442985,0.8723928092391446,1.0,1.0,0.488,0.488,0.0,0.0,0.8116329669603102,0.774947421798735,1.0,0.9105698534690538,0.488,0.488,0.0,0.0
,45,1.0,0.7837907462181648,0.8644782251320395,0.880789813507498,0.9348218750819608,0.889122410535768,0.7139516197507392,0.0,1.0,0.7457079430473661,0.31510569283762024,0.8905367100742921,0.8610607589089856,0.8847411505441679,0.9121011675954952,0.946399928625978,0.3684,0.8517682128926941,0.0,1.0,0.7360549552702661,0.283644456767859,0.8488825071394741,0.7430136968942455,0.8985169356927586,0.8134907036057438,0.770260688822779,0.8011320583313895,0.9486547958498687,0.546,0.448,0.7726278990700709,0.0,0.8496823403097302,0.2700091192472204,0.7524013789061157,0.8872775061645028,0.7888707871414207,0.8550832518173399,0.0,0.2891364507803059,0.9252028923791478,0.8084436189910887,1.0,0.31193842783590614,0.448,0.0,0.8434465666396669,0.2750142751658429,0.8152083855778691,0.7951364007411978,0.844369665616017,0.983648806559072,0.7145074931872899,0.0,1.0,0.7213557046923879,0.27007694101877083,0.8344557383448773,0.7701086741533367,0.9293677395246625,0.816256202208818,0.7852303734196157,0.8427894978637454,0.9297070083414365,0.448,0.812166531322896,0.0,1.0,0.9102450778690088,0.3228515498029009,0.8275444143951198,0.8983722796194549,0.9054385878677387,0.8561693443669922,0.8459229580915374,0.8195133311480238,0.9267239152111216,0.448,0.8576468237170154,0.0,1.0,0.8228129192231575,0.282283610777379,0.8090182790128646,0.8355339513072131,0.8760674574993331,0.8936348550417796,0.9154356065429969,0.448,0.874960136378632,0.0,1.0,0.8603441252836737,0.2952422970129139,0.7414534041740671,0.9126001283671374,0.832963637892773,0.9294783686926679,0.7427498584867894,1.0,0.3684,0.7860703136836962,0.0,1.0,0.7465221855552697,0.8219141439656333,0.8758011474540063,0.8712822133594436,0.8820029347891851,0.546,0.7131294487722543,0.0,1.0,0.8374235452397094,0.8008057576620072,0.94620140231708,0.8175873390811289,0.9216211466916789,0.9715515656933826,0.448,0.834844630672984,0.0,1.0,0.7231177414449383,0.26609486456248155,0.7306937829163902,0.9346723975037006,0.8040892337331982,0.8116429852840057,0.8879710379389325,0.448,0.8324639235140538,0.0,0.9474724875069667,0.8749787609559015,0.0,1.0,0.8583015949014825,0.2858329688274146,0.9446140549511673,0.9104055606004512,0.7271428955564732,0.0,0.9122435616545016,0.32433784366730173,0.7223010381965538,0.9174969830315984,0.9146972784789038,0.8892713688672692,0.9188127684151266,0.3684,0.8181083288843005,0.0,0.448,0.0,0.7849829091461356,0.8574427570707227,0.0,1.0,0.8289410870068299,0.31635836394410066,0.7816880403467495,0.8245376352567624,0.8890071778262949,0.7724933200617717,0.7611730954179141,0.8643255425458543,1.0,0.3684,0.7776934359056121,0.0,1.0,0.7495225779371426,0.31360337888216644,0.8261267410308308,0.8436955112576157,0.8920469458668707,0.9520433609426903,0.807767598277546,0.9108788792748818,0.9187023739488792,0.3684,0.8474557008235984,0.0,0.7153335275483139,0.31189958297925285,0.761129175285695,0.9286414300658156,0.7550861031050176,0.0,1.0,0.9119284493386743,0.28028925990927556,0.7645377633801582,0.819349108171913,0.8807171488503935,0.8317858243081501,0.8993121384976632,0.8145500610448843,1.0,0.572,0.8225443757828026,0.0,0.29003627396487297,0.9623300316822216,0.0,0.7452139725065932,0.0,1.0,0.26314243770091245,0.8545702156548649,0.9090357677883476,0.3684,0.8602521610543794,0.0,0.8563405382048409,0.2768267912108342,0.7471036929963937,0.8995358702754596,0.0,0.0,0.0,0.0,0.0,0.0,0.0,0.0,0.0,0.0,0.0,0.0,0.0,0.0,0.0,0.0,0.0,0.0,0.0,0.0,0.0,0.0,0.0,0.0,0.0,0.0,0.0,0.8749985512789953,0.8149319105813502,1.0,1.0,0.3684,0.448,0.0,0.0,0.572,0.572,0.8393695935917075,0.9460311497041833,1.0,0.9423926012030495,0.3684,0.3684,0.0,0.0,0.546,0.572,0.9149251188217593,0.7936656175697806,1.0,1.0,0.3684,0.448,0.0,0.0,0.546,0.572,0.7777103943164203,0.9385769534597096,1.0,1.0,0.3684,0.448,0.0,0.0,0.9404468663029837,0.7947241842390508,1.0,0.9398181681195636,0.3684,0.448,0.0,0.0,0.8927256561015642,0.8661314053410984,1.0,1.0,0.448,0.448,0.0,0.0,0.8415788014631189,0.9347455200747994,1.0,0.9624317442313094,0.3684,0.0,0.0,0.572,0.572,0.8668494593490517,0.7679186807958505,1.0,1.0,0.448,0.448,0.0,0.0,0.546,0.546,0.8896425440709245,0.8867807979829478,1.0,0.9211014264018459,0.3684,0.448,0.0,0.0,0.546,0.546,0.7757477738109413,0.8315553880362221,1.0,1.0,0.3684,0.448,0.0,0.0,0.572,0.546,0.9068840866476655,0.784108969158914,1.0,1.0,0.448,0.3684,0.0,0.0,0.546,0.572,0.9510569467633565,0.9359073245079182,1.0,0.9147167475746062,0.0,0.546,0.546,0.9373819374791561,0.808804059897245,1.0,1.0,0.3684,0.448,0.0,0.0,0.546,0.546,0.8410022453489974,0.864452468787623,1.0,0.9976104286309453,0.3684,0.3684,0.0,0.0,0.8704520986854565,0.8692818407430531,1.0,0.9507962371212113,0.3684,0.448,0.0,0.0,0.8949179309955082,0.8187225606676203,1.0,1.0,0.3684,0.448,0.0,0.0,0.957854678407338,0.8155735379391108,1.0,0.9936466801071762,0.448,0.3684,0.0,0.0,0.8156036231783753,0.8643027120547091,1.0,0.9086631975416938,0.448,0.3684,0.0,0.0,0.8596989408509639,0.8873362785768855,1.0,1.0,0.3684,0.448,0.0,0.0,0.8384017944853777,0.9440354408019456,1.0,1.0,0.448,0.448,0.0,0.0,0.8252541369876546,0.9437646673193326,1.0,0.9163015124732122,0.3684,0.448,0.0,0.0,0.572,0.546,0.779186493720765,0.94627548823656,1.0,0.908518865553921,0.448,0.3684,0.0,0.0,0.8455886171231504,0.8130251357571989,1.0,1.0,0.3684,0.3684,0.0,0.0,0.546,0.572,0.9434300751950061,0.9472047418342839,1.0,1.0,0.448,0.448,0.0,0.0,0.797296283178794,0.9134519558649252,1.0,0.9335977311674998,0.3684,0.3684,0.0,0.0,0.8317252608442985,0.8723928092391446,1.0,1.0,0.448,0.448,0.0,0.0,0.8116329669603102,0.774947421798735,1.0,0.9105698534690538,0.448,0.448,0.0,0.0
,46,1.0,0.7837907462181648,0.8644782251320395,0.880789813507498,0.9348218750819608,0.889122410535768,0.7139516197507392,0.0,1.0,0.7457079430473661,0.31510569283762024,0.8905367100742921,0.8610607589089856,0.8847411505441679,0.9121011675954952,0.946399928625978,0.3762,0.8517682128926941,0.0,1.0,0.7360549552702661,0.283644456767859,0.8488825071394741,0.7430136968942455,0.8985169356927586,0.8134907036057438,0.770260688822779,0.8011320583313895,0.9486547958498687,0.554,0.4033,0.7726278990700709,0.0,0.8496823403097302,0.2700091192472204,0.7524013789061157,0.8872775061645028,0.7888707871414207,0.8550832518173399,0.0,0.2891364507803059,0.9252028923791478,0.8084436189910887,1.0,0.31193842783590614,0.4033,0.0,0.8434465666396669,0.2750142751658429,0.8152083855778691,0.7951364007411978,0.844369665616017,0.983648806559072,0.7145074931872899,0.0,1.0,0.7213557046923879,0.27007694101877083,0.8344557383448773,0.7701086741533367,0.9293677395246625,0.816256202208818,0.7852303734196157,0.8427894978637454,0.9297070083414365,0.4033,0.812166531322896,0.0,1.0,0.9102450778690088,0.3228515498029009,0.8275444143951198,0.8983722796194549,0.9054385878677387,0.8561693443669922,0.8459229580915374,0.8195133311480238,0.9267239152111216,0.4033,0.8576468237170154,0.0,1.0,0.8228129192231575,0.282283610777379,0.8090182790128646,0.8355339513072131,0.8760674574993331,0.8936348550417796,0.9154356065429969,0.4033,0.874960136378632,0.0,1.0,0.8603441252836737,0.2952422970129139,0.7414534041740671,0.9126001283671374,0.832963637892773,0.9294783686926679,0.7427498584867894,1.0,0.3762,0.7860703136836962,0.0,1.0,0.7465221855552697,0.8219141439656333,0.8758011474540063,0.8712822133594436,0.8820029347891851,0.554,0.7131294487722543,0.0,1.0,0.8374235452397094,0.8008057576620072,0.94620140231708,0.8175873390811289,0.9216211466916789,0.9715515656933826,0.4033,0.834844630672984,0.0,1.0,0.7231177414449383,0.26609486456248155,0.7306937829163902,0.9346723975037006,0.8040892337331982,0.8116429852840057,0.8879710379389325,0.4033,0.8324639235140538,0.0,0.9474724875069667,0.8749787609559015,0.0,1.0,0.8583015949014825,0.2858329688274146,0.9446140549511673,0.9104055606004512,0.7271428955564732,0.0,0.9122435616545016,0.32433784366730173,0.7223010381965538,0.9174969830315984,0.9146972784789038,0.8892713688672692,0.9188127684151266,0.3762,0.8181083288843005,0.0,0.4033,0.0,0.7849829091461356,0.8574427570707227,0.0,1.0,0.8289410870068299,0.31635836394410066,0.7816880403467495,0.8245376352567624,0.8890071778262949,0.7724933200617717,0.7611730954179141,0.8643255425458543,1.0,0.3762,0.7776934359056121,0.0,1.0,0.7495225779371426,0.31360337888216644,0.8261267410308308,0.8436955112576157,0.8920469458668707,0.9520433609426903,0.807767598277546,0.9108788792748818,0.9187023739488792,0.3762,0.8474557008235984,0.0,0.7153335275483139,0.31189958297925285,0.761129175285695,0.9286414300658156,0.7550861031050176,0.0,1.0,0.9119284493386743,0.28028925990927556,0.7645377633801582,0.819349108171913,0.8807171488503935,0.8317858243081501,0.8993121384976632,0.8145500610448843,1.0,0.5474,0.8225443757828026,0.0,0.29003627396487297,0.9623300316822216,0.0,0.7452139725065932,0.0,1.0,0.26314243770091245,0.8545702156548649,0.9090357677883476,0.3762,0.8602521610543794,0.0,0.8563405382048409,0.2768267912108342,0.7471036929963937,0.8995358702754596,0.0,0.0,0.0,0.0,0.0,0.0,0.0,0.0,0.0,0.0,0.0,0.0,0.0,0.0,0.0,0.0,0.0,0.0,0.0,0.0,0.0,0.0,0.0,0.0,0.0,0.0,0.0,0.8749985512789953,0.8149319105813502,1.0,1.0,0.3762,0.4033,0.0,0.0,0.5474,0.5474,0.8393695935917075,0.9460311497041833,1.0,0.9423926012030495,0.3762,0.3762,0.0,0.0,0.554,0.5474,0.9149251188217593,0.7936656175697806,1.0,1.0,0.3762,0.4033,0.0,0.0,0.554,0.5474,0.7777103943164203,0.9385769534597096,1.0,1.0,0.3762,0.4033,0.0,0.0,0.9404468663029837,0.7947241842390508,1.0,0.9398181681195636,0.3762,0.4033,0.0,0.0,0.8927256561015642,0.8661314053410984,1.0,1.0,0.4033,0.4033,0.0,0.0,0.8415788014631189,0.9347455200747994,1.0,0.9624317442313094,0.3762,0.0,0.0,0.5474,0.5474,0.8668494593490517,0.7679186807958505,1.0,1.0,0.4033,0.4033,0.0,0.0,0.554,0.554,0.8896425440709245,0.8867807979829478,1.0,0.9211014264018459,0.3762,0.4033,0.0,0.0,0.554,0.554,0.7757477738109413,0.8315553880362221,1.0,1.0,0.3762,0.4033,0.0,0.0,0.5474,0.554,0.9068840866476655,0.784108969158914,1.0,1.0,0.4033,0.3762,0.0,0.0,0.554,0.5474,0.9510569467633565,0.9359073245079182,1.0,0.9147167475746062,0.0,0.554,0.554,0.9373819374791561,0.808804059897245,1.0,1.0,0.3762,0.4033,0.0,0.0,0.554,0.554,0.8410022453489974,0.864452468787623,1.0,0.9976104286309453,0.3762,0.3762,0.0,0.0,0.8704520986854565,0.8692818407430531,1.0,0.9507962371212113,0.3762,0.4033,0.0,0.0,0.8949179309955082,0.8187225606676203,1.0,1.0,0.3762,0.4033,0.0,0.0,0.957854678407338,0.8155735379391108,1.0,0.9936466801071762,0.4033,0.3762,0.0,0.0,0.8156036231783753,0.8643027120547091,1.0,0.9086631975416938,0.4033,0.3762,0.0,0.0,0.8596989408509639,0.8873362785768855,1.0,1.0,0.3762,0.4033,0.0,0.0,0.8384017944853777,0.9440354408019456,1.0,1.0,0.4033,0.4033,0.0,0.0,0.8252541369876546,0.9437646673193326,1.0,0.9163015124732122,0.3762,0.4033,0.0,0.0,0.5474,0.554,0.779186493720765,0.94627548823656,1.0,0.908518865553921,0.4033,0.3762,0.0,0.0,0.8455886171231504,0.8130251357571989,1.0,1.0,0.3762,0.3762,0.0,0.0,0.554,0.5474,0.9434300751950061,0.9472047418342839,1.0,1.0,0.4033,0.4033,0.0,0.0,0.797296283178794,0.9134519558649252,1.0,0.9335977311674998,0.3762,0.3762,0.0,0.0,0.8317252608442985,0.8723928092391446,1.0,1.0,0.4033,0.4033,0.0,0.0,0.8116329669603102,0.774947421798735,1.0,0.9105698534690538,0.4033,0.4033,0.0,0.0
,47,1.0,0.7837907462181648,0.8644782251320395,0.880789813507498,0.9348218750819608,0.889122410535768,0.7139516197507392,0.0,1.0,0.7457079430473661,0.31510569283762024,0.8905367100742921,0.8610607589089856,0.8847411505441679,0.9121011675954952,0.946399928625978,0.39,0.8517682128926941,0.0,1.0,0.7360549552702661,0.283644456767859,0.8488825071394741,0.7430136968942455,0.8985169356927586,0.8134907036057438,0.770260688822779,0.8011320583313895,0.9486547958498687,0.575,0.3633,0.7726278990700709,0.0,0.8496823403097302,0.2700091192472204,0.7524013789061157,0.8872775061645028,0.7888707871414207,0.8550832518173399,0.0,0.2891364507803059,0.9252028923791478,0.8084436189910887,1.0,0.31193842783590614,0.3633,0.0,0.8434465666396669,0.2750142751658429,0.8152083855778691,0.7951364007411978,0.844369665616017,0.983648806559072,0.7145074931872899,0.0,1.0,0.7213557046923879,0.27007694101877083,0.8344557383448773,0.7701086741533367,0.9293677395246625,0.816256202208818,0.7852303734196157,0.8427894978637454,0.9297070083414365,0.3633,0.812166531322896,0.0,1.0,0.9102450778690088,0.3228515498029009,0.8275444143951198,0.8983722796194549,0.9054385878677387,0.8561693443669922,0.8459229580915374,0.8195133311480238,0.9267239152111216,0.3633,0.8576468237170154,0.0,1.0,0.8228129192231575,0.282283610777379,0.8090182790128646,0.8355339513072131,0.8760674574993331,0.8936348550417796,0.9154356065429969,0.3633,0.874960136378632,0.0,1.0,0.8603441252836737,0.2952422970129139,0.7414534041740671,0.9126001283671374,0.832963637892773,0.9294783686926679,0.7427498584867894,1.0,0.39,0.7860703136836962,0.0,1.0,0.7465221855552697,0.8219141439656333,0.8758011474540063,0.8712822133594436,0.8820029347891851,0.575,0.7131294487722543,0.0,1.0,0.8374235452397094,0.8008057576620072,0.94620140231708,0.8175873390811289,0.9216211466916789,0.9715515656933826,0.3633,0.834844630672984,0.0,1.0,0.7231177414449383,0.26609486456248155,0.7306937829163902,0.9346723975037006,0.8040892337331982,0.8116429852840057,0.8879710379389325,0.3633,0.8324639235140538,0.0,0.9474724875069667,0.8749787609559015,0.0,1.0,0.8583015949014825,0.2858329688274146,0.9446140549511673,0.9104055606004512,0.7271428955564732,0.0,0.9122435616545016,0.32433784366730173,0.7223010381965538,0.9174969830315984,0.9146972784789038,0.8892713688672692,0.9188127684151266,0.39,0.8181083288843005,0.0,0.3633,0.0,0.7849829091461356,0.8574427570707227,0.0,1.0,0.8289410870068299,0.31635836394410066,0.7816880403467495,0.8245376352567624,0.8890071778262949,0.7724933200617717,0.7611730954179141,0.8643255425458543,1.0,0.39,0.7776934359056121,0.0,1.0,0.7495225779371426,0.31360337888216644,0.8261267410308308,0.8436955112576157,0.8920469458668707,0.9520433609426903,0.807767598277546,0.9108788792748818,0.9187023739488792,0.39,0.8474557008235984,0.0,0.7153335275483139,0.31189958297925285,0.761129175285695,0.9286414300658156,0.7550861031050176,0.0,1.0,0.9119284493386743,0.28028925990927556,0.7645377633801582,0.819349108171913,0.8807171488503935,0.8317858243081501,0.8993121384976632,0.8145500610448843,1.0,0.4858,0.8225443757828026,0.0,0.29003627396487297,0.9623300316822216,0.0,0.7452139725065932,0.0,1.0,0.26314243770091245,0.8545702156548649,0.9090357677883476,0.39,0.8602521610543794,0.0,0.8563405382048409,0.2768267912108342,0.7471036929963937,0.8995358702754596,0.0,0.0,0.0,0.0,0.0,0.0,0.0,0.0,0.0,0.0,0.0,0.0,0.0,0.0,0.0,0.0,0.0,0.0,0.0,0.0,0.0,0.0,0.0,0.0,0.0,0.0,0.0,0.8749985512789953,0.8149319105813502,1.0,1.0,0.39,0.3633,0.0,0.0,0.4858,0.4858,0.8393695935917075,0.9460311497041833,1.0,0.9423926012030495,0.39,0.39,0.0,0.0,0.575,0.4858,0.9149251188217593,0.7936656175697806,1.0,1.0,0.39,0.3633,0.0,0.0,0.575,0.4858,0.7777103943164203,0.9385769534597096,1.0,1.0,0.39,0.3633,0.0,0.0,0.9404468663029837,0.7947241842390508,1.0,0.9398181681195636,0.39,0.3633,0.0,0.0,0.8927256561015642,0.8661314053410984,1.0,1.0,0.3633,0.3633,0.0,0.0,0.8415788014631189,0.9347455200747994,1.0,0.9624317442313094,0.39,0.0,0.0,0.4858,0.4858,0.8668494593490517,0.7679186807958505,1.0,1.0,0.3633,0.3633,0.0,0.0,0.575,0.575,0.8896425440709245,0.8867807979829478,1.0,0.9211014264018459,0.39,0.3633,0.0,0.0,0.575,0.575,0.7757477738109413,0.8315553880362221,1.0,1.0,0.39,0.3633,0.0,0.0,0.4858,0.575,0.9068840866476655,0.784108969158914,1.0,1.0,0.3633,0.39,0.0,0.0,0.575,0.4858,0.9510569467633565,0.9359073245079182,1.0,0.9147167475746062,0.0,0.575,0.575,0.9373819374791561,0.808804059897245,1.0,1.0,0.39,0.3633,0.0,0.0,0.575,0.575,0.8410022453489974,0.864452468787623,1.0,0.9976104286309453,0.39,0.39,0.0,0.0,0.8704520986854565,0.8692818407430531,1.0,0.9507962371212113,0.39,0.3633,0.0,0.0,0.8949179309955082,0.8187225606676203,1.0,1.0,0.39,0.3633,0.0,0.0,0.957854678407338,0.8155735379391108,1.0,0.9936466801071762,0.3633,0.39,0.0,0.0,0.8156036231783753,0.8643027120547091,1.0,0.9086631975416938,0.3633,0.39,0.0,0.0,0.8596989408509639,0.8873362785768855,1.0,1.0,0.39,0.3633,0.0,0.0,0.8384017944853777,0.9440354408019456,1.0,1.0,0.3633,0.3633,0.0,0.0,0.8252541369876546,0.9437646673193326,1.0,0.9163015124732122,0.39,0.3633,0.0,0.0,0.4858,0.575,0.779186493720765,0.94627548823656,1.0,0.908518865553921,0.3633,0.39,0.0,0.0,0.8455886171231504,0.8130251357571989,1.0,1.0,0.39,0.39,0.0,0.0,0.575,0.4858,0.9434300751950061,0.9472047418342839,1.0,1.0,0.3633,0.3633,0.0,0.0,0.797296283178794,0.9134519558649252,1.0,0.9335977311674998,0.39,0.39,0.0,0.0,0.8317252608442985,0.8723928092391446,1.0,1.0,0.3633,0.3633,0.0,0.0,0.8116329669603102,0.774947421798735,1.0,0.9105698534690538,0.3633,0.3633,0.0,0.0
,48,1.0,0.8448165732763006,0.8907944523990866,0.8553574585497359,0.9130000634427464,0.734469204397354,0.7802680606991144,0.0,1.0,0.8390216027251101,0.28704785236771674,0.8448810333831384,0.8558075638701111,0.8689409977075365,0.8581758271947064,0.9956469214530543,0.8096,0.8476554434173668,0.0,1.0,0.8555228703454729,0.3252499225186315,0.7969088504252804,0.8951613391121006,0.9143837452465716,0.8888493093138664,0.9161614839929693,0.7596084797318017,1.0,0.412,0.8096,0.7736090352701592,0.0,0.8183214728961399,0.32334603773845993,0.8565815980897558,0.8713784991411899,0.7953502350781116,0.8385862021689773,0.0,0.2820000763391201,0.7951566858608501,0.7885108493610766,1.0,0.26627064489832675,0.4446,0.0,0.7771635616140226,0.26884846692817377,0.9450243483829455,0.8667397963471397,0.7974821588184233,1.0,0.6956391672537785,0.0,1.0,0.7929304629225402,0.3014520946527693,0.8204009297879701,0.8152628784778748,0.8191178854226587,0.8175486606979374,0.8395968956456061,0.8361577895388845,1.0,0.8096,0.7087348579170407,0.0,1.0,0.7902817316882291,0.32450621908484056,0.8037678887462638,0.8602169803834199,0.8648328530524936,0.7812839010232413,0.8965628633967856,0.7613483511780446,0.9968234754637387,0.4446,0.7280887563193461,0.0,1.0,0.763570027308248,0.26351048830560936,0.8924550806327777,0.9056995081124359,0.9650878218722723,0.8610165355671039,0.9945609660932065,0.8096,0.6997500213393301,0.0,1.0,0.8595448724650895,0.3093070525549003,0.8182239819124082,0.8470492816634295,0.908719953466946,0.9370020229150746,0.8301940802746754,0.8717420118861715,0.8096,0.8039724211727669,0.0,1.0,0.7841411837918075,0.895250250997049,0.8673969142803167,0.7990021652637188,0.9010983712842063,0.7417,0.8565242251393494,0.0,1.0,0.8697929200647603,0.7669882080949637,0.7969653639478486,0.8337198598737636,0.8774439789553372,0.9463380937789816,0.4446,0.849391419025156,0.0,1.0,0.740706354179264,0.26390711689837865,0.8205635378472979,0.8102445044053287,0.8725513563665636,0.9563922323578019,0.7319700329646917,0.4446,0.8725382854537326,0.0,0.7944634268232229,0.801342774432317,0.0,1.0,0.7486563767017196,0.27564548080136847,0.7811394012223374,0.8336747439808901,0.7515656410815087,0.0,0.8962095150761168,0.3234243839483731,0.7859900560056792,0.9347791784629245,0.8536856340551386,0.8285945613502139,0.9930984981722387,0.8096,0.8791947074281312,0.0,0.4446,0.0,0.8411307131335157,0.9123883057298567,0.0,1.0,0.7863957524058214,0.32211697033843334,0.9129357920344329,0.85635376114942,0.8008263944900761,0.9373541547022555,0.8572597968801974,0.898020615508084,1.0,0.4446,0.7216610264676893,0.0,1.0,0.8511522999372735,0.26027666303330516,0.7896516365787296,0.7440097229333974,0.8040788571561517,0.8121321694212904,0.9018548578151432,0.8093363123605064,0.9088956542544882,0.4446,0.7601781280200505,0.0,0.8312351234996057,0.32856871920659547,0.803588711585093,0.9548749551240461,0.7503120221733958,0.0,1.0,0.8270071208590981,0.3054805950393361,0.7444908097751459,0.7595061494764631,0.7926004495130066,0.8544595030082146,0.9229405084052522,0.8639218476304048,0.9846938784606754,0.7417,0.7912330853583909,0.0,0.3084510198393367,0.8704859475115608,0.0,0.7182156307583141,0.0,1.0,0.29570324110437646,0.861830813419551,0.9302279840441492,0.4446,0.7728766960008208,0.0,0.88818241507011,0.26966720018095036,0.7348765023694241,0.7976017140325491,0.0,0.0,0.0,0.0,0.0,0.0,0.0,0.0,0.0,0.0,0.0,0.0,0.0,0.0,0.0,0.0,0.0,0.0,0.0,0.0,0.0,0.0,0.0,0.0,0.0,0.0,0.0,0.8163870877697713,0.8164083792152432,1.0,0.8800855292403925,0.8096,0.4446,0.0,0.0,0.412,0.7417,0.7877771068410635,0.8461696662962515,1.0,0.9170771905762944,0.8096,0.4446,0.0,0.0,0.412,0.412,0.8611941281205913,0.8946996962710323,1.0,0.8812666676253356,0.4446,0.4446,0.0,0.0,0.412,0.7417,0.8442736745761149,0.8108163549705558,1.0,1.0,0.8096,0.8096,0.0,0.0,0.9282700176015999,0.7723441008604428,1.0,0.9296805453209193,0.4446,0.4446,0.0,0.0,0.8724771348000445,0.9117121334422952,1.0,0.9292785770944669,0.4446,0.4446,0.0,0.0,0.9447518891120139,0.8956762643253089,1.0,0.9702511338704665,0.8096,0.0,0.0,0.412,0.7417,0.878324471413386,0.8660771386186492,1.0,1.0,0.4446,0.8096,0.0,0.0,0.412,0.412,0.8378984540782033,0.8541591193019404,1.0,1.0,0.8096,0.4446,0.0,0.0,0.412,0.7417,0.8484113997391471,0.7994009102768924,1.0,1.0,0.4446,0.8096,0.0,0.0,0.412,0.7417,0.9257662220949546,0.7769127064007981,1.0,0.9938764590974998,0.8096,0.4446,0.0,0.0,0.7417,0.7417,0.8031091340863425,0.903788089855802,1.0,1.0,0.0,0.7417,0.412,0.777971488602279,0.7631101060057371,1.0,0.8939003491407166,0.4446,0.8096,0.0,0.0,0.7417,0.7417,0.7982593623363676,0.7578542498092791,1.0,1.0,0.4446,0.8096,0.0,0.0,0.7824545882867392,0.8880581744377186,1.0,0.9172170507319425,0.4446,0.4446,0.0,0.0,0.8114107482579533,0.7780226740330971,1.0,1.0,0.8096,0.8096,0.0,0.0,0.8909971438485333,0.856867574209446,1.0,0.9938510732034275,0.8096,0.4446,0.0,0.0,0.9562939573689897,0.7698558779462177,1.0,0.9353939366163782,0.8096,0.4446,0.0,0.0,0.9056888824404725,0.8235864579938681,1.0,0.985081188358501,0.8096,0.4446,0.0,0.0,0.9424778802532019,0.8635520828460196,1.0,0.9586415122307829,0.4446,0.8096,0.0,0.0,0.93129291035735,0.8634347188742254,1.0,1.0,0.8096,0.4446,0.0,0.0,0.7417,0.7417,0.8230861841865618,0.7852385176733814,1.0,0.9478280452000496,0.8096,0.8096,0.0,0.0,0.848212437536075,0.8760383726982299,1.0,0.9959656581793889,0.4446,0.4446,0.0,0.0,0.412,0.412,0.7742123032424997,0.9556207351207383,1.0,0.8836228792780096,0.8096,0.4446,0.0,0.0,0.855071643320369,0.8182154962443922,1.0,1.0,0.8096,0.8096,0.0,0.0,0.9091718177042698,0.9181733089294886,1.0,0.9281039303794324,0.4446,0.4446,0.0,0.0,0.9653295410936932,0.7605682094763705,1.0,1.0,0.8096,0.4446,0.0,0.0
,49,1.0,0.8448165732763006,0.8907944523990866,0.8553574585497359,0.9130000634427464,0.734469204397354,0.7802680606991144,0.0,1.0,0.8390216027251101,0.28704785236771674,0.8448810333831384,0.8558075638701111,0.8689409977075365,0.8581758271947064,0.9956469214530543,0.8135,0.8476554434173668,0.0,1.0,0.8555228703454729,0.3252499225186315,0.7969088504252804,0.8951613391121006,0.9143837452465716,0.8888493093138664,0.9161614839929693,0.7596084797318017,1.0,0.407,0.8135,0.7736090352701592,0.0,0.8183214728961399,0.32334603773845993,0.8565815980897558,0.8713784991411899,0.7953502350781116,0.8385862021689773,0.0,0.2820000763391201,0.7951566858608501,0.7885108493610766,1.0,0.26627064489832675,0.42,0.0,0.7771635616140226,0.26884846692817377,0.9450243483829455,0.8667397963471397,0.7974821588184233,1.0,0.6956391672537785,0.0,1.0,0.7929304629225402,0.3014520946527693,0.8204009297879701,0.8152628784778748,0.8191178854226587,0.8175486606979374,0.8395968956456061,0.8361577895388845,1.0,0.8135,0.7087348579170407,0.0,1.0,0.7902817316882291,0.32450621908484056,0.8037678887462638,0.8602169803834199,0.8648328530524936,0.7812839010232413,0.8965628633967856,0.7613483511780446,0.9968234754637387,0.42,0.7280887563193461,0.0,1.0,0.763570027308248,0.26351048830560936,0.8924550806327777,0.9056995081124359,0.9650878218722723,0.8610165355671039,0.9945609660932065,0.8135,0.6997500213393301,0.0,1.0,0.8595448724650895,0.3093070525549003,0.8182239819124082,0.8470492816634295,0.908719953466946,0.9370020229150746,0.8301940802746754,0.8717420118861715,0.8135,0.8039724211727669,0.0,1.0,0.7841411837918075,0.895250250997049,0.8673969142803167,0.7990021652637188,0.9010983712842063,0.723,0.8565242251393494,0.0,1.0,0.8697929200647603,0.7669882080949637,0.7969653639478486,0.8337198598737636,0.8774439789553372,0.9463380937789816,0.42,0.849391419025156,0.0,1.0,0.740706354179264,0.26390711689837865,0.8205635378472979,0.8102445044053287,0.8725513563665636,0.9563922323578019,0.7319700329646917,0.42,0.8725382854537326,0.0,0.7944634268232229,0.801342774432317,0.0,1.0,0.7486563767017196,0.27564548080136847,0.7811394012223374,0.8336747439808901,0.7515656410815087,0.0,0.8962095150761168,0.3234243839483731,0.7859900560056792,0.9347791784629245,0.8536856340551386,0.8285945613502139,0.9930984981722387,0.8135,0.8791947074281312,0.0,0.42,0.0,0.8411307131335157,0.9123883057298567,0.0,1.0,0.7863957524058214,0.32211697033843334,0.9129357920344329,0.85635376114942,0.8008263944900761,0.9373541547022555,0.8572597968801974,0.898020615508084,1.0,0.42,0.7216610264676893,0.0,1.0,0.8511522999372735,0.26027666303330516,0.7896516365787296,0.7440097229333974,0.8040788571561517,0.8121321694212904,0.9018548578151432,0.8093363123605064,0.9088956542544882,0.42,0.7601781280200505,0.0,0.8312351234996057,0.32856871920659547,0.803588711585093,0.9548749551240461,0.7503120221733958,0.0,1.0,0.8270071208590981,0.3054805950393361,0.7444908097751459,0.7595061494764631,0.7926004495130066,0.8544595030082146,0.9229405084052522,0.8639218476304048,0.9846938784606754,0.723,0.7912330853583909,0.0,0.3084510198393367,0.8704859475115608,0.0,0.7182156307583141,0.0,1.0,0.29570324110437646,0.861830813419551,0.9302279840441492,0.42,0.7728766960008208,0.0,0.88818241507011,0.26966720018095036,0.7348765023694241,0.7976017140325491,0.0,0.0,0.0,0.0,0.0,0.0,0.0,0.0,0.0,0.0,0.0,0.0,0.0,0.0,0.0,0.0,0.0,0.0,0.0,0.0,0.0,0.0,0.0,0.0,0.0,0.0,0.0,0.8163870877697713,0.8164083792152432,1.0,0.8800855292403925,0.8135,0.42,0.0,0.0,0.407,0.723,0.7877771068410635,0.8461696662962515,1.0,0.9170771905762944,0.8135,0.42,0.0,0.0,0.407,0.407,0.8611941281205913,0.8946996962710323,1.0,0.8812666676253356,0.42,0.42,0.0,0.0,0.407,0.723,0.8442736745761149,0.8108163549705558,1.0,1.0,0.8135,0.8135,0.0,0.0,0.9282700176015999,0.7723441008604428,1.0,0.9296805453209193,0.42,0.42,0.0,0.0,0.8724771348000445,0.9117121334422952,1.0,0.9292785770944669,0.42,0.42,0.0,0.0,0.9447518891120139,0.8956762643253089,1.0,0.9702511338704665,0.8135,0.0,0.0,0.407,0.723,0.878324471413386,0.8660771386186492,1.0,1.0,0.42,0.8135,0.0,0.0,0.407,0.407,0.8378984540782033,0.8541591193019404,1.0,1.0,0.8135,0.42,0.0,0.0,0.407,0.723,0.8484113997391471,0.7994009102768924,1.0,1.0,0.42,0.8135,0.0,0.0,0.407,0.723,0.9257662220949546,0.7769127064007981,1.0,0.9938764590974998,0.8135,0.42,0.0,0.0,0.723,0.723,0.8031091340863425,0.903788089855802,1.0,1.0,0.0,0.723,0.407,0.777971488602279,0.7631101060057371,1.0,0.8939003491407166,0.42,0.8135,0.0,0.0,0.723,0.723,0.7982593623363676,0.7578542498092791,1.0,1.0,0.42,0.8135,0.0,0.0,0.7824545882867392,0.8880581744377186,1.0,0.9172170507319425,0.42,0.42,0.0,0.0,0.8114107482579533,0.7780226740330971,1.0,1.0,0.8135,0.8135,0.0,0.0,0.8909971438485333,0.856867574209446,1.0,0.9938510732034275,0.8135,0.42,0.0,0.0,0.9562939573689897,0.7698558779462177,1.0,0.9353939366163782,0.8135,0.42,0.0,0.0,0.9056888824404725,0.8235864579938681,1.0,0.985081188358501,0.8135,0.42,0.0,0.0,0.9424778802532019,0.8635520828460196,1.0,0.9586415122307829,0.42,0.8135,0.0,0.0,0.93129291035735,0.8634347188742254,1.0,1.0,0.8135,0.42,0.0,0.0,0.723,0.723,0.8230861841865618,0.7852385176733814,1.0,0.9478280452000496,0.8135,0.8135,0.0,0.0,0.848212437536075,0.8760383726982299,1.0,0.9959656581793889,0.42,0.42,0.0,0.0,0.407,0.407,0.7742123032424997,0.9556207351207383,1.0,0.8836228792780096,0.8135,0.42,0.0,0.0,0.855071643320369,0.8182154962443922,1.0,1.0,0.8135,0.8135,0.0,0.0,0.9091718177042698,0.9181733089294886,1.0,0.9281039303794324,0.42,0.42,0.0,0.0,0.9653295410936932,0.7605682094763705,1.0,1.0,0.8135,0.42,0.0,0.0
,50,1.0,0.8448165732763006,0.8907944523990866,0.8553574585497359,0.9130000634427464,0.734469204397354,0.7802680606991144,0.0,1.0,0.8390216027251101,0.28704785236771674,0.8448810333831384,0.8558075638701111,0.8689409977075365,0.8581758271947064,0.9956469214530543,0.812,0.8476554434173668,0.0,1.0,0.8555228703454729,0.3252499225186315,0.7969088504252804,0.8951613391121006,0.9143837452465716,0.8888493093138664,0.9161614839929693,0.7596084797318017,1.0,0.4133,0.812,0.7736090352701592,0.0,0.8183214728961399,0.32334603773845993,0.8565815980897558,0.8713784991411899,0.7953502350781116,0.8385862021689773,0.0,0.2820000763391201,0.7951566858608501,0.7885108493610766,1.0,0.26627064489832675,0.4016,0.0,0.7771635616140226,0.26884846692817377,0.9450243483829455,0.8667397963471397,0.7974821588184233,1.0,0.6956391672537785,0.0,1.0,0.7929304629225402,0.3014520946527693,0.8204009297879701,0.8152628784778748,0.8191178854226587,0.8175486606979374,0.8395968956456061,0.8361577895388845,1.0,0.812,0.7087348579170407,0.0,1.0,0.7902817316882291,0.32450621908484056,0.8037678887462638,0.8602169803834199,0.8648328530524936,0.7812839010232413,0.8965628633967856,0.7613483511780446,0.9968234754637387,0.4016,0.7280887563193461,0.0,1.0,0.763570027308248,0.26351048830560936,0.8924550806327777,0.9056995081124359,0.9650878218722723,0.8610165355671039,0.9945609660932065,0.812,0.6997500213393301,0.0,1.0,0.8595448724650895,0.3093070525549003,0.8182239819124082,0.8470492816634295,0.908719953466946,0.9370020229150746,0.8301940802746754,0.8717420118861715,0.812,0.8039724211727669,0.0,1.0,0.7841411837918075,0.895250250997049,0.8673969142803167,0.7990021652637188,0.9010983712842063,0.7256,0.8565242251393494,0.0,1.0,0.8697929200647603,0.7669882080949637,0.7969653639478486,0.8337198598737636,0.8774439789553372,0.9463380937789816,0.4016,0.849391419025156,0.0,1.0,0.740706354179264,0.26390711689837865,0.8205635378472979,0.8102445044053287,0.8725513563665636,0.9563922323578019,0.7319700329646917,0.4016,0.8725382854537326,0.0,0.7944634268232229,0.801342774432317,0.0,1.0,0.7486563767017196,0.27564548080136847,0.7811394012223374,0.8336747439808901,0.7515656410815087,0.0,0.8962095150761168,0.3234243839483731,0.7859900560056792,0.9347791784629245,0.8536856340551386,0.8285945613502139,0.9930984981722387,0.812,0.8791947074281312,0.0,0.4016,0.0,0.8411307131335157,0.9123883057298567,0.0,1.0,0.7863957524058214,0.32211697033843334,0.9129357920344329,0.85635376114942,0.8008263944900761,0.9373541547022555,0.8572597968801974,0.898020615508084,1.0,0.4016,0.7216610264676893,0.0,1.0,0.8511522999372735,0.26027666303330516,0.7896516365787296,0.7440097229333974,0.8040788571561517,0.8121321694212904,0.9018548578151432,0.8093363123605064,0.9088956542544882,0.4016,0.7601781280200505,0.0,0.8312351234996057,0.32856871920659547,0.803588711585093,0.9548749551240461,0.7503120221733958,0.0,1.0,0.8270071208590981,0.3054805950393361,0.7444908097751459,0.7595061494764631,0.7926004495130066,0.8544595030082146,0.9229405084052522,0.8639218476304048,0.9846938784606754,0.7256,0.7912330853583909,0.0,0.3084510198393367,0.8704859475115608,0.0,0.7182156307583141,0.0,1.0,0.29570324110437646,0.861830813419551,0.9302279840441492,0.4016,0.7728766960008208,0.0,0.88818241507011,0.26966720018095036,0.7348765023694241,0.7976017140325491,0.0,0.0,0.0,0.0,0.0,0.0,0.0,0.0,0.0,0.0,0.0,0.0,0.0,0.0,0.0,0.0,0.0,0.0,0.0,0.0,0.0,0.0,0.0,0.0,0.0,0.0,0.0,0.8163870877697713,0.8164083792152432,1.0,0.8800855292403925,0.812,0.4016,0.0,0.0,0.4133,0.7256,0.7877771068410635,0.8461696662962515,1.0,0.9170771905762944,0.812,0.4016,0.0,0.0,0.4133,0.4133,0.8611941281205913,0.8946996962710323,1.0,0.8812666676253356,0.4016,0.4016,0.0,0.0,0.4133,0.7256,0.8442736745761149,0.8108163549705558,1.0,1.0,0.812,0.812,0.0,0.0,0.9282700176015999,0.7723441008604428,1.0,0.9296805453209193,0.4016,0.4016,0.0,0.0,0.8724771348000445,0.9117121334422952,1.0,0.9292785770944669,0.4016,0.4016,0.0,0.0,0.9447518891120139,0.8956762643253089,1.0,0.9702511338704665,0.812,0.0,0.0,0.4133,0.7256,0.878324471413386,0.8660771386186492,1.0,1.0,0.4016,0.812,0.0,0.0,0.4133,0.4133,0.8378984540782033,0.8541591193019404,1.0,1.0,0.812,0.4016,0.0,0.0,0.4133,0.7256,0.8484113997391471,0.7994009102768924,1.0,1.0,0.4016,0.812,0.0,0.0,0.4133,0.7256,0.9257662220949546,0.7769127064007981,1.0,0.9938764590974998,0.812,0.4016,0.0,0.0,0.7256,0.7256,0.8031091340863425,0.903788089855802,1.0,1.0,0.0,0.7256,0.4133,0.777971488602279,0.7631101060057371,1.0,0.8939003491407166,0.4016,0.812,0.0,0.0,0.7256,0.7256,0.7982593623363676,0.7578542498092791,1.0,1.0,0.4016,0.812,0.0,0.0,0.7824545882867392,0.8880581744377186,1.0,0.9172170507319425,0.4016,0.4016,0.0,0.0,0.8114107482579533,0.7780226740330971,1.0,1.0,0.812,0.812,0.0,0.0,0.8909971438485333,0.856867574209446,1.0,0.9938510732034275,0.812,0.4016,0.0,0.0,0.9562939573689897,0.7698558779462177,1.0,0.9353939366163782,0.812,0.4016,0.0,0.0,0.9056888824404725,0.8235864579938681,1.0,0.985081188358501,0.812,0.4016,0.0,0.0,0.9424778802532019,0.8635520828460196,1.0,0.9586415122307829,0.4016,0.812,0.0,0.0,0.93129291035735,0.8634347188742254,1.0,1.0,0.812,0.4016,0.0,0.0,0.7256,0.7256,0.8230861841865618,0.7852385176733814,1.0,0.9478280452000496,0.812,0.812,0.0,0.0,0.848212437536075,0.8760383726982299,1.0,0.9959656581793889,0.4016,0.4016,0.0,0.0,0.4133,0.4133,0.7742123032424997,0.9556207351207383,1.0,0.8836228792780096,0.812,0.4016,0.0,0.0,0.855071643320369,0.8182154962443922,1.0,1.0,0.812,0.812,0.0,0.0,0.9091718177042698,0.9181733089294886,1.0,0.9281039303794324,0.4016,0.4016,0.0,0.0,0.9653295410936932,0.7605682094763705,1.0,1.0,0.812,0.4016,0.0,0.0
,51,1.0,0.8448165732763006,0.8907944523990866,0.8553574585497359,0.9130000634427464,0.734469204397354,0.7802680606991144,0.0,1.0,0.8390216027251101,0.28704785236771674,0.8448810333831384,0.8558075638701111,0.8689409977075365,0.8581758271947064,0.9956469214530543,0.801,0.8476554434173668,0.0,1.0,0.8555228703454729,0.3252499225186315,0.7969088504252804,0.8951613391121006,0.9143837452465716,0.8888493093138664,0.9161614839929693,0.7596084797318017,1.0,0.4453,0.801,0.7736090352701592,0.0,0.8183214728961399,0.32334603773845993,0.8565815980897558,0.8713784991411899,0.7953502350781116,0.8385862021689773,0.0,0.2820000763391201,0.7951566858608501,0.7885108493610766,1.0,0.26627064489832675,0.3923,0.0,0.7771635616140226,0.26884846692817377,0.9450243483829455,0.8667397963471397,0.7974821588184233,1.0,0.6956391672537785,0.0,1.0,0.7929304629225402,0.3014520946527693,0.8204009297879701,0.8152628784778748,0.8191178854226587,0.8175486606979374,0.8395968956456061,0.8361577895388845,1.0,0.801,0.7087348579170407,0.0,1.0,0.7902817316882291,0.32450621908484056,0.8037678887462638,0.8602169803834199,0.8648328530524936,0.7812839010232413,0.8965628633967856,0.7613483511780446,0.9968234754637387,0.3923,0.7280887563193461,0.0,1.0,0.763570027308248,0.26351048830560936,0.8924550806327777,0.9056995081124359,0.9650878218722723,0.8610165355671039,0.9945609660932065,0.801,0.6997500213393301,0.0,1.0,0.8595448724650895,0.3093070525549003,0.8182239819124082,0.8470492816634295,0.908719953466946,0.9370020229150746,0.8301940802746754,0.8717420118861715,0.801,0.8039724211727669,0.0,1.0,0.7841411837918075,0.895250250997049,0.8673969142803167,0.7990021652637188,0.9010983712842063,0.7134,0.8565242251393494,0.0,1.0,0.8697929200647603,0.7669882080949637,0.7969653639478486,0.8337198598737636,0.8774439789553372,0.9463380937789816,0.3923,0.849391419025156,0.0,1.0,0.740706354179264,0.26390711689837865,0.8205635378472979,0.8102445044053287,0.8725513563665636,0.9563922323578019,0.7319700329646917,0.3923,0.8725382854537326,0.0,0.7944634268232229,0.801342774432317,0.0,1.0,0.7486563767017196,0.27564548080136847,0.7811394012223374,0.8336747439808901,0.7515656410815087,0.0,0.8962095150761168,0.3234243839483731,0.7859900560056792,0.9347791784629245,0.8536856340551386,0.8285945613502139,0.9930984981722387,0.801,0.8791947074281312,0.0,0.3923,0.0,0.8411307131335157,0.9123883057298567,0.0,1.0,0.7863957524058214,0.32211697033843334,0.9129357920344329,0.85635376114942,0.8008263944900761,0.9373541547022555,0.8572597968801974,0.898020615508084,1.0,0.3923,0.7216610264676893,0.0,1.0,0.8511522999372735,0.26027666303330516,0.7896516365787296,0.7440097229333974,0.8040788571561517,0.8121321694212904,0.9018548578151432,0.8093363123605064,0.9088956542544882,0.3923,0.7601781280200505,0.0,0.8312351234996057,0.32856871920659547,0.803588711585093,0.9548749551240461,0.7503120221733958,0.0,1.0,0.8270071208590981,0.3054805950393361,0.7444908097751459,0.7595061494764631,0.7926004495130066,0.8544595030082146,0.9229405084052522,0.8639218476304048,0.9846938784606754,0.7134,0.7912330853583909,0.0,0.3084510198393367,0.8704859475115608,0.0,0.7182156307583141,0.0,1.0,0.29570324110437646,0.861830813419551,0.9302279840441492,0.3923,0.7728766960008208,0.0,0.88818241507011,0.26966720018095036,0.7348765023694241,0.7976017140325491,0.0,0.0,0.0,0.0,0.0,0.0,0.0,0.0,0.0,0.0,0.0,0.0,0.0,0.0,0.0,0.0,0.0,0.0,0.0,0.0,0.0,0.0,0.0,0.0,0.0,0.0,0.0,0.8163870877697713,0.8164083792152432,1.0,0.8800855292403925,0.801,0.3923,0.0,0.0,0.4453,0.7134,0.7877771068410635,0.8461696662962515,1.0,0.9170771905762944,0.801,0.3923,0.0,0.0,0.4453,0.4453,0.8611941281205913,0.8946996962710323,1.0,0.8812666676253356,0.3923,0.3923,0.0,0.0,0.4453,0.7134,0.8442736745761149,0.8108163549705558,1.0,1.0,0.801,0.801,0.0,0.0,0.9282700176015999,0.7723441008604428,1.0,0.9296805453209193,0.3923,0.3923,0.0,0.0,0.8724771348000445,0.9117121334422952,1.0,0.9292785770944669,0.3923,0.3923,0.0,0.0,0.9447518891120139,0.8956762643253089,1.0,0.9702511338704665,0.801,0.0,0.0,0.4453,0.7134,0.878324471413386,0.8660771386186492,1.0,1.0,0.3923,0.801,0.0,0.0,0.4453,0.4453,0.8378984540782033,0.8541591193019404,1.0,1.0,0.801,0.3923,0.0,0.0,0.4453,0.7134,0.8484113997391471,0.7994009102768924,1.0,1.0,0.3923,0.801,0.0,0.0,0.4453,0.7134,0.9257662220949546,0.7769127064007981,1.0,0.9938764590974998,0.801,0.3923,0.0,0.0,0.7134,0.7134,0.8031091340863425,0.903788089855802,1.0,1.0,0.0,0.7134,0.4453,0.777971488602279,0.7631101060057371,1.0,0.8939003491407166,0.3923,0.801,0.0,0.0,0.7134,0.7134,0.7982593623363676,0.7578542498092791,1.0,1.0,0.3923,0.801,0.0,0.0,0.7824545882867392,0.8880581744377186,1.0,0.9172170507319425,0.3923,0.3923,0.0,0.0,0.8114107482579533,0.7780226740330971,1.0,1.0,0.801,0.801,0.0,0.0,0.8909971438485333,0.856867574209446,1.0,0.9938510732034275,0.801,0.3923,0.0,0.0,0.9562939573689897,0.7698558779462177,1.0,0.9353939366163782,0.801,0.3923,0.0,0.0,0.9056888824404725,0.8235864579938681,1.0,0.985081188358501,0.801,0.3923,0.0,0.0,0.9424778802532019,0.8635520828460196,1.0,0.9586415122307829,0.3923,0.801,0.0,0.0,0.93129291035735,0.8634347188742254,1.0,1.0,0.801,0.3923,0.0,0.0,0.7134,0.7134,0.8230861841865618,0.7852385176733814,1.0,0.9478280452000496,0.801,0.801,0.0,0.0,0.848212437536075,0.8760383726982299,1.0,0.9959656581793889,0.3923,0.3923,0.0,0.0,0.4453,0.4453,0.7742123032424997,0.9556207351207383,1.0,0.8836228792780096,0.801,0.3923,0.0,0.0,0.855071643320369,0.8182154962443922,1.0,1.0,0.801,0.801,0.0,0.0,0.9091718177042698,0.9181733089294886,1.0,0.9281039303794324,0.3923,0.3923,0.0,0.0,0.9653295410936932,0.7605682094763705,1.0,1.0,0.801,0.3923,0.0,0.0
,52,1.0,0.8448165732763006,0.8907944523990866,0.8553574585497359,0.9130000634427464,0.734469204397354,0.7802680606991144,0.0,1.0,0.8390216027251101,0.28704785236771674,0.8448810333831384,0.8558075638701111,0.8689409977075365,0.8581758271947064,0.9956469214530543,0.7793,0.8476554434173668,0.0,1.0,0.8555228703454729,0.3252499225186315,0.7969088504252804,0.8951613391121006,0.9143837452465716,0.8888493093138664,0.9161614839929693,0.7596084797318017,1.0,0.4714,0.7793,0.7736090352701592,0.0,0.8183214728961399,0.32334603773845993,0.8565815980897558,0.8713784991411899,0.7953502350781116,0.8385862021689773,0.0,0.2820000763391201,0.7951566858608501,0.7885108493610766,1.0,0.26627064489832675,0.384,0.0,0.7771635616140226,0.26884846692817377,0.9450243483829455,0.8667397963471397,0.7974821588184233,1.0,0.6956391672537785,0.0,1.0,0.7929304629225402,0.3014520946527693,0.8204009297879701,0.8152628784778748,0.8191178854226587,0.8175486606979374,0.8395968956456061,0.8361577895388845,1.0,0.7793,0.7087348579170407,0.0,1.0,0.7902817316882291,0.32450621908484056,0.8037678887462638,0.8602169803834199,0.8648328530524936,0.7812839010232413,0.8965628633967856,0.7613483511780446,0.9968234754637387,0.384,0.7280887563193461,0.0,1.0,0.763570027308248,0.26351048830560936,0.8924550806327777,0.9056995081124359,0.9650878218722723,0.8610165355671039,0.9945609660932065,0.7793,0.6997500213393301,0.0,1.0,0.8595448724650895,0.3093070525549003,0.8182239819124082,0.8470492816634295,0.908719953466946,0.9370020229150746,0.8301940802746754,0.8717420118861715,0.7793,0.8039724211727669,0.0,1.0,0.7841411837918075,0.895250250997049,0.8673969142803167,0.7990021652637188,0.9010983712842063,0.702,0.8565242251393494,0.0,1.0,0.8697929200647603,0.7669882080949637,0.7969653639478486,0.8337198598737636,0.8774439789553372,0.9463380937789816,0.384,0.849391419025156,0.0,1.0,0.740706354179264,0.26390711689837865,0.8205635378472979,0.8102445044053287,0.8725513563665636,0.9563922323578019,0.7319700329646917,0.384,0.8725382854537326,0.0,0.7944634268232229,0.801342774432317,0.0,1.0,0.7486563767017196,0.27564548080136847,0.7811394012223374,0.8336747439808901,0.7515656410815087,0.0,0.8962095150761168,0.3234243839483731,0.7859900560056792,0.9347791784629245,0.8536856340551386,0.8285945613502139,0.9930984981722387,0.7793,0.8791947074281312,0.0,0.384,0.0,0.8411307131335157,0.9123883057298567,0.0,1.0,0.7863957524058214,0.32211697033843334,0.9129357920344329,0.85635376114942,0.8008263944900761,0.9373541547022555,0.8572597968801974,0.898020615508084,1.0,0.384,0.7216610264676893,0.0,1.0,0.8511522999372735,0.26027666303330516,0.7896516365787296,0.7440097229333974,0.8040788571561517,0.8121321694212904,0.9018548578151432,0.8093363123605064,0.9088956542544882,0.384,0.7601781280200505,0.0,0.8312351234996057,0.32856871920659547,0.803588711585093,0.9548749551240461,0.7503120221733958,0.0,1.0,0.8270071208590981,0.3054805950393361,0.7444908097751459,0.7595061494764631,0.7926004495130066,0.8544595030082146,0.9229405084052522,0.8639218476304048,0.9846938784606754,0.702,0.7912330853583909,0.0,0.3084510198393367,0.8704859475115608,0.0,0.7182156307583141,0.0,1.0,0.29570324110437646,0.861830813419551,0.9302279840441492,0.384,0.7728766960008208,0.0,0.88818241507011,0.26966720018095036,0.7348765023694241,0.7976017140325491,0.0,0.0,0.0,0.0,0.0,0.0,0.0,0.0,0.0,0.0,0.0,0.0,0.0,0.0,0.0,0.0,0.0,0.0,0.0,0.0,0.0,0.0,0.0,0.0,0.0,0.0,0.0,0.8163870877697713,0.8164083792152432,1.0,0.8800855292403925,0.7793,0.384,0.0,0.0,0.4714,0.702,0.7877771068410635,0.8461696662962515,1.0,0.9170771905762944,0.7793,0.384,0.0,0.0,0.4714,0.4714,0.8611941281205913,0.8946996962710323,1.0,0.8812666676253356,0.384,0.384,0.0,0.0,0.4714,0.702,0.8442736745761149,0.8108163549705558,1.0,1.0,0.7793,0.7793,0.0,0.0,0.9282700176015999,0.7723441008604428,1.0,0.9296805453209193,0.384,0.384,0.0,0.0,0.8724771348000445,0.9117121334422952,1.0,0.9292785770944669,0.384,0.384,0.0,0.0,0.9447518891120139,0.8956762643253089,1.0,0.9702511338704665,0.7793,0.0,0.0,0.4714,0.702,0.878324471413386,0.8660771386186492,1.0,1.0,0.384,0.7793,0.0,0.0,0.4714,0.4714,0.8378984540782033,0.8541591193019404,1.0,1.0,0.7793,0.384,0.0,0.0,0.4714,0.702,0.8484113997391471,0.7994009102768924,1.0,1.0,0.384,0.7793,0.0,0.0,0.4714,0.702,0.9257662220949546,0.7769127064007981,1.0,0.9938764590974998,0.7793,0.384,0.0,0.0,0.702,0.702,0.8031091340863425,0.903788089855802,1.0,1.0,0.0,0.702,0.4714,0.777971488602279,0.7631101060057371,1.0,0.8939003491407166,0.384,0.7793,0.0,0.0,0.702,0.702,0.7982593623363676,0.7578542498092791,1.0,1.0,0.384,0.7793,0.0,0.0,0.7824545882867392,0.8880581744377186,1.0,0.9172170507319425,0.384,0.384,0.0,0.0,0.8114107482579533,0.7780226740330971,1.0,1.0,0.7793,0.7793,0.0,0.0,0.8909971438485333,0.856867574209446,1.0,0.9938510732034275,0.7793,0.384,0.0,0.0,0.9562939573689897,0.7698558779462177,1.0,0.9353939366163782,0.7793,0.384,0.0,0.0,0.9056888824404725,0.8235864579938681,1.0,0.985081188358501,0.7793,0.384,0.0,0.0,0.9424778802532019,0.8635520828460196,1.0,0.9586415122307829,0.384,0.7793,0.0,0.0,0.93129291035735,0.8634347188742254,1.0,1.0,0.7793,0.384,0.0,0.0,0.702,0.702,0.8230861841865618,0.7852385176733814,1.0,0.9478280452000496,0.7793,0.7793,0.0,0.0,0.848212437536075,0.8760383726982299,1.0,0.9959656581793889,0.384,0.384,0.0,0.0,0.4714,0.4714,0.7742123032424997,0.9556207351207383,1.0,0.8836228792780096,0.7793,0.384,0.0,0.0,0.855071643320369,0.8182154962443922,1.0,1.0,0.7793,0.7793,0.0,0.0,0.9091718177042698,0.9181733089294886,1.0,0.9281039303794324,0.384,0.384,0.0,0.0,0.9653295410936932,0.7605682094763705,1.0,1.0,0.7793,0.384,0.0,0.0
,53,1.0,0.8448165732763006,0.8907944523990866,0.8553574585497359,0.9130000634427464,0.734469204397354,0.7802680606991144,0.0,1.0,0.8390216027251101,0.28704785236771674,0.8448810333831384,0.8558075638701111,0.8689409977075365,0.8581758271947064,0.9956469214530543,0.7573,0.8476554434173668,0.0,1.0,0.8555228703454729,0.3252499225186315,0.7969088504252804,0.8951613391121006,0.9143837452465716,0.8888493093138664,0.9161614839929693,0.7596084797318017,1.0,0.4856,0.7573,0.7736090352701592,0.0,0.8183214728961399,0.32334603773845993,0.8565815980897558,0.8713784991411899,0.7953502350781116,0.8385862021689773,0.0,0.2820000763391201,0.7951566858608501,0.7885108493610766,1.0,0.26627064489832675,0.3752,0.0,0.7771635616140226,0.26884846692817377,0.9450243483829455,0.8667397963471397,0.7974821588184233,1.0,0.6956391672537785,0.0,1.0,0.7929304629225402,0.3014520946527693,0.8204009297879701,0.8152628784778748,0.8191178854226587,0.8175486606979374,0.8395968956456061,0.8361577895388845,1.0,0.7573,0.7087348579170407,0.0,1.0,0.7902817316882291,0.32450621908484056,0.8037678887462638,0.8602169803834199,0.8648328530524936,0.7812839010232413,0.8965628633967856,0.7613483511780446,0.9968234754637387,0.3752,0.7280887563193461,0.0,1.0,0.763570027308248,0.26351048830560936,0.8924550806327777,0.9056995081124359,0.9650878218722723,0.8610165355671039,0.9945609660932065,0.7573,0.6997500213393301,0.0,1.0,0.8595448724650895,0.3093070525549003,0.8182239819124082,0.8470492816634295,0.908719953466946,0.9370020229150746,0.8301940802746754,0.8717420118861715,0.7573,0.8039724211727669,0.0,1.0,0.7841411837918075,0.895250250997049,0.8673969142803167,0.7990021652637188,0.9010983712842063,0.699,0.8565242251393494,0.0,1.0,0.8697929200647603,0.7669882080949637,0.7969653639478486,0.8337198598737636,0.8774439789553372,0.9463380937789816,0.3752,0.849391419025156,0.0,1.0,0.740706354179264,0.26390711689837865,0.8205635378472979,0.8102445044053287,0.8725513563665636,0.9563922323578019,0.7319700329646917,0.3752,0.8725382854537326,0.0,0.7944634268232229,0.801342774432317,0.0,1.0,0.7486563767017196,0.27564548080136847,0.7811394012223374,0.8336747439808901,0.7515656410815087,0.0,0.8962095150761168,0.3234243839483731,0.7859900560056792,0.9347791784629245,0.8536856340551386,0.8285945613502139,0.9930984981722387,0.7573,0.8791947074281312,0.0,0.3752,0.0,0.8411307131335157,0.9123883057298567,0.0,1.0,0.7863957524058214,0.32211697033843334,0.9129357920344329,0.85635376114942,0.8008263944900761,0.9373541547022555,0.8572597968801974,0.898020615508084,1.0,0.3752,0.7216610264676893,0.0,1.0,0.8511522999372735,0.26027666303330516,0.7896516365787296,0.7440097229333974,0.8040788571561517,0.8121321694212904,0.9018548578151432,0.8093363123605064,0.9088956542544882,0.3752,0.7601781280200505,0.0,0.8312351234996057,0.32856871920659547,0.803588711585093,0.9548749551240461,0.7503120221733958,0.0,1.0,0.8270071208590981,0.3054805950393361,0.7444908097751459,0.7595061494764631,0.7926004495130066,0.8544595030082146,0.9229405084052522,0.8639218476304048,0.9846938784606754,0.699,0.7912330853583909,0.0,0.3084510198393367,0.8704859475115608,0.0,0.7182156307583141,0.0,1.0,0.29570324110437646,0.861830813419551,0.9302279840441492,0.3752,0.7728766960008208,0.0,0.88818241507011,0.26966720018095036,0.7348765023694241,0.7976017140325491,0.0,0.0,0.0,0.0,0.0,0.0,0.0,0.0,0.0,0.0,0.0,0.0,0.0,0.0,0.0,0.0,0.0,0.0,0.0,0.0,0.0,0.0,0.0,0.0,0.0,0.0,0.0,0.8163870877697713,0.8164083792152432,1.0,0.8800855292403925,0.7573,0.3752,0.0,0.0,0.4856,0.699,0.7877771068410635,0.8461696662962515,1.0,0.9170771905762944,0.7573,0.3752,0.0,0.0,0.4856,0.4856,0.8611941281205913,0.8946996962710323,1.0,0.8812666676253356,0.3752,0.3752,0.0,0.0,0.4856,0.699,0.8442736745761149,0.8108163549705558,1.0,1.0,0.7573,0.7573,0.0,0.0,0.9282700176015999,0.7723441008604428,1.0,0.9296805453209193,0.3752,0.3752,0.0,0.0,0.8724771348000445,0.9117121334422952,1.0,0.9292785770944669,0.3752,0.3752,0.0,0.0,0.9447518891120139,0.8956762643253089,1.0,0.9702511338704665,0.7573,0.0,0.0,0.4856,0.699,0.878324471413386,0.8660771386186492,1.0,1.0,0.3752,0.7573,0.0,0.0,0.4856,0.4856,0.8378984540782033,0.8541591193019404,1.0,1.0,0.7573,0.3752,0.0,0.0,0.4856,0.699,0.8484113997391471,0.7994009102768924,1.0,1.0,0.3752,0.7573,0.0,0.0,0.4856,0.699,0.9257662220949546,0.7769127064007981,1.0,0.9938764590974998,0.7573,0.3752,0.0,0.0,0.699,0.699,0.8031091340863425,0.903788089855802,1.0,1.0,0.0,0.699,0.4856,0.777971488602279,0.7631101060057371,1.0,0.8939003491407166,0.3752,0.7573,0.0,0.0,0.699,0.699,0.7982593623363676,0.7578542498092791,1.0,1.0,0.3752,0.7573,0.0,0.0,0.7824545882867392,0.8880581744377186,1.0,0.9172170507319425,0.3752,0.3752,0.0,0.0,0.8114107482579533,0.7780226740330971,1.0,1.0,0.7573,0.7573,0.0,0.0,0.8909971438485333,0.856867574209446,1.0,0.9938510732034275,0.7573,0.3752,0.0,0.0,0.9562939573689897,0.7698558779462177,1.0,0.9353939366163782,0.7573,0.3752,0.0,0.0,0.9056888824404725,0.8235864579938681,1.0,0.985081188358501,0.7573,0.3752,0.0,0.0,0.9424778802532019,0.8635520828460196,1.0,0.9586415122307829,0.3752,0.7573,0.0,0.0,0.93129291035735,0.8634347188742254,1.0,1.0,0.7573,0.3752,0.0,0.0,0.699,0.699,0.8230861841865618,0.7852385176733814,1.0,0.9478280452000496,0.7573,0.7573,0.0,0.0,0.848212437536075,0.8760383726982299,1.0,0.9959656581793889,0.3752,0.3752,0.0,0.0,0.4856,0.4856,0.7742123032424997,0.9556207351207383,1.0,0.8836228792780096,0.7573,0.3752,0.0,0.0,0.855071643320369,0.8182154962443922,1.0,1.0,0.7573,0.7573,0.0,0.0,0.9091718177042698,0.9181733089294886,1.0,0.9281039303794324,0.3752,0.3752,0.0,0.0,0.9653295410936932,0.7605682094763705,1.0,1.0,0.7573,0.3752,0.0,0.0
,54,1.0,0.8448165732763006,0.8907944523990866,0.8553574585497359,0.9130000634427464,0.734469204397354,0.7802680606991144,0.0,1.0,0.8390216027251101,0.28704785236771674,0.8448810333831384,0.8558075638701111,0.8689409977075365,0.8581758271947064,0.9956469214530543,0.734,0.8476554434173668,0.0,1.0,0.8555228703454729,0.3252499225186315,0.7969088504252804,0.8951613391121006,0.9143837452465716,0.8888493093138664,0.9161614839929693,0.7596084797318017,1.0,0.487,0.734,0.7736090352701592,0.0,0.8183214728961399,0.32334603773845993,0.8565815980897558,0.8713784991411899,0.7953502350781116,0.8385862021689773,0.0,0.2820000763391201,0.7951566858608501,0.7885108493610766,1.0,0.26627064489832675,0.3691,0.0,0.7771635616140226,0.26884846692817377,0.9450243483829455,0.8667397963471397,0.7974821588184233,1.0,0.6956391672537785,0.0,1.0,0.7929304629225402,0.3014520946527693,0.8204009297879701,0.8152628784778748,0.8191178854226587,0.8175486606979374,0.8395968956456061,0.8361577895388845,1.0,0.734,0.7087348579170407,0.0,1.0,0.7902817316882291,0.32450621908484056,0.8037678887462638,0.8602169803834199,0.8648328530524936,0.7812839010232413,0.8965628633967856,0.7613483511780446,0.9968234754637387,0.3691,0.7280887563193461,0.0,1.0,0.763570027308248,0.26351048830560936,0.8924550806327777,0.9056995081124359,0.9650878218722723,0.8610165355671039,0.9945609660932065,0.734,0.6997500213393301,0.0,1.0,0.8595448724650895,0.3093070525549003,0.8182239819124082,0.8470492816634295,0.908719953466946,0.9370020229150746,0.8301940802746754,0.8717420118861715,0.734,0.8039724211727669,0.0,1.0,0.7841411837918075,0.895250250997049,0.8673969142803167,0.7990021652637188,0.9010983712842063,0.695,0.8565242251393494,0.0,1.0,0.8697929200647603,0.7669882080949637,0.7969653639478486,0.8337198598737636,0.8774439789553372,0.9463380937789816,0.3691,0.849391419025156,0.0,1.0,0.740706354179264,0.26390711689837865,0.8205635378472979,0.8102445044053287,0.8725513563665636,0.9563922323578019,0.7319700329646917,0.3691,0.8725382854537326,0.0,0.7944634268232229,0.801342774432317,0.0,1.0,0.7486563767017196,0.27564548080136847,0.7811394012223374,0.8336747439808901,0.7515656410815087,0.0,0.8962095150761168,0.3234243839483731,0.7859900560056792,0.9347791784629245,0.8536856340551386,0.8285945613502139,0.9930984981722387,0.734,0.8791947074281312,0.0,0.3691,0.0,0.8411307131335157,0.9123883057298567,0.0,1.0,0.7863957524058214,0.32211697033843334,0.9129357920344329,0.85635376114942,0.8008263944900761,0.9373541547022555,0.8572597968801974,0.898020615508084,1.0,0.3691,0.7216610264676893,0.0,1.0,0.8511522999372735,0.26027666303330516,0.7896516365787296,0.7440097229333974,0.8040788571561517,0.8121321694212904,0.9018548578151432,0.8093363123605064,0.9088956542544882,0.3691,0.7601781280200505,0.0,0.8312351234996057,0.32856871920659547,0.803588711585093,0.9548749551240461,0.7503120221733958,0.0,1.0,0.8270071208590981,0.3054805950393361,0.7444908097751459,0.7595061494764631,0.7926004495130066,0.8544595030082146,0.9229405084052522,0.8639218476304048,0.9846938784606754,0.695,0.7912330853583909,0.0,0.3084510198393367,0.8704859475115608,0.0,0.7182156307583141,0.0,1.0,0.29570324110437646,0.861830813419551,0.9302279840441492,0.3691,0.7728766960008208,0.0,0.88818241507011,0.26966720018095036,0.7348765023694241,0.7976017140325491,0.0,0.0,0.0,0.0,0.0,0.0,0.0,0.0,0.0,0.0,0.0,0.0,0.0,0.0,0.0,0.0,0.0,0.0,0.0,0.0,0.0,0.0,0.0,0.0,0.0,0.0,0.0,0.8163870877697713,0.8164083792152432,1.0,0.8800855292403925,0.734,0.3691,0.0,0.0,0.487,0.695,0.7877771068410635,0.8461696662962515,1.0,0.9170771905762944,0.734,0.3691,0.0,0.0,0.487,0.487,0.8611941281205913,0.8946996962710323,1.0,0.8812666676253356,0.3691,0.3691,0.0,0.0,0.487,0.695,0.8442736745761149,0.8108163549705558,1.0,1.0,0.734,0.734,0.0,0.0,0.9282700176015999,0.7723441008604428,1.0,0.9296805453209193,0.3691,0.3691,0.0,0.0,0.8724771348000445,0.9117121334422952,1.0,0.9292785770944669,0.3691,0.3691,0.0,0.0,0.9447518891120139,0.8956762643253089,1.0,0.9702511338704665,0.734,0.0,0.0,0.487,0.695,0.878324471413386,0.8660771386186492,1.0,1.0,0.3691,0.734,0.0,0.0,0.487,0.487,0.8378984540782033,0.8541591193019404,1.0,1.0,0.734,0.3691,0.0,0.0,0.487,0.695,0.8484113997391471,0.7994009102768924,1.0,1.0,0.3691,0.734,0.0,0.0,0.487,0.695,0.9257662220949546,0.7769127064007981,1.0,0.9938764590974998,0.734,0.3691,0.0,0.0,0.695,0.695,0.8031091340863425,0.903788089855802,1.0,1.0,0.0,0.695,0.487,0.777971488602279,0.7631101060057371,1.0,0.8939003491407166,0.3691,0.734,0.0,0.0,0.695,0.695,0.7982593623363676,0.7578542498092791,1.0,1.0,0.3691,0.734,0.0,0.0,0.7824545882867392,0.8880581744377186,1.0,0.9172170507319425,0.3691,0.3691,0.0,0.0,0.8114107482579533,0.7780226740330971,1.0,1.0,0.734,0.734,0.0,0.0,0.8909971438485333,0.856867574209446,1.0,0.9938510732034275,0.734,0.3691,0.0,0.0,0.9562939573689897,0.7698558779462177,1.0,0.9353939366163782,0.734,0.3691,0.0,0.0,0.9056888824404725,0.8235864579938681,1.0,0.985081188358501,0.734,0.3691,0.0,0.0,0.9424778802532019,0.8635520828460196,1.0,0.9586415122307829,0.3691,0.734,0.0,0.0,0.93129291035735,0.8634347188742254,1.0,1.0,0.734,0.3691,0.0,0.0,0.695,0.695,0.8230861841865618,0.7852385176733814,1.0,0.9478280452000496,0.734,0.734,0.0,0.0,0.848212437536075,0.8760383726982299,1.0,0.9959656581793889,0.3691,0.3691,0.0,0.0,0.487,0.487,0.7742123032424997,0.9556207351207383,1.0,0.8836228792780096,0.734,0.3691,0.0,0.0,0.855071643320369,0.8182154962443922,1.0,1.0,0.734,0.734,0.0,0.0,0.9091718177042698,0.9181733089294886,1.0,0.9281039303794324,0.3691,0.3691,0.0,0.0,0.9653295410936932,0.7605682094763705,1.0,1.0,0.734,0.3691,0.0,0.0
,55,1.0,0.8448165732763006,0.8907944523990866,0.8553574585497359,0.9130000634427464,0.734469204397354,0.7802680606991144,0.0,1.0,0.8390216027251101,0.28704785236771674,0.8448810333831384,0.8558075638701111,0.8689409977075365,0.8581758271947064,0.9956469214530543,0.7134,0.8476554434173668,0.000603,1.0,0.8555228703454729,0.3252499225186315,0.7969088504252804,0.8951613391121006,0.9143837452465716,0.8888493093138664,0.9161614839929693,0.7596084797318017,1.0,0.5034,0.7134,0.7736090352701592,0.000603,0.8183214728961399,0.32334603773845993,0.8565815980897558,0.8713784991411899,0.7953502350781116,0.8385862021689773,0.000603,0.2820000763391201,0.7951566858608501,0.7885108493610766,1.0,0.26627064489832675,0.363,0.0,0.7771635616140226,0.26884846692817377,0.9450243483829455,0.8667397963471397,0.7974821588184233,1.0,0.6956391672537785,0.0,1.0,0.7929304629225402,0.3014520946527693,0.8204009297879701,0.8152628784778748,0.8191178854226587,0.8175486606979374,0.8395968956456061,0.8361577895388845,1.0,0.7134,0.7087348579170407,0.0,1.0,0.7902817316882291,0.32450621908484056,0.8037678887462638,0.8602169803834199,0.8648328530524936,0.7812839010232413,0.8965628633967856,0.7613483511780446,0.9968234754637387,0.363,0.7280887563193461,0.0,1.0,0.763570027308248,0.26351048830560936,0.8924550806327777,0.9056995081124359,0.9650878218722723,0.8610165355671039,0.9945609660932065,0.7134,0.6997500213393301,0.0,1.0,0.8595448724650895,0.3093070525549003,0.8182239819124082,0.8470492816634295,0.908719953466946,0.9370020229150746,0.8301940802746754,0.8717420118861715,0.7134,0.8039724211727669,0.000603,1.0,0.7841411837918075,0.895250250997049,0.8673969142803167,0.7990021652637188,0.9010983712842063,0.698,0.8565242251393494,0.000603,1.0,0.8697929200647603,0.7669882080949637,0.7969653639478486,0.8337198598737636,0.8774439789553372,0.9463380937789816,0.363,0.849391419025156,0.000603,1.0,0.740706354179264,0.26390711689837865,0.8205635378472979,0.8102445044053287,0.8725513563665636,0.9563922323578019,0.7319700329646917,0.363,0.8725382854537326,0.0,0.7944634268232229,0.801342774432317,0.0,1.0,0.7486563767017196,0.27564548080136847,0.7811394012223374,0.8336747439808901,0.7515656410815087,0.0,0.8962095150761168,0.3234243839483731,0.7859900560056792,0.9347791784629245,0.8536856340551386,0.8285945613502139,0.9930984981722387,0.7134,0.8791947074281312,0.000603,0.363,0.000603,0.8411307131335157,0.9123883057298567,0.000603,1.0,0.7863957524058214,0.32211697033843334,0.9129357920344329,0.85635376114942,0.8008263944900761,0.9373541547022555,0.8572597968801974,0.898020615508084,1.0,0.363,0.7216610264676893,0.000603,1.0,0.8511522999372735,0.26027666303330516,0.7896516365787296,0.7440097229333974,0.8040788571561517,0.8121321694212904,0.9018548578151432,0.8093363123605064,0.9088956542544882,0.363,0.7601781280200505,0.0,0.8312351234996057,0.32856871920659547,0.803588711585093,0.9548749551240461,0.7503120221733958,0.000603,1.0,0.8270071208590981,0.3054805950393361,0.7444908097751459,0.7595061494764631,0.7926004495130066,0.8544595030082146,0.9229405084052522,0.8639218476304048,0.9846938784606754,0.698,0.7912330853583909,0.0,0.3084510198393367,0.8704859475115608,0.0,0.7182156307583141,0.000603,1.0,0.29570324110437646,0.861830813419551,0.9302279840441492,0.363,0.7728766960008208,0.0,0.88818241507011,0.26966720018095036,0.7348765023694241,0.7976017140325491,0.0,0.0,0.0,0.0004863172780521404,0.0,0.0004723947225967571,0.0,0.00047495226438793375,0.0,0.00047341470395193013,0.0,0.00048268943758541426,0.0004921422527292627,0.00046853516072005197,0.0,0.0004941093600571683,0.0,0.0004768402950298706,0.000485054485083582,0.00047058924775003955,0.0004960605692400038,0.0004776313945115195,0.0004962553991203548,0.00047149651101096923,0.0,0.00047990381757902537,0.00047174251828043656,0.8163870877697713,0.8164083792152432,1.0,0.8800855292403925,0.7134,0.363,0.0,0.000603,0.5034,0.698,0.7877771068410635,0.8461696662962515,1.0,0.9170771905762944,0.7134,0.363,0.0,0.0,0.5034,0.5034,0.8611941281205913,0.8946996962710323,1.0,0.8812666676253356,0.363,0.363,0.0,0.000603,0.5034,0.698,0.8442736745761149,0.8108163549705558,1.0,1.0,0.7134,0.7134,0.0,0.000603,0.9282700176015999,0.7723441008604428,1.0,0.9296805453209193,0.363,0.363,0.000603,0.000603,0.8724771348000445,0.9117121334422952,1.0,0.9292785770944669,0.363,0.363,0.0,0.000603,0.9447518891120139,0.8956762643253089,1.0,0.9702511338704665,0.7134,0.0,0.000603,0.5034,0.698,0.878324471413386,0.8660771386186492,1.0,1.0,0.363,0.7134,0.0,0.000603,0.5034,0.5034,0.8378984540782033,0.8541591193019404,1.0,1.0,0.7134,0.363,0.0,0.000603,0.5034,0.698,0.8484113997391471,0.7994009102768924,1.0,1.0,0.363,0.7134,0.0,0.0,0.5034,0.698,0.9257662220949546,0.7769127064007981,1.0,0.9938764590974998,0.7134,0.363,0.000603,0.000603,0.698,0.698,0.8031091340863425,0.903788089855802,1.0,1.0,0.000603,0.698,0.5034,0.777971488602279,0.7631101060057371,1.0,0.8939003491407166,0.363,0.7134,0.0,0.000603,0.698,0.698,0.7982593623363676,0.7578542498092791,1.0,1.0,0.363,0.7134,0.000603,0.0,0.7824545882867392,0.8880581744377186,1.0,0.9172170507319425,0.363,0.363,0.0,0.000603,0.8114107482579533,0.7780226740330971,1.0,1.0,0.7134,0.7134,0.0,0.000603,0.8909971438485333,0.856867574209446,1.0,0.9938510732034275,0.7134,0.363,0.000603,0.0,0.9562939573689897,0.7698558779462177,1.0,0.9353939366163782,0.7134,0.363,0.000603,0.000603,0.9056888824404725,0.8235864579938681,1.0,0.985081188358501,0.7134,0.363,0.000603,0.0,0.9424778802532019,0.8635520828460196,1.0,0.9586415122307829,0.363,0.7134,0.0,0.000603,0.93129291035735,0.8634347188742254,1.0,1.0,0.7134,0.363,0.000603,0.0,0.698,0.698,0.8230861841865618,0.7852385176733814,1.0,0.9478280452000496,0.7134,0.7134,0.0,0.0,0.848212437536075,0.8760383726982299,1.0,0.9959656581793889,0.363,0.363,0.0,0.0,0.5034,0.5034,0.7742123032424997,0.9556207351207383,1.0,0.8836228792780096,0.7134,0.363,0.0,0.0,0.855071643320369,0.8182154962443922,1.0,1.0,0.7134,0.7134,0.000603,0.000603,0.9091718177042698,0.9181733089294886,1.0,0.9281039303794324,0.363,0.363,0.0,0.0,0.9653295410936932,0.7605682094763705,1.0,1.0,0.7134,0.363,0.0,0.000603
,56,1.0,0.8448165732763006,0.8907944523990866,0.8553574585497359,0.9130000634427464,0.734469204397354,0.7802680606991144,0.02524,1.0,0.8390216027251101,0.28704785236771674,0.8448810333831384,0.8558075638701111,0.8689409977075365,0.8581758271947064,0.9956469214530543,0.677,0.8476554434173668,0.1329,1.0,0.8555228703454729,0.3252499225186315,0.7969088504252804,0.8951613391121006,0.9143837452465716,0.8888493093138664,0.9161614839929693,0.7596084797318017,1.0,0.51,0.677,0.7736090352701592,0.1329,0.8183214728961399,0.32334603773845993,0.8565815980897558,0.8713784991411899,0.7953502350781116,0.8385862021689773,0.1329,0.2820000763391201,0.7951566858608501,0.7885108493610766,1.0,0.26627064489832675,0.3164,0.02524,0.7771635616140226,0.26884846692817377,0.9450243483829455,0.8667397963471397,0.7974821588184233,1.0,0.6956391672537785,0.02524,1.0,0.7929304629225402,0.3014520946527693,0.8204009297879701,0.8152628784778748,0.8191178854226587,0.8175486606979374,0.8395968956456061,0.8361577895388845,1.0,0.677,0.7087348579170407,0.02524,1.0,0.7902817316882291,0.32450621908484056,0.8037678887462638,0.8602169803834199,0.8648328530524936,0.7812839010232413,0.8965628633967856,0.7613483511780446,0.9968234754637387,0.3164,0.7280887563193461,0.02524,1.0,0.763570027308248,0.26351048830560936,0.8924550806327777,0.9056995081124359,0.9650878218722723,0.8610165355671039,0.9945609660932065,0.677,0.6997500213393301,0.02524,1.0,0.8595448724650895,0.3093070525549003,0.8182239819124082,0.8470492816634295,0.908719953466946,0.9370020229150746,0.8301940802746754,0.8717420118861715,0.677,0.8039724211727669,0.1329,1.0,0.7841411837918075,0.895250250997049,0.8673969142803167,0.7990021652637188,0.9010983712842063,0.6875,0.8565242251393494,0.1329,1.0,0.8697929200647603,0.7669882080949637,0.7969653639478486,0.8337198598737636,0.8774439789553372,0.9463380937789816,0.3164,0.849391419025156,0.1329,1.0,0.740706354179264,0.26390711689837865,0.8205635378472979,0.8102445044053287,0.8725513563665636,0.9563922323578019,0.7319700329646917,0.3164,0.8725382854537326,0.02524,0.7944634268232229,0.801342774432317,0.02524,1.0,0.7486563767017196,0.27564548080136847,0.7811394012223374,0.8336747439808901,0.7515656410815087,0.02524,0.8962095150761168,0.3234243839483731,0.7859900560056792,0.9347791784629245,0.8536856340551386,0.8285945613502139,0.9930984981722387,0.677,0.8791947074281312,0.1329,0.3164,0.1329,0.8411307131335157,0.9123883057298567,0.1329,1.0,0.7863957524058214,0.32211697033843334,0.9129357920344329,0.85635376114942,0.8008263944900761,0.9373541547022555,0.8572597968801974,0.898020615508084,1.0,0.3164,0.7216610264676893,0.1329,1.0,0.8511522999372735,0.26027666303330516,0.7896516365787296,0.7440097229333974,0.8040788571561517,0.8121321694212904,0.9018548578151432,0.8093363123605064,0.9088956542544882,0.3164,0.7601781280200505,0.02524,0.8312351234996057,0.32856871920659547,0.803588711585093,0.9548749551240461,0.7503120221733958,0.1329,1.0,0.8270071208590981,0.3054805950393361,0.7444908097751459,0.7595061494764631,0.7926004495130066,0.8544595030082146,0.9229405084052522,0.8639218476304048,0.9846938784606754,0.6875,0.7912330853583909,0.02524,0.3084510198393367,0.8704859475115608,0.02524,0.7182156307583141,0.1329,1.0,0.29570324110437646,0.861830813419551,0.9302279840441492,0.3164,0.7728766960008208,0.02524,0.88818241507011,0.26966720018095036,0.7348765023694241,0.7976017140325491,0.020568689874404102,0.01968303828915643,0.020105284478981474,0.10718336028711352,0.02067059120138073,0.10411485677132506,0.019880727164694703,0.104678533892465,0.020673114485948916,0.10433965863219156,0.020087386685233827,0.1063837914678301,0.1084671731139619,0.10326421701441942,0.020215362523609413,0.10890071965439083,0.020385993978422123,0.10509465208867297,0.10690504322986408,0.10371693370809329,0.1093307622752844,0.10526900884010106,0.10937370239319263,0.10391689272530316,0.02013400417185436,0.10576984636194439,0.10397111223792706,0.8163870877697713,0.8164083792152432,1.0,0.8800855292403925,0.677,0.3164,0.02524,0.1329,0.51,0.6875,0.7877771068410635,0.8461696662962515,1.0,0.9170771905762944,0.677,0.3164,0.02524,0.02524,0.51,0.51,0.8611941281205913,0.8946996962710323,1.0,0.8812666676253356,0.3164,0.3164,0.02524,0.1329,0.51,0.6875,0.8442736745761149,0.8108163549705558,1.0,1.0,0.677,0.677,0.02524,0.1329,0.9282700176015999,0.7723441008604428,1.0,0.9296805453209193,0.3164,0.3164,0.1329,0.1329,0.8724771348000445,0.9117121334422952,1.0,0.9292785770944669,0.3164,0.3164,0.02524,0.1329,0.9447518891120139,0.8956762643253089,1.0,0.9702511338704665,0.677,0.02524,0.1329,0.51,0.6875,0.878324471413386,0.8660771386186492,1.0,1.0,0.3164,0.677,0.02524,0.1329,0.51,0.51,0.8378984540782033,0.8541591193019404,1.0,1.0,0.677,0.3164,0.02524,0.1329,0.51,0.6875,0.8484113997391471,0.7994009102768924,1.0,1.0,0.3164,0.677,0.02524,0.02524,0.51,0.6875,0.9257662220949546,0.7769127064007981,1.0,0.9938764590974998,0.677,0.3164,0.1329,0.1329,0.6875,0.6875,0.8031091340863425,0.903788089855802,1.0,1.0,0.1329,0.6875,0.51,0.777971488602279,0.7631101060057371,1.0,0.8939003491407166,0.3164,0.677,0.02524,0.1329,0.6875,0.6875,0.7982593623363676,0.7578542498092791,1.0,1.0,0.3164,0.677,0.1329,0.02524,0.7824545882867392,0.8880581744377186,1.0,0.9172170507319425,0.3164,0.3164,0.02524,0.1329,0.8114107482579533,0.7780226740330971,1.0,1.0,0.677,0.677,0.02524,0.1329,0.8909971438485333,0.856867574209446,1.0,0.9938510732034275,0.677,0.3164,0.1329,0.02524,0.9562939573689897,0.7698558779462177,1.0,0.9353939366163782,0.677,0.3164,0.1329,0.1329,0.9056888824404725,0.8235864579938681,1.0,0.985081188358501,0.677,0.3164,0.1329,0.02524,0.9424778802532019,0.8635520828460196,1.0,0.9586415122307829,0.3164,0.677,0.02524,0.1329,0.93129291035735,0.8634347188742254,1.0,1.0,0.677,0.3164,0.1329,0.02524,0.6875,0.6875,0.8230861841865618,0.7852385176733814,1.0,0.9478280452000496,0.677,0.677,0.02524,0.02524,0.848212437536075,0.8760383726982299,1.0,0.9959656581793889,0.3164,0.3164,0.02524,0.02524,0.51,0.51,0.7742123032424997,0.9556207351207383,1.0,0.8836228792780096,0.677,0.3164,0.02524,0.02524,0.855071643320369,0.8182154962443922,1.0,1.0,0.677,0.677,0.1329,0.1329,0.9091718177042698,0.9181733089294886,1.0,0.9281039303794324,0.3164,0.3164,0.02524,0.02524,0.9653295410936932,0.7605682094763705,1.0,1.0,0.677,0.3164,0.02524,0.1329
,57,1.0,0.8448165732763006,0.8907944523990866,0.8553574585497359,0.9130000634427464,0.734469204397354,0.7802680606991144,0.1067,1.0,0.8390216027251101,0.28704785236771674,0.8448810333831384,0.8558075638701111,0.8689409977075365,0.8581758271947064,0.9956469214530543,0.5215,0.8476554434173668,0.3962,1.0,0.8555228703454729,0.3252499225186315,0.7969088504252804,0.8951613391121006,0.9143837452465716,0.8888493093138664,0.9161614839929693,0.7596084797318017,1.0,0.4993,0.5215,0.7736090352701592,0.3962,0.8183214728961399,0.32334603773845993,0.8565815980897558,0.8713784991411899,0.7953502350781116,0.8385862021689773,0.3962,0.2820000763391201,0.7951566858608501,0.7885108493610766,1.0,0.26627064489832675,0.2238,0.1067,0.7771635616140226,0.26884846692817377,0.9450243483829455,0.8667397963471397,0.7974821588184233,1.0,0.6956391672537785,0.1067,1.0,0.7929304629225402,0.3014520946527693,0.8204009297879701,0.8152628784778748,0.8191178854226587,0.8175486606979374,0.8395968956456061,0.8361577895388845,1.0,0.5215,0.7087348579170407,0.1067,1.0,0.7902817316882291,0.32450621908484056,0.8037678887462638,0.8602169803834199,0.8648328530524936,0.7812839010232413,0.8965628633967856,0.7613483511780446,0.9968234754637387,0.2238,0.7280887563193461,0.1067,1.0,0.763570027308248,0.26351048830560936,0.8924550806327777,0.9056995081124359,0.9650878218722723,0.8610165355671039,0.9945609660932065,0.5215,0.6997500213393301,0.1067,1.0,0.8595448724650895,0.3093070525549003,0.8182239819124082,0.8470492816634295,0.908719953466946,0.9370020229150746,0.8301940802746754,0.8717420118861715,0.5215,0.8039724211727669,0.3962,1.0,0.7841411837918075,0.895250250997049,0.8673969142803167,0.7990021652637188,0.9010983712842063,0.661,0.8565242251393494,0.3962,1.0,0.8697929200647603,0.7669882080949637,0.7969653639478486,0.8337198598737636,0.8774439789553372,0.9463380937789816,0.2238,0.849391419025156,0.3962,1.0,0.740706354179264,0.26390711689837865,0.8205635378472979,0.8102445044053287,0.8725513563665636,0.9563922323578019,0.7319700329646917,0.2238,0.8725382854537326,0.1067,0.7944634268232229,0.801342774432317,0.1067,1.0,0.7486563767017196,0.27564548080136847,0.7811394012223374,0.8336747439808901,0.7515656410815087,0.1067,0.8962095150761168,0.3234243839483731,0.7859900560056792,0.9347791784629245,0.8536856340551386,0.8285945613502139,0.9930984981722387,0.5215,0.8791947074281312,0.3962,0.2238,0.3962,0.8411307131335157,0.9123883057298567,0.3962,1.0,0.7863957524058214,0.32211697033843334,0.9129357920344329,0.85635376114942,0.8008263944900761,0.9373541547022555,0.8572597968801974,0.898020615508084,1.0,0.2238,0.7216610264676893,0.3962,1.0,0.8511522999372735,0.26027666303330516,0.7896516365787296,0.7440097229333974,0.8040788571561517,0.8121321694212904,0.9018548578151432,0.8093363123605064,0.9088956542544882,0.2238,0.7601781280200505,0.1067,0.8312351234996057,0.32856871920659547,0.803588711585093,0.9548749551240461,0.7503120221733958,0.3962,1.0,0.8270071208590981,0.3054805950393361,0.7444908097751459,0.7595061494764631,0.7926004495130066,0.8544595030082146,0.9229405084052522,0.8639218476304048,0.9846938784606754,0.661,0.7912330853583909,0.1067,0.3084510198393367,0.8704859475115608,0.1067,0.7182156307583141,0.3962,1.0,0.29570324110437646,0.861830813419551,0.9302279840441492,0.2238,0.7728766960008208,0.1067,0.88818241507011,0.26966720018095036,0.7348765023694241,0.7976017140325491,0.0869524251029682,0.08320840671366843,0.08499341734973548,0.3195338400733964,0.08738320448444231,0.3103860515635741,0.0840441199870414,0.3120664795198994,0.08739387146001384,0.31105622836775243,0.08491775591578642,0.3171501744135011,0.32336112857600985,0.30785013379317516,0.08545876312476722,0.3246536126942788,0.08618009340323457,0.31330700645246223,0.31870412436171675,0.3091997677588154,0.3259356509666492,0.3138267968581493,0.32606366356796784,0.3097958833541393,0.08511482746184074,0.31531988810084555,0.3099575219613747,0.8163870877697713,0.8164083792152432,1.0,0.8800855292403925,0.5215,0.2238,0.1067,0.3962,0.4993,0.661,0.7877771068410635,0.8461696662962515,1.0,0.9170771905762944,0.5215,0.2238,0.1067,0.1067,0.4993,0.4993,0.8611941281205913,0.8946996962710323,1.0,0.8812666676253356,0.2238,0.2238,0.1067,0.3962,0.4993,0.661,0.8442736745761149,0.8108163549705558,1.0,1.0,0.5215,0.5215,0.1067,0.3962,0.9282700176015999,0.7723441008604428,1.0,0.9296805453209193,0.2238,0.2238,0.3962,0.3962,0.8724771348000445,0.9117121334422952,1.0,0.9292785770944669,0.2238,0.2238,0.1067,0.3962,0.9447518891120139,0.8956762643253089,1.0,0.9702511338704665,0.5215,0.1067,0.3962,0.4993,0.661,0.878324471413386,0.8660771386186492,1.0,1.0,0.2238,0.5215,0.1067,0.3962,0.4993,0.4993,0.8378984540782033,0.8541591193019404,1.0,1.0,0.5215,0.2238,0.1067,0.3962,0.4993,0.661,0.8484113997391471,0.7994009102768924,1.0,1.0,0.2238,0.5215,0.1067,0.1067,0.4993,0.661,0.9257662220949546,0.7769127064007981,1.0,0.9938764590974998,0.5215,0.2238,0.3962,0.3962,0.661,0.661,0.8031091340863425,0.903788089855802,1.0,1.0,0.3962,0.661,0.4993,0.777971488602279,0.7631101060057371,1.0,0.8939003491407166,0.2238,0.5215,0.1067,0.3962,0.661,0.661,0.7982593623363676,0.7578542498092791,1.0,1.0,0.2238,0.5215,0.3962,0.1067,0.7824545882867392,0.8880581744377186,1.0,0.9172170507319425,0.2238,0.2238,0.1067,0.3962,0.8114107482579533,0.7780226740330971,1.0,1.0,0.5215,0.5215,0.1067,0.3962,0.8909971438485333,0.856867574209446,1.0,0.9938510732034275,0.5215,0.2238,0.3962,0.1067,0.9562939573689897,0.7698558779462177,1.0,0.9353939366163782,0.5215,0.2238,0.3962,0.3962,0.9056888824404725,0.8235864579938681,1.0,0.985081188358501,0.5215,0.2238,0.3962,0.1067,0.9424778802532019,0.8635520828460196,1.0,0.9586415122307829,0.2238,0.5215,0.1067,0.3962,0.93129291035735,0.8634347188742254,1.0,1.0,0.5215,0.2238,0.3962,0.1067,0.661,0.661,0.8230861841865618,0.7852385176733814,1.0,0.9478280452000496,0.5215,0.5215,0.1067,0.1067,0.848212437536075,0.8760383726982299,1.0,0.9959656581793889,0.2238,0.2238,0.1067,0.1067,0.4993,0.4993,0.7742123032424997,0.9556207351207383,1.0,0.8836228792780096,0.5215,0.2238,0.1067,0.1067,0.855071643320369,0.8182154962443922,1.0,1.0,0.5215,0.5215,0.3962,0.3962,0.9091718177042698,0.9181733089294886,1.0,0.9281039303794324,0.2238,0.2238,0.1067,0.1067,0.9653295410936932,0.7605682094763705,1.0,1.0,0.5215,0.2238,0.1067,0.3962
,58,1.0,0.8448165732763006,0.8907944523990866,0.8553574585497359,0.9130000634427464,0.734469204397354,0.7802680606991144,0.1664,1.0,0.8390216027251101,0.28704785236771674,0.8448810333831384,0.8558075638701111,0.8689409977075365,0.8581758271947064,0.9956469214530543,0.3572,0.8476554434173668,0.4612,1.0,0.8555228703454729,0.3252499225186315,0.7969088504252804,0.8951613391121006,0.9143837452465716,0.8888493093138664,0.9161614839929693,0.7596084797318017,1.0,0.463,0.3572,0.7736090352701592,0.4612,0.8183214728961399,0.32334603773845993,0.8565815980897558,0.8713784991411899,0.7953502350781116,0.8385862021689773,0.4612,0.2820000763391201,0.7951566858608501,0.7885108493610766,1.0,0.26627064489832675,0.2052,0.1664,0.7771635616140226,0.26884846692817377,0.9450243483829455,0.8667397963471397,0.7974821588184233,1.0,0.6956391672537785,0.1664,1.0,0.7929304629225402,0.3014520946527693,0.8204009297879701,0.8152628784778748,0.8191178854226587,0.8175486606979374,0.8395968956456061,0.8361577895388845,1.0,0.3572,0.7087348579170407,0.1664,1.0,0.7902817316882291,0.32450621908484056,0.8037678887462638,0.8602169803834199,0.8648328530524936,0.7812839010232413,0.8965628633967856,0.7613483511780446,0.9968234754637387,0.2052,0.7280887563193461,0.1664,1.0,0.763570027308248,0.26351048830560936,0.8924550806327777,0.9056995081124359,0.9650878218722723,0.8610165355671039,0.9945609660932065,0.3572,0.6997500213393301,0.1664,1.0,0.8595448724650895,0.3093070525549003,0.8182239819124082,0.8470492816634295,0.908719953466946,0.9370020229150746,0.8301940802746754,0.8717420118861715,0.3572,0.8039724211727669,0.4612,1.0,0.7841411837918075,0.895250250997049,0.8673969142803167,0.7990021652637188,0.9010983712842063,0.6006,0.8565242251393494,0.4612,1.0,0.8697929200647603,0.7669882080949637,0.7969653639478486,0.8337198598737636,0.8774439789553372,0.9463380937789816,0.2052,0.849391419025156,0.4612,1.0,0.740706354179264,0.26390711689837865,0.8205635378472979,0.8102445044053287,0.8725513563665636,0.9563922323578019,0.7319700329646917,0.2052,0.8725382854537326,0.1664,0.7944634268232229,0.801342774432317,0.1664,1.0,0.7486563767017196,0.27564548080136847,0.7811394012223374,0.8336747439808901,0.7515656410815087,0.1664,0.8962095150761168,0.3234243839483731,0.7859900560056792,0.9347791784629245,0.8536856340551386,0.8285945613502139,0.9930984981722387,0.3572,0.8791947074281312,0.4612,0.2052,0.4612,0.8411307131335157,0.9123883057298567,0.4612,1.0,0.7863957524058214,0.32211697033843334,0.9129357920344329,0.85635376114942,0.8008263944900761,0.9373541547022555,0.8572597968801974,0.898020615508084,1.0,0.2052,0.7216610264676893,0.4612,1.0,0.8511522999372735,0.26027666303330516,0.7896516365787296,0.7440097229333974,0.8040788571561517,0.8121321694212904,0.9018548578151432,0.8093363123605064,0.9088956542544882,0.2052,0.7601781280200505,0.1664,0.8312351234996057,0.32856871920659547,0.803588711585093,0.9548749551240461,0.7503120221733958,0.4612,1.0,0.8270071208590981,0.3054805950393361,0.7444908097751459,0.7595061494764631,0.7926004495130066,0.8544595030082146,0.9229405084052522,0.8639218476304048,0.9846938784606754,0.6006,0.7912330853583909,0.1664,0.3084510198393367,0.8704859475115608,0.1664,0.7182156307583141,0.4612,1.0,0.29570324110437646,0.861830813419551,0.9302279840441492,0.2052,0.7728766960008208,0.1664,0.88818241507011,0.26966720018095036,0.7348765023694241,0.7976017140325491,0.1356034070959129,0.12976456304737044,0.1325483097188002,0.37195610055994555,0.13627521299167009,0.3613075390740039,0.1310678684708874,0.36326365561478446,0.13629184827503563,0.36208766411713134,0.13243031475526576,0.36918137415322233,0.37641128848878275,0.3583555822953366,0.13327402234265476,0.3779158156855158,0.1343989460384089,0.3647077016049359,0.37099026288648096,0.35992663526089264,0.3794081833059531,0.3653127680741506,0.3795571974698303,0.3606205487201642,0.13273765032474505,0.3670508137105249,0.3608087055239425,0.8163870877697713,0.8164083792152432,1.0,0.8800855292403925,0.3572,0.2052,0.1664,0.4612,0.463,0.6006,0.7877771068410635,0.8461696662962515,1.0,0.9170771905762944,0.3572,0.2052,0.1664,0.1664,0.463,0.463,0.8611941281205913,0.8946996962710323,1.0,0.8812666676253356,0.2052,0.2052,0.1664,0.4612,0.463,0.6006,0.8442736745761149,0.8108163549705558,1.0,1.0,0.3572,0.3572,0.1664,0.4612,0.9282700176015999,0.7723441008604428,1.0,0.9296805453209193,0.2052,0.2052,0.4612,0.4612,0.8724771348000445,0.9117121334422952,1.0,0.9292785770944669,0.2052,0.2052,0.1664,0.4612,0.9447518891120139,0.8956762643253089,1.0,0.9702511338704665,0.3572,0.1664,0.4612,0.463,0.6006,0.878324471413386,0.8660771386186492,1.0,1.0,0.2052,0.3572,0.1664,0.4612,0.463,0.463,0.8378984540782033,0.8541591193019404,1.0,1.0,0.3572,0.2052,0.1664,0.4612,0.463,0.6006,0.8484113997391471,0.7994009102768924,1.0,1.0,0.2052,0.3572,0.1664,0.1664,0.463,0.6006,0.9257662220949546,0.7769127064007981,1.0,0.9938764590974998,0.3572,0.2052,0.4612,0.4612,0.6006,0.6006,0.8031091340863425,0.903788089855802,1.0,1.0,0.4612,0.6006,0.463,0.777971488602279,0.7631101060057371,1.0,0.8939003491407166,0.2052,0.3572,0.1664,0.4612,0.6006,0.6006,0.7982593623363676,0.7578542498092791,1.0,1.0,0.2052,0.3572,0.4612,0.1664,0.7824545882867392,0.8880581744377186,1.0,0.9172170507319425,0.2052,0.2052,0.1664,0.4612,0.8114107482579533,0.7780226740330971,1.0,1.0,0.3572,0.3572,0.1664,0.4612,0.8909971438485333,0.856867574209446,1.0,0.9938510732034275,0.3572,0.2052,0.4612,0.1664,0.9562939573689897,0.7698558779462177,1.0,0.9353939366163782,0.3572,0.2052,0.4612,0.4612,0.9056888824404725,0.8235864579938681,1.0,0.985081188358501,0.3572,0.2052,0.4612,0.1664,0.9424778802532019,0.8635520828460196,1.0,0.9586415122307829,0.2052,0.3572,0.1664,0.4612,0.93129291035735,0.8634347188742254,1.0,1.0,0.3572,0.2052,0.4612,0.1664,0.6006,0.6006,0.8230861841865618,0.7852385176733814,1.0,0.9478280452000496,0.3572,0.3572,0.1664,0.1664,0.848212437536075,0.8760383726982299,1.0,0.9959656581793889,0.2052,0.2052,0.1664,0.1664,0.463,0.463,0.7742123032424997,0.9556207351207383,1.0,0.8836228792780096,0.3572,0.2052,0.1664,0.1664,0.855071643320369,0.8182154962443922,1.0,1.0,0.3572,0.3572,0.4612,0.4612,0.9091718177042698,0.9181733089294886,1.0,0.9281039303794324,0.2052,0.2052,0.1664,0.1664,0.9653295410936932,0.7605682094763705,1.0,1.0,0.3572,0.2052,0.1664,0.4612
,59,1.0,0.8448165732763006,0.8907944523990866,0.8553574585497359,0.9130000634427464,0.734469204397354,0.7802680606991144,0.1913,1.0,0.8390216027251101,0.28704785236771674,0.8448810333831384,0.8558075638701111,0.8689409977075365,0.8581758271947064,0.9956469214530543,0.3132,0.8476554434173668,0.4365,1.0,0.8555228703454729,0.3252499225186315,0.7969088504252804,0.8951613391121006,0.9143837452465716,0.8888493093138664,0.9161614839929693,0.7596084797318017,1.0,0.4292,0.3132,0.7736090352701592,0.4365,0.8183214728961399,0.32334603773845993,0.8565815980897558,0.8713784991411899,0.7953502350781116,0.8385862021689773,0.4365,0.2820000763391201,0.7951566858608501,0.7885108493610766,1.0,0.26627064489832675,0.2147,0.1913,0.7771635616140226,0.26884846692817377,0.9450243483829455,0.8667397963471397,0.7974821588184233,1.0,0.6956391672537785,0.1913,1.0,0.7929304629225402,0.3014520946527693,0.8204009297879701,0.8152628784778748,0.8191178854226587,0.8175486606979374,0.8395968956456061,0.8361577895388845,1.0,0.3132,0.7087348579170407,0.1913,1.0,0.7902817316882291,0.32450621908484056,0.8037678887462638,0.8602169803834199,0.8648328530524936,0.7812839010232413,0.8965628633967856,0.7613483511780446,0.9968234754637387,0.2147,0.7280887563193461,0.1913,1.0,0.763570027308248,0.26351048830560936,0.8924550806327777,0.9056995081124359,0.9650878218722723,0.8610165355671039,0.9945609660932065,0.3132,0.6997500213393301,0.1913,1.0,0.8595448724650895,0.3093070525549003,0.8182239819124082,0.8470492816634295,0.908719953466946,0.9370020229150746,0.8301940802746754,0.8717420118861715,0.3132,0.8039724211727669,0.4365,1.0,0.7841411837918075,0.895250250997049,0.8673969142803167,0.7990021652637188,0.9010983712842063,0.5557,0.8565242251393494,0.4365,1.0,0.8697929200647603,0.7669882080949637,0.7969653639478486,0.8337198598737636,0.8774439789553372,0.9463380937789816,0.2147,0.849391419025156,0.4365,1.0,0.740706354179264,0.26390711689837865,0.8205635378472979,0.8102445044053287,0.8725513563665636,0.9563922323578019,0.7319700329646917,0.2147,0.8725382854537326,0.1913,0.7944634268232229,0.801342774432317,0.1913,1.0,0.7486563767017196,0.27564548080136847,0.7811394012223374,0.8336747439808901,0.7515656410815087,0.1913,0.8962095150761168,0.3234243839483731,0.7859900560056792,0.9347791784629245,0.8536856340551386,0.8285945613502139,0.9930984981722387,0.3132,0.8791947074281312,0.4365,0.2147,0.4365,0.8411307131335157,0.9123883057298567,0.4365,1.0,0.7863957524058214,0.32211697033843334,0.9129357920344329,0.85635376114942,0.8008263944900761,0.9373541547022555,0.8572597968801974,0.898020615508084,1.0,0.2147,0.7216610264676893,0.4365,1.0,0.8511522999372735,0.26027666303330516,0.7896516365787296,0.7440097229333974,0.8040788571561517,0.8121321694212904,0.9018548578151432,0.8093363123605064,0.9088956542544882,0.2147,0.7601781280200505,0.1913,0.8312351234996057,0.32856871920659547,0.803588711585093,0.9548749551240461,0.7503120221733958,0.4365,1.0,0.8270071208590981,0.3054805950393361,0.7444908097751459,0.7595061494764631,0.7926004495130066,0.8544595030082146,0.9229405084052522,0.8639218476304048,0.9846938784606754,0.5557,0.7912330853583909,0.1913,0.3084510198393367,0.8704859475115608,0.1913,0.7182156307583141,0.4365,1.0,0.29570324110437646,0.861830813419551,0.9302279840441492,0.2147,0.7728766960008208,0.1913,0.88818241507011,0.26966720018095036,0.7348765023694241,0.7976017140325491,0.15589502270101047,0.14918245739760796,0.1523827623149428,0.35203564157505685,0.15666735724342842,0.3419573738200406,0.15068078869279306,0.34380872869872814,0.1566864818209995,0.34269571853236735,0.1522471106531391,0.34940951825212824,0.35625222772192905,0.33916351186451527,0.15321707015715058,0.3576761785488457,0.15451032678574295,0.3451754374469959,0.35112153024707055,0.3406504256101033,0.3590886210170176,0.3457480990120701,0.3592296545871225,0.34130717588107473,0.15260043573992627,0.34739306197884673,0.34148525577016675,0.8163870877697713,0.8164083792152432,1.0,0.8800855292403925,0.3132,0.2147,0.1913,0.4365,0.4292,0.5557,0.7877771068410635,0.8461696662962515,1.0,0.9170771905762944,0.3132,0.2147,0.1913,0.1913,0.4292,0.4292,0.8611941281205913,0.8946996962710323,1.0,0.8812666676253356,0.2147,0.2147,0.1913,0.4365,0.4292,0.5557,0.8442736745761149,0.8108163549705558,1.0,1.0,0.3132,0.3132,0.1913,0.4365,0.9282700176015999,0.7723441008604428,1.0,0.9296805453209193,0.2147,0.2147,0.4365,0.4365,0.8724771348000445,0.9117121334422952,1.0,0.9292785770944669,0.2147,0.2147,0.1913,0.4365,0.9447518891120139,0.8956762643253089,1.0,0.9702511338704665,0.3132,0.1913,0.4365,0.4292,0.5557,0.878324471413386,0.8660771386186492,1.0,1.0,0.2147,0.3132,0.1913,0.4365,0.4292,0.4292,0.8378984540782033,0.8541591193019404,1.0,1.0,0.3132,0.2147,0.1913,0.4365,0.4292,0.5557,0.8484113997391471,0.7994009102768924,1.0,1.0,0.2147,0.3132,0.1913,0.1913,0.4292,0.5557,0.9257662220949546,0.7769127064007981,1.0,0.9938764590974998,0.3132,0.2147,0.4365,0.4365,0.5557,0.5557,0.8031091340863425,0.903788089855802,1.0,1.0,0.4365,0.5557,0.4292,0.777971488602279,0.7631101060057371,1.0,0.8939003491407166,0.2147,0.3132,0.1913,0.4365,0.5557,0.5557,0.7982593623363676,0.7578542498092791,1.0,1.0,0.2147,0.3132,0.4365,0.1913,0.7824545882867392,0.8880581744377186,1.0,0.9172170507319425,0.2147,0.2147,0.1913,0.4365,0.8114107482579533,0.7780226740330971,1.0,1.0,0.3132,0.3132,0.1913,0.4365,0.8909971438485333,0.856867574209446,1.0,0.9938510732034275,0.3132,0.2147,0.4365,0.1913,0.9562939573689897,0.7698558779462177,1.0,0.9353939366163782,0.3132,0.2147,0.4365,0.4365,0.9056888824404725,0.8235864579938681,1.0,0.985081188358501,0.3132,0.2147,0.4365,0.1913,0.9424778802532019,0.8635520828460196,1.0,0.9586415122307829,0.2147,0.3132,0.1913,0.4365,0.93129291035735,0.8634347188742254,1.0,1.0,0.3132,0.2147,0.4365,0.1913,0.5557,0.5557,0.8230861841865618,0.7852385176733814,1.0,0.9478280452000496,0.3132,0.3132,0.1913,0.1913,0.848212437536075,0.8760383726982299,1.0,0.9959656581793889,0.2147,0.2147,0.1913,0.1913,0.4292,0.4292,0.7742123032424997,0.9556207351207383,1.0,0.8836228792780096,0.3132,0.2147,0.1913,0.1913,0.855071643320369,0.8182154962443922,1.0,1.0,0.3132,0.3132,0.4365,0.4365,0.9091718177042698,0.9181733089294886,1.0,0.9281039303794324,0.2147,0.2147,0.1913,0.1913,0.9653295410936932,0.7605682094763705,1.0,1.0,0.3132,0.2147,0.1913,0.4365
,60,1.0,0.8448165732763006,0.8907944523990866,0.8553574585497359,0.9130000634427464,0.734469204397354,0.7802680606991144,0.2047,1.0,0.8390216027251101,0.28704785236771674,0.8448810333831384,0.8558075638701111,0.8689409977075365,0.8581758271947064,0.9956469214530543,0.3164,0.8476554434173668,0.391,1.0,0.8555228703454729,0.3252499225186315,0.7969088504252804,0.8951613391121006,0.9143837452465716,0.8888493093138664,0.9161614839929693,0.7596084797318017,1.0,0.4172,0.3164,0.7736090352701592,0.391,0.8183214728961399,0.32334603773845993,0.8565815980897558,0.8713784991411899,0.7953502350781116,0.8385862021689773,0.391,0.2820000763391201,0.7951566858608501,0.7885108493610766,1.0,0.26627064489832675,0.2278,0.2047,0.7771635616140226,0.26884846692817377,0.9450243483829455,0.8667397963471397,0.7974821588184233,1.0,0.6956391672537785,0.2047,1.0,0.7929304629225402,0.3014520946527693,0.8204009297879701,0.8152628784778748,0.8191178854226587,0.8175486606979374,0.8395968956456061,0.8361577895388845,1.0,0.3164,0.7087348579170407,0.2047,1.0,0.7902817316882291,0.32450621908484056,0.8037678887462638,0.8602169803834199,0.8648328530524936,0.7812839010232413,0.8965628633967856,0.7613483511780446,0.9968234754637387,0.2278,0.7280887563193461,0.2047,1.0,0.763570027308248,0.26351048830560936,0.8924550806327777,0.9056995081124359,0.9650878218722723,0.8610165355671039,0.9945609660932065,0.3164,0.6997500213393301,0.2047,1.0,0.8595448724650895,0.3093070525549003,0.8182239819124082,0.8470492816634295,0.908719953466946,0.9370020229150746,0.8301940802746754,0.8717420118861715,0.3164,0.8039724211727669,0.391,1.0,0.7841411837918075,0.895250250997049,0.8673969142803167,0.7990021652637188,0.9010983712842063,0.5034,0.8565242251393494,0.391,1.0,0.8697929200647603,0.7669882080949637,0.7969653639478486,0.8337198598737636,0.8774439789553372,0.9463380937789816,0.2278,0.849391419025156,0.391,1.0,0.740706354179264,0.26390711689837865,0.8205635378472979,0.8102445044053287,0.8725513563665636,0.9563922323578019,0.7319700329646917,0.2278,0.8725382854537326,0.2047,0.7944634268232229,0.801342774432317,0.2047,1.0,0.7486563767017196,0.27564548080136847,0.7811394012223374,0.8336747439808901,0.7515656410815087,0.2047,0.8962095150761168,0.3234243839483731,0.7859900560056792,0.9347791784629245,0.8536856340551386,0.8285945613502139,0.9930984981722387,0.3164,0.8791947074281312,0.391,0.2278,0.391,0.8411307131335157,0.9123883057298567,0.391,1.0,0.7863957524058214,0.32211697033843334,0.9129357920344329,0.85635376114942,0.8008263944900761,0.9373541547022555,0.8572597968801974,0.898020615508084,1.0,0.2278,0.7216610264676893,0.391,1.0,0.8511522999372735,0.26027666303330516,0.7896516365787296,0.7440097229333974,0.8040788571561517,0.8121321694212904,0.9018548578151432,0.8093363123605064,0.9088956542544882,0.2278,0.7601781280200505,0.2047,0.8312351234996057,0.32856871920659547,0.803588711585093,0.9548749551240461,0.7503120221733958,0.391,1.0,0.8270071208590981,0.3054805950393361,0.7444908097751459,0.7595061494764631,0.7926004495130066,0.8544595030082146,0.9229405084052522,0.8639218476304048,0.9846938784606754,0.5034,0.7912330853583909,0.2047,0.3084510198393367,0.8704859475115608,0.2047,0.7182156307583141,0.391,1.0,0.29570324110437646,0.861830813419551,0.9302279840441492,0.2278,0.7728766960008208,0.2047,0.88818241507011,0.26966720018095036,0.7348765023694241,0.7976017140325491,0.16681500860897464,0.15963224793147074,0.16305672475624042,0.31534005923447245,0.16764144290501726,0.3063123325627397,0.16123553290859768,0.30797070543230864,0.1676619071027632,0.30697371350780217,0.16291157109617133,0.31298767843432335,0.319117115782988,0.3038096979130022,0.1639494733986865,0.3203926364549798,0.16533331883450905,0.3091949508402644,0.3145212332797356,0.3051416183586492,0.3216578483795049,0.3097079191608692,0.32178418085581884,0.30572991012485734,0.1632896455617507,0.31118141405207117,0.3058894272763693,0.8163870877697713,0.8164083792152432,1.0,0.8800855292403925,0.3164,0.2278,0.2047,0.391,0.4172,0.5034,0.7877771068410635,0.8461696662962515,1.0,0.9170771905762944,0.3164,0.2278,0.2047,0.2047,0.4172,0.4172,0.8611941281205913,0.8946996962710323,1.0,0.8812666676253356,0.2278,0.2278,0.2047,0.391,0.4172,0.5034,0.8442736745761149,0.8108163549705558,1.0,1.0,0.3164,0.3164,0.2047,0.391,0.9282700176015999,0.7723441008604428,1.0,0.9296805453209193,0.2278,0.2278,0.391,0.391,0.8724771348000445,0.9117121334422952,1.0,0.9292785770944669,0.2278,0.2278,0.2047,0.391,0.9447518891120139,0.8956762643253089,1.0,0.9702511338704665,0.3164,0.2047,0.391,0.4172,0.5034,0.878324471413386,0.8660771386186492,1.0,1.0,0.2278,0.3164,0.2047,0.391,0.4172,0.4172,0.8378984540782033,0.8541591193019404,1.0,1.0,0.3164,0.2278,0.2047,0.391,0.4172,0.5034,0.8484113997391471,0.7994009102768924,1.0,1.0,0.2278,0.3164,0.2047,0.2047,0.4172,0.5034,0.9257662220949546,0.7769127064007981,1.0,0.9938764590974998,0.3164,0.2278,0.391,0.391,0.5034,0.5034,0.8031091340863425,0.903788089855802,1.0,1.0,0.391,0.5034,0.4172,0.777971488602279,0.7631101060057371,1.0,0.8939003491407166,0.2278,0.3164,0.2047,0.391,0.5034,0.5034,0.7982593623363676,0.7578542498092791,1.0,1.0,0.2278,0.3164,0.391,0.2047,0.7824545882867392,0.8880581744377186,1.0,0.9172170507319425,0.2278,0.2278,0.2047,0.391,0.8114107482579533,0.7780226740330971,1.0,1.0,0.3164,0.3164,0.2047,0.391,0.8909971438485333,0.856867574209446,1.0,0.9938510732034275,0.3164,0.2278,0.391,0.2047,0.9562939573689897,0.7698558779462177,1.0,0.9353939366163782,0.3164,0.2278,0.391,0.391,0.9056888824404725,0.8235864579938681,1.0,0.985081188358501,0.3164,0.2278,0.391,0.2047,0.9424778802532019,0.8635520828460196,1.0,0.9586415122307829,0.2278,0.3164,0.2047,0.391,0.93129291035735,0.8634347188742254,1.0,1.0,0.3164,0.2278,0.391,0.2047,0.5034,0.5034,0.8230861841865618,0.7852385176733814,1.0,0.9478280452000496,0.3164,0.3164,0.2047,0.2047,0.848212437536075,0.8760383726982299,1.0,0.9959656581793889,0.2278,0.2278,0.2047,0.2047,0.4172,0.4172,0.7742123032424997,0.9556207351207383,1.0,0.8836228792780096,0.3164,0.2278,0.2047,0.2047,0.855071643320369,0.8182154962443922,1.0,1.0,0.3164,0.3164,0.391,0.391,0.9091718177042698,0.9181733089294886,1.0,0.9281039303794324,0.2278,0.2278,0.2047,0.2047,0.9653295410936932,0.7605682094763705,1.0,1.0,0.3164,0.2278,0.2047,0.391
,61,1.0,0.8448165732763006,0.8907944523990866,0.8553574585497359,0.9130000634427464,0.734469204397354,0.7802680606991144,0.2039,1.0,0.8390216027251101,0.28704785236771674,0.8448810333831384,0.8558075638701111,0.8689409977075365,0.8581758271947064,0.9956469214530543,0.3372,0.8476554434173668,0.3682,1.0,0.8555228703454729,0.3252499225186315,0.7969088504252804,0.8951613391121006,0.9143837452465716,0.8888493093138664,0.9161614839929693,0.7596084797318017,1.0,0.4224,0.3372,0.7736090352701592,0.3682,0.8183214728961399,0.32334603773845993,0.8565815980897558,0.8713784991411899,0.7953502350781116,0.8385862021689773,0.3682,0.2820000763391201,0.7951566858608501,0.7885108493610766,1.0,0.26627064489832675,0.2462,0.2039,0.7771635616140226,0.26884846692817377,0.9450243483829455,0.8667397963471397,0.7974821588184233,1.0,0.6956391672537785,0.2039,1.0,0.7929304629225402,0.3014520946527693,0.8204009297879701,0.8152628784778748,0.8191178854226587,0.8175486606979374,0.8395968956456061,0.8361577895388845,1.0,0.3372,0.7087348579170407,0.2039,1.0,0.7902817316882291,0.32450621908484056,0.8037678887462638,0.8602169803834199,0.8648328530524936,0.7812839010232413,0.8965628633967856,0.7613483511780446,0.9968234754637387,0.2462,0.7280887563193461,0.2039,1.0,0.763570027308248,0.26351048830560936,0.8924550806327777,0.9056995081124359,0.9650878218722723,0.8610165355671039,0.9945609660932065,0.3372,0.6997500213393301,0.2039,1.0,0.8595448724650895,0.3093070525549003,0.8182239819124082,0.8470492816634295,0.908719953466946,0.9370020229150746,0.8301940802746754,0.8717420118861715,0.3372,0.8039724211727669,0.3682,1.0,0.7841411837918075,0.895250250997049,0.8673969142803167,0.7990021652637188,0.9010983712842063,0.4722,0.8565242251393494,0.3682,1.0,0.8697929200647603,0.7669882080949637,0.7969653639478486,0.8337198598737636,0.8774439789553372,0.9463380937789816,0.2462,0.849391419025156,0.3682,1.0,0.740706354179264,0.26390711689837865,0.8205635378472979,0.8102445044053287,0.8725513563665636,0.9563922323578019,0.7319700329646917,0.2462,0.8725382854537326,0.2039,0.7944634268232229,0.801342774432317,0.2039,1.0,0.7486563767017196,0.27564548080136847,0.7811394012223374,0.8336747439808901,0.7515656410815087,0.2039,0.8962095150761168,0.3234243839483731,0.7859900560056792,0.9347791784629245,0.8536856340551386,0.8285945613502139,0.9930984981722387,0.3372,0.8791947074281312,0.3682,0.2462,0.3682,0.8411307131335157,0.9123883057298567,0.3682,1.0,0.7863957524058214,0.32211697033843334,0.9129357920344329,0.85635376114942,0.8008263944900761,0.9373541547022555,0.8572597968801974,0.898020615508084,1.0,0.2462,0.7216610264676893,0.3682,1.0,0.8511522999372735,0.26027666303330516,0.7896516365787296,0.7440097229333974,0.8040788571561517,0.8121321694212904,0.9018548578151432,0.8093363123605064,0.9088956542544882,0.2462,0.7601781280200505,0.2039,0.8312351234996057,0.32856871920659547,0.803588711585093,0.9548749551240461,0.7503120221733958,0.3682,1.0,0.8270071208590981,0.3054805950393361,0.7444908097751459,0.7595061494764631,0.7926004495130066,0.8544595030082146,0.9229405084052522,0.8639218476304048,0.9846938784606754,0.4722,0.7912330853583909,0.2039,0.3084510198393367,0.8704859475115608,0.2039,0.7182156307583141,0.3682,1.0,0.29570324110437646,0.861830813419551,0.9302279840441492,0.2462,0.7728766960008208,0.2039,0.88818241507011,0.26966720018095036,0.7348765023694241,0.7976017140325491,0.16616306915178272,0.15900837983989685,0.1624194732672077,0.2969519432484214,0.16698627361178808,0.28845064155908123,0.16060539892556458,0.29001231135594896,0.16700665783221016,0.2890734560449431,0.16227488689061717,0.29473673452562116,0.3005087519982,0.2860939405922441,0.1633087329066545,0.301709894482669,0.16468717005547825,0.2911651685406275,0.2961808646895106,0.2873481940656129,0.3029013293435645,0.2916482246420257,0.30302029511793477,0.28790218135031326,0.16265148378134328,0.2930357970689837,0.2880523967344225,0.8163870877697713,0.8164083792152432,1.0,0.8800855292403925,0.3372,0.2462,0.2039,0.3682,0.4224,0.4722,0.7877771068410635,0.8461696662962515,1.0,0.9170771905762944,0.3372,0.2462,0.2039,0.2039,0.4224,0.4224,0.8611941281205913,0.8946996962710323,1.0,0.8812666676253356,0.2462,0.2462,0.2039,0.3682,0.4224,0.4722,0.8442736745761149,0.8108163549705558,1.0,1.0,0.3372,0.3372,0.2039,0.3682,0.9282700176015999,0.7723441008604428,1.0,0.9296805453209193,0.2462,0.2462,0.3682,0.3682,0.8724771348000445,0.9117121334422952,1.0,0.9292785770944669,0.2462,0.2462,0.2039,0.3682,0.9447518891120139,0.8956762643253089,1.0,0.9702511338704665,0.3372,0.2039,0.3682,0.4224,0.4722,0.878324471413386,0.8660771386186492,1.0,1.0,0.2462,0.3372,0.2039,0.3682,0.4224,0.4224,0.8378984540782033,0.8541591193019404,1.0,1.0,0.3372,0.2462,0.2039,0.3682,0.4224,0.4722,0.8484113997391471,0.7994009102768924,1.0,1.0,0.2462,0.3372,0.2039,0.2039,0.4224,0.4722,0.9257662220949546,0.7769127064007981,1.0,0.9938764590974998,0.3372,0.2462,0.3682,0.3682,0.4722,0.4722,0.8031091340863425,0.903788089855802,1.0,1.0,0.3682,0.4722,0.4224,0.777971488602279,0.7631101060057371,1.0,0.8939003491407166,0.2462,0.3372,0.2039,0.3682,0.4722,0.4722,0.7982593623363676,0.7578542498092791,1.0,1.0,0.2462,0.3372,0.3682,0.2039,0.7824545882867392,0.8880581744377186,1.0,0.9172170507319425,0.2462,0.2462,0.2039,0.3682,0.8114107482579533,0.7780226740330971,1.0,1.0,0.3372,0.3372,0.2039,0.3682,0.8909971438485333,0.856867574209446,1.0,0.9938510732034275,0.3372,0.2462,0.3682,0.2039,0.9562939573689897,0.7698558779462177,1.0,0.9353939366163782,0.3372,0.2462,0.3682,0.3682,0.9056888824404725,0.8235864579938681,1.0,0.985081188358501,0.3372,0.2462,0.3682,0.2039,0.9424778802532019,0.8635520828460196,1.0,0.9586415122307829,0.2462,0.3372,0.2039,0.3682,0.93129291035735,0.8634347188742254,1.0,1.0,0.3372,0.2462,0.3682,0.2039,0.4722,0.4722,0.8230861841865618,0.7852385176733814,1.0,0.9478280452000496,0.3372,0.3372,0.2039,0.2039,0.848212437536075,0.8760383726982299,1.0,0.9959656581793889,0.2462,0.2462,0.2039,0.2039,0.4224,0.4224,0.7742123032424997,0.9556207351207383,1.0,0.8836228792780096,0.3372,0.2462,0.2039,0.2039,0.855071643320369,0.8182154962443922,1.0,1.0,0.3372,0.3372,0.3682,0.3682,0.9091718177042698,0.9181733089294886,1.0,0.9281039303794324,0.2462,0.2462,0.2039,0.2039,0.9653295410936932,0.7605682094763705,1.0,1.0,0.3372,0.2462,0.2039,0.3682
,62,1.0,0.8448165732763006,0.8907944523990866,0.8553574585497359,0.9130000634427464,0.734469204397354,0.7802680606991144,0.1757,1.0,0.8390216027251101,0.28704785236771674,0.8448810333831384,0.8558075638701111,0.8689409977075365,0.8581758271947064,0.9956469214530543,0.355,0.8476554434173668,0.3408,1.0,0.8555228703454729,0.3252499225186315,0.7969088504252804,0.8951613391121006,0.9143837452465716,0.8888493093138664,0.9161614839929693,0.7596084797318017,1.0,0.4421,0.355,0.7736090352701592,0.3408,0.8183214728961399,0.32334603773845993,0.8565815980897558,0.8713784991411899,0.7953502350781116,0.8385862021689773,0.3408,0.2820000763391201,0.7951566858608501,0.7885108493610766,1.0,0.26627064489832675,0.255,0.1757,0.7771635616140226,0.26884846692817377,0.9450243483829455,0.8667397963471397,0.7974821588184233,1.0,0.6956391672537785,0.1757,1.0,0.7929304629225402,0.3014520946527693,0.8204009297879701,0.8152628784778748,0.8191178854226587,0.8175486606979374,0.8395968956456061,0.8361577895388845,1.0,0.355,0.7087348579170407,0.1757,1.0,0.7902817316882291,0.32450621908484056,0.8037678887462638,0.8602169803834199,0.8648328530524936,0.7812839010232413,0.8965628633967856,0.7613483511780446,0.9968234754637387,0.255,0.7280887563193461,0.1757,1.0,0.763570027308248,0.26351048830560936,0.8924550806327777,0.9056995081124359,0.9650878218722723,0.8610165355671039,0.9945609660932065,0.355,0.6997500213393301,0.1757,1.0,0.8595448724650895,0.3093070525549003,0.8182239819124082,0.8470492816634295,0.908719953466946,0.9370020229150746,0.8301940802746754,0.8717420118861715,0.355,0.8039724211727669,0.3408,1.0,0.7841411837918075,0.895250250997049,0.8673969142803167,0.7990021652637188,0.9010983712842063,0.4578,0.8565242251393494,0.3408,1.0,0.8697929200647603,0.7669882080949637,0.7969653639478486,0.8337198598737636,0.8774439789553372,0.9463380937789816,0.255,0.849391419025156,0.3408,1.0,0.740706354179264,0.26390711689837865,0.8205635378472979,0.8102445044053287,0.8725513563665636,0.9563922323578019,0.7319700329646917,0.255,0.8725382854537326,0.1757,0.7944634268232229,0.801342774432317,0.1757,1.0,0.7486563767017196,0.27564548080136847,0.7811394012223374,0.8336747439808901,0.7515656410815087,0.1757,0.8962095150761168,0.3234243839483731,0.7859900560056792,0.9347791784629245,0.8536856340551386,0.8285945613502139,0.9930984981722387,0.355,0.8791947074281312,0.3408,0.255,0.3408,0.8411307131335157,0.9123883057298567,0.3408,1.0,0.7863957524058214,0.32211697033843334,0.9129357920344329,0.85635376114942,0.8008263944900761,0.9373541547022555,0.8572597968801974,0.898020615508084,1.0,0.255,0.7216610264676893,0.3408,1.0,0.8511522999372735,0.26027666303330516,0.7896516365787296,0.7440097229333974,0.8040788571561517,0.8121321694212904,0.9018548578151432,0.8093363123605064,0.9088956542544882,0.255,0.7601781280200505,0.1757,0.8312351234996057,0.32856871920659547,0.803588711585093,0.9548749551240461,0.7503120221733958,0.3408,1.0,0.8270071208590981,0.3054805950393361,0.7444908097751459,0.7595061494764631,0.7926004495130066,0.8544595030082146,0.9229405084052522,0.8639218476304048,0.9846938784606754,0.4578,0.7912330853583909,0.1757,0.3084510198393367,0.8704859475115608,0.1757,0.7182156307583141,0.3408,1.0,0.29570324110437646,0.861830813419551,0.9302279840441492,0.255,0.7728766960008208,0.1757,0.88818241507011,0.26966720018095036,0.7348765023694241,0.7976017140325491,0.1431822032857686,0.13701702961191697,0.13995635827880526,0.27485394421255294,0.14389155602545933,0.2669852760546846,0.13839317602364734,0.2684307325097974,0.14390912104521492,0.26756174312905107,0.1398317686448329,0.2728035826353386,0.27814606920420026,0.26480395153133285,0.14072263056252668,0.2792578273755936,0.1419104255946421,0.26949779858404627,0.2741402462959946,0.26596486838012184,0.28036060032668864,0.269944907544819,0.2804707131346881,0.26647763010371195,0.1401562810219814,0.2712292222735188,0.2666166670480477,0.8163870877697713,0.8164083792152432,1.0,0.8800855292403925,0.355,0.255,0.1757,0.3408,0.4421,0.4578,0.7877771068410635,0.8461696662962515,1.0,0.9170771905762944,0.355,0.255,0.1757,0.1757,0.4421,0.4421,0.8611941281205913,0.8946996962710323,1.0,0.8812666676253356,0.255,0.255,0.1757,0.3408,0.4421,0.4578,0.8442736745761149,0.8108163549705558,1.0,1.0,0.355,0.355,0.1757,0.3408,0.9282700176015999,0.7723441008604428,1.0,0.9296805453209193,0.255,0.255,0.3408,0.3408,0.8724771348000445,0.9117121334422952,1.0,0.9292785770944669,0.255,0.255,0.1757,0.3408,0.9447518891120139,0.8956762643253089,1.0,0.9702511338704665,0.355,0.1757,0.3408,0.4421,0.4578,0.878324471413386,0.8660771386186492,1.0,1.0,0.255,0.355,0.1757,0.3408,0.4421,0.4421,0.8378984540782033,0.8541591193019404,1.0,1.0,0.355,0.255,0.1757,0.3408,0.4421,0.4578,0.8484113997391471,0.7994009102768924,1.0,1.0,0.255,0.355,0.1757,0.1757,0.4421,0.4578,0.9257662220949546,0.7769127064007981,1.0,0.9938764590974998,0.355,0.255,0.3408,0.3408,0.4578,0.4578,0.8031091340863425,0.903788089855802,1.0,1.0,0.3408,0.4578,0.4421,0.777971488602279,0.7631101060057371,1.0,0.8939003491407166,0.255,0.355,0.1757,0.3408,0.4578,0.4578,0.7982593623363676,0.7578542498092791,1.0,1.0,0.255,0.355,0.3408,0.1757,0.7824545882867392,0.8880581744377186,1.0,0.9172170507319425,0.255,0.255,0.1757,0.3408,0.8114107482579533,0.7780226740330971,1.0,1.0,0.355,0.355,0.1757,0.3408,0.8909971438485333,0.856867574209446,1.0,0.9938510732034275,0.355,0.255,0.3408,0.1757,0.9562939573689897,0.7698558779462177,1.0,0.9353939366163782,0.355,0.255,0.3408,0.3408,0.9056888824404725,0.8235864579938681,1.0,0.985081188358501,0.355,0.255,0.3408,0.1757,0.9424778802532019,0.8635520828460196,1.0,0.9586415122307829,0.255,0.355,0.1757,0.3408,0.93129291035735,0.8634347188742254,1.0,1.0,0.355,0.255,0.3408,0.1757,0.4578,0.4578,0.8230861841865618,0.7852385176733814,1.0,0.9478280452000496,0.355,0.355,0.1757,0.1757,0.848212437536075,0.8760383726982299,1.0,0.9959656581793889,0.255,0.255,0.1757,0.1757,0.4421,0.4421,0.7742123032424997,0.9556207351207383,1.0,0.8836228792780096,0.355,0.255,0.1757,0.1757,0.855071643320369,0.8182154962443922,1.0,1.0,0.355,0.355,0.3408,0.3408,0.9091718177042698,0.9181733089294886,1.0,0.9281039303794324,0.255,0.255,0.1757,0.1757,0.9653295410936932,0.7605682094763705,1.0,1.0,0.355,0.255,0.1757,0.3408
,63,1.0,0.8448165732763006,0.8907944523990866,0.8553574585497359,0.9130000634427464,0.734469204397354,0.7802680606991144,0.1478,1.0,0.8390216027251101,0.28704785236771674,0.8448810333831384,0.8558075638701111,0.8689409977075365,0.8581758271947064,0.9956469214530543,0.3582,0.8476554434173668,0.2942,1.0,0.8555228703454729,0.3252499225186315,0.7969088504252804,0.8951613391121006,0.9143837452465716,0.8888493093138664,0.9161614839929693,0.7596084797318017,1.0,0.4634,0.3582,0.7736090352701592,0.2942,0.8183214728961399,0.32334603773845993,0.8565815980897558,0.8713784991411899,0.7953502350781116,0.8385862021689773,0.2942,0.2820000763391201,0.7951566858608501,0.7885108493610766,1.0,0.26627064489832675,0.2603,0.1478,0.7771635616140226,0.26884846692817377,0.9450243483829455,0.8667397963471397,0.7974821588184233,1.0,0.6956391672537785,0.1478,1.0,0.7929304629225402,0.3014520946527693,0.8204009297879701,0.8152628784778748,0.8191178854226587,0.8175486606979374,0.8395968956456061,0.8361577895388845,1.0,0.3582,0.7087348579170407,0.1478,1.0,0.7902817316882291,0.32450621908484056,0.8037678887462638,0.8602169803834199,0.8648328530524936,0.7812839010232413,0.8965628633967856,0.7613483511780446,0.9968234754637387,0.2603,0.7280887563193461,0.1478,1.0,0.763570027308248,0.26351048830560936,0.8924550806327777,0.9056995081124359,0.9650878218722723,0.8610165355671039,0.9945609660932065,0.3582,0.6997500213393301,0.1478,1.0,0.8595448724650895,0.3093070525549003,0.8182239819124082,0.8470492816634295,0.908719953466946,0.9370020229150746,0.8301940802746754,0.8717420118861715,0.3582,0.8039724211727669,0.2942,1.0,0.7841411837918075,0.895250250997049,0.8673969142803167,0.7990021652637188,0.9010983712842063,0.4558,0.8565242251393494,0.2942,1.0,0.8697929200647603,0.7669882080949637,0.7969653639478486,0.8337198598737636,0.8774439789553372,0.9463380937789816,0.2603,0.849391419025156,0.2942,1.0,0.740706354179264,0.26390711689837865,0.8205635378472979,0.8102445044053287,0.8725513563665636,0.9563922323578019,0.7319700329646917,0.2603,0.8725382854537326,0.1478,0.7944634268232229,0.801342774432317,0.1478,1.0,0.7486563767017196,0.27564548080136847,0.7811394012223374,0.8336747439808901,0.7515656410815087,0.1478,0.8962095150761168,0.3234243839483731,0.7859900560056792,0.9347791784629245,0.8536856340551386,0.8285945613502139,0.9930984981722387,0.3582,0.8791947074281312,0.2942,0.2603,0.2942,0.8411307131335157,0.9123883057298567,0.2942,1.0,0.7863957524058214,0.32211697033843334,0.9129357920344329,0.85635376114942,0.8008263944900761,0.9373541547022555,0.8572597968801974,0.898020615508084,1.0,0.2603,0.7216610264676893,0.2942,1.0,0.8511522999372735,0.26027666303330516,0.7896516365787296,0.7440097229333974,0.8040788571561517,0.8121321694212904,0.9018548578151432,0.8093363123605064,0.9088956542544882,0.2603,0.7601781280200505,0.1478,0.8312351234996057,0.32856871920659547,0.803588711585093,0.9548749551240461,0.7503120221733958,0.2942,1.0,0.8270071208590981,0.3054805950393361,0.7444908097751459,0.7595061494764631,0.7926004495130066,0.8544595030082146,0.9229405084052522,0.8639218476304048,0.9846938784606754,0.4558,0.7912330853583909,0.1478,0.3084510198393367,0.8704859475115608,0.1478,0.7182156307583141,0.2942,1.0,0.29570324110437646,0.861830813419551,0.9302279840441492,0.2603,0.7728766960008208,0.1478,0.88818241507011,0.26966720018095036,0.7348765023694241,0.7976017140325491,0.1204458147162015,0.11525962991827735,0.11773221259879008,0.23727121592527314,0.12104252692409159,0.2304784865472072,0.11641725336536754,0.23172629549407978,0.12105730273467709,0.23097612919180407,0.1176274069761315,0.23550121482193845,0.24011318532827383,0.22859542998978324,0.1183768059029109,0.24107292492341448,0.11937598692594253,0.2326474540593498,0.2366551069843944,0.22959760644786342,0.2420249079111262,0.2330334266422704,0.24211996421427595,0.23004025462591565,0.11790038893027235,0.2341421279133487,0.23016028006319145,0.8163870877697713,0.8164083792152432,1.0,0.8800855292403925,0.3582,0.2603,0.1478,0.2942,0.4634,0.4558,0.7877771068410635,0.8461696662962515,1.0,0.9170771905762944,0.3582,0.2603,0.1478,0.1478,0.4634,0.4634,0.8611941281205913,0.8946996962710323,1.0,0.8812666676253356,0.2603,0.2603,0.1478,0.2942,0.4634,0.4558,0.8442736745761149,0.8108163549705558,1.0,1.0,0.3582,0.3582,0.1478,0.2942,0.9282700176015999,0.7723441008604428,1.0,0.9296805453209193,0.2603,0.2603,0.2942,0.2942,0.8724771348000445,0.9117121334422952,1.0,0.9292785770944669,0.2603,0.2603,0.1478,0.2942,0.9447518891120139,0.8956762643253089,1.0,0.9702511338704665,0.3582,0.1478,0.2942,0.4634,0.4558,0.878324471413386,0.8660771386186492,1.0,1.0,0.2603,0.3582,0.1478,0.2942,0.4634,0.4634,0.8378984540782033,0.8541591193019404,1.0,1.0,0.3582,0.2603,0.1478,0.2942,0.4634,0.4558,0.8484113997391471,0.7994009102768924,1.0,1.0,0.2603,0.3582,0.1478,0.1478,0.4634,0.4558,0.9257662220949546,0.7769127064007981,1.0,0.9938764590974998,0.3582,0.2603,0.2942,0.2942,0.4558,0.4558,0.8031091340863425,0.903788089855802,1.0,1.0,0.2942,0.4558,0.4634,0.777971488602279,0.7631101060057371,1.0,0.8939003491407166,0.2603,0.3582,0.1478,0.2942,0.4558,0.4558,0.7982593623363676,0.7578542498092791,1.0,1.0,0.2603,0.3582,0.2942,0.1478,0.7824545882867392,0.8880581744377186,1.0,0.9172170507319425,0.2603,0.2603,0.1478,0.2942,0.8114107482579533,0.7780226740330971,1.0,1.0,0.3582,0.3582,0.1478,0.2942,0.8909971438485333,0.856867574209446,1.0,0.9938510732034275,0.3582,0.2603,0.2942,0.1478,0.9562939573689897,0.7698558779462177,1.0,0.9353939366163782,0.3582,0.2603,0.2942,0.2942,0.9056888824404725,0.8235864579938681,1.0,0.985081188358501,0.3582,0.2603,0.2942,0.1478,0.9424778802532019,0.8635520828460196,1.0,0.9586415122307829,0.2603,0.3582,0.1478,0.2942,0.93129291035735,0.8634347188742254,1.0,1.0,0.3582,0.2603,0.2942,0.1478,0.4558,0.4558,0.8230861841865618,0.7852385176733814,1.0,0.9478280452000496,0.3582,0.3582,0.1478,0.1478,0.848212437536075,0.8760383726982299,1.0,0.9959656581793889,0.2603,0.2603,0.1478,0.1478,0.4634,0.4634,0.7742123032424997,0.9556207351207383,1.0,0.8836228792780096,0.3582,0.2603,0.1478,0.1478,0.855071643320369,0.8182154962443922,1.0,1.0,0.3582,0.3582,0.2942,0.2942,0.9091718177042698,0.9181733089294886,1.0,0.9281039303794324,0.2603,0.2603,0.1478,0.1478,0.9653295410936932,0.7605682094763705,1.0,1.0,0.3582,0.2603,0.1478,0.2942
,64,1.0,0.8448165732763006,0.8907944523990866,0.8553574585497359,0.9130000634427464,0.734469204397354,0.7802680606991144,0.1197,1.0,0.8390216027251101,0.28704785236771674,0.8448810333831384,0.8558075638701111,0.8689409977075365,0.8581758271947064,0.9956469214530543,0.3506,0.8476554434173668,0.215,1.0,0.8555228703454729,0.3252499225186315,0.7969088504252804,0.8951613391121006,0.9143837452465716,0.8888493093138664,0.9161614839929693,0.7596084797318017,1.0,0.4946,0.3506,0.7736090352701592,0.215,0.8183214728961399,0.32334603773845993,0.8565815980897558,0.8713784991411899,0.7953502350781116,0.8385862021689773,0.215,0.2820000763391201,0.7951566858608501,0.7885108493610766,1.0,0.26627064489832675,0.2551,0.1197,0.7771635616140226,0.26884846692817377,0.9450243483829455,0.8667397963471397,0.7974821588184233,1.0,0.6956391672537785,0.1197,1.0,0.7929304629225402,0.3014520946527693,0.8204009297879701,0.8152628784778748,0.8191178854226587,0.8175486606979374,0.8395968956456061,0.8361577895388845,1.0,0.3506,0.7087348579170407,0.1197,1.0,0.7902817316882291,0.32450621908484056,0.8037678887462638,0.8602169803834199,0.8648328530524936,0.7812839010232413,0.8965628633967856,0.7613483511780446,0.9968234754637387,0.2551,0.7280887563193461,0.1197,1.0,0.763570027308248,0.26351048830560936,0.8924550806327777,0.9056995081124359,0.9650878218722723,0.8610165355671039,0.9945609660932065,0.3506,0.6997500213393301,0.1197,1.0,0.8595448724650895,0.3093070525549003,0.8182239819124082,0.8470492816634295,0.908719953466946,0.9370020229150746,0.8301940802746754,0.8717420118861715,0.3506,0.8039724211727669,0.215,1.0,0.7841411837918075,0.895250250997049,0.8673969142803167,0.7990021652637188,0.9010983712842063,0.4622,0.8565242251393494,0.215,1.0,0.8697929200647603,0.7669882080949637,0.7969653639478486,0.8337198598737636,0.8774439789553372,0.9463380937789816,0.2551,0.849391419025156,0.215,1.0,0.740706354179264,0.26390711689837865,0.8205635378472979,0.8102445044053287,0.8725513563665636,0.9563922323578019,0.7319700329646917,0.2551,0.8725382854537326,0.1197,0.7944634268232229,0.801342774432317,0.1197,1.0,0.7486563767017196,0.27564548080136847,0.7811394012223374,0.8336747439808901,0.7515656410815087,0.1197,0.8962095150761168,0.3234243839483731,0.7859900560056792,0.9347791784629245,0.8536856340551386,0.8285945613502139,0.9930984981722387,0.3506,0.8791947074281312,0.215,0.2551,0.215,0.8411307131335157,0.9123883057298567,0.215,1.0,0.7863957524058214,0.32211697033843334,0.9129357920344329,0.85635376114942,0.8008263944900761,0.9373541547022555,0.8572597968801974,0.898020615508084,1.0,0.2551,0.7216610264676893,0.215,1.0,0.8511522999372735,0.26027666303330516,0.7896516365787296,0.7440097229333974,0.8040788571561517,0.8121321694212904,0.9018548578151432,0.8093363123605064,0.9088956542544882,0.2551,0.7601781280200505,0.1197,0.8312351234996057,0.32856871920659547,0.803588711585093,0.9548749551240461,0.7503120221733958,0.215,1.0,0.8270071208590981,0.3054805950393361,0.7444908097751459,0.7595061494764631,0.7926004495130066,0.8544595030082146,0.9229405084052522,0.8639218476304048,0.9846938784606754,0.4622,0.7912330853583909,0.1197,0.3084510198393367,0.8704859475115608,0.1197,0.7182156307583141,0.215,1.0,0.29570324110437646,0.861830813419551,0.9302279840441492,0.2551,0.7728766960008208,0.1197,0.88818241507011,0.26966720018095036,0.7348765023694241,0.7976017140325491,0.0975464412823364,0.09334626320174426,0.09534875404651674,0.17339670776320099,0.09802970549941654,0.16843261253449882,0.09428379721132948,0.16934450554461983,0.09804167210650101,0.16879628747871472,0.09526387425604156,0.17210319913907807,0.17547360586532587,0.16705648350714955,0.09587079612028712,0.17617497912486102,0.09668001106248526,0.17001768396587427,0.17294645819729706,0.16778886942994778,0.17687068389154362,0.170299750945235,0.17694015059846815,0.16811235467223612,0.09548495639346145,0.1711099847089394,0.168200068706955,0.8163870877697713,0.8164083792152432,1.0,0.8800855292403925,0.3506,0.2551,0.1197,0.215,0.4946,0.4622,0.7877771068410635,0.8461696662962515,1.0,0.9170771905762944,0.3506,0.2551,0.1197,0.1197,0.4946,0.4946,0.8611941281205913,0.8946996962710323,1.0,0.8812666676253356,0.2551,0.2551,0.1197,0.215,0.4946,0.4622,0.8442736745761149,0.8108163549705558,1.0,1.0,0.3506,0.3506,0.1197,0.215,0.9282700176015999,0.7723441008604428,1.0,0.9296805453209193,0.2551,0.2551,0.215,0.215,0.8724771348000445,0.9117121334422952,1.0,0.9292785770944669,0.2551,0.2551,0.1197,0.215,0.9447518891120139,0.8956762643253089,1.0,0.9702511338704665,0.3506,0.1197,0.215,0.4946,0.4622,0.878324471413386,0.8660771386186492,1.0,1.0,0.2551,0.3506,0.1197,0.215,0.4946,0.4946,0.8378984540782033,0.8541591193019404,1.0,1.0,0.3506,0.2551,0.1197,0.215,0.4946,0.4622,0.8484113997391471,0.7994009102768924,1.0,1.0,0.2551,0.3506,0.1197,0.1197,0.4946,0.4622,0.9257662220949546,0.7769127064007981,1.0,0.9938764590974998,0.3506,0.2551,0.215,0.215,0.4622,0.4622,0.8031091340863425,0.903788089855802,1.0,1.0,0.215,0.4622,0.4946,0.777971488602279,0.7631101060057371,1.0,0.8939003491407166,0.2551,0.3506,0.1197,0.215,0.4622,0.4622,0.7982593623363676,0.7578542498092791,1.0,1.0,0.2551,0.3506,0.215,0.1197,0.7824545882867392,0.8880581744377186,1.0,0.9172170507319425,0.2551,0.2551,0.1197,0.215,0.8114107482579533,0.7780226740330971,1.0,1.0,0.3506,0.3506,0.1197,0.215,0.8909971438485333,0.856867574209446,1.0,0.9938510732034275,0.3506,0.2551,0.215,0.1197,0.9562939573689897,0.7698558779462177,1.0,0.9353939366163782,0.3506,0.2551,0.215,0.215,0.9056888824404725,0.8235864579938681,1.0,0.985081188358501,0.3506,0.2551,0.215,0.1197,0.9424778802532019,0.8635520828460196,1.0,0.9586415122307829,0.2551,0.3506,0.1197,0.215,0.93129291035735,0.8634347188742254,1.0,1.0,0.3506,0.2551,0.215,0.1197,0.4622,0.4622,0.8230861841865618,0.7852385176733814,1.0,0.9478280452000496,0.3506,0.3506,0.1197,0.1197,0.848212437536075,0.8760383726982299,1.0,0.9959656581793889,0.2551,0.2551,0.1197,0.1197,0.4946,0.4946,0.7742123032424997,0.9556207351207383,1.0,0.8836228792780096,0.3506,0.2551,0.1197,0.1197,0.855071643320369,0.8182154962443922,1.0,1.0,0.3506,0.3506,0.215,0.215,0.9091718177042698,0.9181733089294886,1.0,0.9281039303794324,0.2551,0.2551,0.1197,0.1197,0.9653295410936932,0.7605682094763705,1.0,1.0,0.3506,0.2551,0.1197,0.215
,65,1.0,0.8448165732763006,0.8907944523990866,0.8553574585497359,0.9130000634427464,0.734469204397354,0.7802680606991144,0.03604,1.0,0.8390216027251101,0.28704785236771674,0.8448810333831384,0.8558075638701111,0.8689409977075365,0.8581758271947064,0.9956469214530543,0.4268,0.8476554434173668,0.0674,1.0,0.8555228703454729,0.3252499225186315,0.7969088504252804,0.8951613391121006,0.9143837452465716,0.8888493093138664,0.9161614839929693,0.7596084797318017,1.0,0.5273,0.4268,0.7736090352701592,0.0674,0.8183214728961399,0.32334603773845993,0.8565815980897558,0.8713784991411899,0.7953502350781116,0.8385862021689773,0.0674,0.2820000763391201,0.7951566858608501,0.7885108493610766,1.0,0.26627064489832675,0.2512,0.03604,0.7771635616140226,0.26884846692817377,0.9450243483829455,0.8667397963471397,0.7974821588184233,1.0,0.6956391672537785,0.03604,1.0,0.7929304629225402,0.3014520946527693,0.8204009297879701,0.8152628784778748,0.8191178854226587,0.8175486606979374,0.8395968956456061,0.8361577895388845,1.0,0.4268,0.7087348579170407,0.03604,1.0,0.7902817316882291,0.32450621908484056,0.8037678887462638,0.8602169803834199,0.8648328530524936,0.7812839010232413,0.8965628633967856,0.7613483511780446,0.9968234754637387,0.2512,0.7280887563193461,0.03604,1.0,0.763570027308248,0.26351048830560936,0.8924550806327777,0.9056995081124359,0.9650878218722723,0.8610165355671039,0.9945609660932065,0.4268,0.6997500213393301,0.03604,1.0,0.8595448724650895,0.3093070525549003,0.8182239819124082,0.8470492816634295,0.908719953466946,0.9370020229150746,0.8301940802746754,0.8717420118861715,0.4268,0.8039724211727669,0.0674,1.0,0.7841411837918075,0.895250250997049,0.8673969142803167,0.7990021652637188,0.9010983712842063,0.489,0.8565242251393494,0.0674,1.0,0.8697929200647603,0.7669882080949637,0.7969653639478486,0.8337198598737636,0.8774439789553372,0.9463380937789816,0.2512,0.849391419025156,0.0674,1.0,0.740706354179264,0.26390711689837865,0.8205635378472979,0.8102445044053287,0.8725513563665636,0.9563922323578019,0.7319700329646917,0.2512,0.8725382854537326,0.03604,0.7944634268232229,0.801342774432317,0.03604,1.0,0.7486563767017196,0.27564548080136847,0.7811394012223374,0.8336747439808901,0.7515656410815087,0.03604,0.8962095150761168,0.3234243839483731,0.7859900560056792,0.9347791784629245,0.8536856340551386,0.8285945613502139,0.9930984981722387,0.4268,0.8791947074281312,0.0674,0.2512,0.0674,0.8411307131335157,0.9123883057298567,0.0674,1.0,0.7863957524058214,0.32211697033843334,0.9129357920344329,0.85635376114942,0.8008263944900761,0.9373541547022555,0.8572597968801974,0.898020615508084,1.0,0.2512,0.7216610264676893,0.0674,1.0,0.8511522999372735,0.26027666303330516,0.7896516365787296,0.7440097229333974,0.8040788571561517,0.8121321694212904,0.9018548578151432,0.8093363123605064,0.9088956542544882,0.2512,0.7601781280200505,0.03604,0.8312351234996057,0.32856871920659547,0.803588711585093,0.9548749551240461,0.7503120221733958,0.0674,1.0,0.8270071208590981,0.3054805950393361,0.7444908097751459,0.7595061494764631,0.7926004495130066,0.8544595030082146,0.9229405084052522,0.8639218476304048,0.9846938784606754,0.489,0.7912330853583909,0.03604,0.3084510198393367,0.8704859475115608,0.03604,0.7182156307583141,0.0674,1.0,0.29570324110437646,0.861830813419551,0.9302279840441492,0.2512,0.7728766960008208,0.03604,0.88818241507011,0.26966720018095036,0.7348765023694241,0.7976017140325491,0.029369872546494605,0.028105257525404034,0.028708179580922834,0.05435785164297556,0.029515376659974706,0.05280166551081497,0.028387535935641726,0.05308753336608082,0.029518979638415176,0.05291567337704824,0.02868262346021502,0.05395235173011098,0.05500893504801379,0.0523702650622413,0.028865359166041337,0.05522880740937503,0.02910900249533809,0.053298566973488025,0.05421670363952475,0.05259985953292316,0.05544690276413972,0.053386991691669015,0.055468679769008156,0.052701268394924256,0.028749188207354642,0.05364099055526751,0.05272876572487798,0.8163870877697713,0.8164083792152432,1.0,0.8800855292403925,0.4268,0.2512,0.03604,0.0674,0.5273,0.489,0.7877771068410635,0.8461696662962515,1.0,0.9170771905762944,0.4268,0.2512,0.03604,0.03604,0.5273,0.5273,0.8611941281205913,0.8946996962710323,1.0,0.8812666676253356,0.2512,0.2512,0.03604,0.0674,0.5273,0.489,0.8442736745761149,0.8108163549705558,1.0,1.0,0.4268,0.4268,0.03604,0.0674,0.9282700176015999,0.7723441008604428,1.0,0.9296805453209193,0.2512,0.2512,0.0674,0.0674,0.8724771348000445,0.9117121334422952,1.0,0.9292785770944669,0.2512,0.2512,0.03604,0.0674,0.9447518891120139,0.8956762643253089,1.0,0.9702511338704665,0.4268,0.03604,0.0674,0.5273,0.489,0.878324471413386,0.8660771386186492,1.0,1.0,0.2512,0.4268,0.03604,0.0674,0.5273,0.5273,0.8378984540782033,0.8541591193019404,1.0,1.0,0.4268,0.2512,0.03604,0.0674,0.5273,0.489,0.8484113997391471,0.7994009102768924,1.0,1.0,0.2512,0.4268,0.03604,0.03604,0.5273,0.489,0.9257662220949546,0.7769127064007981,1.0,0.9938764590974998,0.4268,0.2512,0.0674,0.0674,0.489,0.489,0.8031091340863425,0.903788089855802,1.0,1.0,0.0674,0.489,0.5273,0.777971488602279,0.7631101060057371,1.0,0.8939003491407166,0.2512,0.4268,0.03604,0.0674,0.489,0.489,0.7982593623363676,0.7578542498092791,1.0,1.0,0.2512,0.4268,0.0674,0.03604,0.7824545882867392,0.8880581744377186,1.0,0.9172170507319425,0.2512,0.2512,0.03604,0.0674,0.8114107482579533,0.7780226740330971,1.0,1.0,0.4268,0.4268,0.03604,0.0674,0.8909971438485333,0.856867574209446,1.0,0.9938510732034275,0.4268,0.2512,0.0674,0.03604,0.9562939573689897,0.7698558779462177,1.0,0.9353939366163782,0.4268,0.2512,0.0674,0.0674,0.9056888824404725,0.8235864579938681,1.0,0.985081188358501,0.4268,0.2512,0.0674,0.03604,0.9424778802532019,0.8635520828460196,1.0,0.9586415122307829,0.2512,0.4268,0.03604,0.0674,0.93129291035735,0.8634347188742254,1.0,1.0,0.4268,0.2512,0.0674,0.03604,0.489,0.489,0.8230861841865618,0.7852385176733814,1.0,0.9478280452000496,0.4268,0.4268,0.03604,0.03604,0.848212437536075,0.8760383726982299,1.0,0.9959656581793889,0.2512,0.2512,0.03604,0.03604,0.5273,0.5273,0.7742123032424997,0.9556207351207383,1.0,0.8836228792780096,0.4268,0.2512,0.03604,0.03604,0.855071643320369,0.8182154962443922,1.0,1.0,0.4268,0.4268,0.0674,0.0674,0.9091718177042698,0.9181733089294886,1.0,0.9281039303794324,0.2512,0.2512,0.03604,0.03604,0.9653295410936932,0.7605682094763705,1.0,1.0,0.4268,0.2512,0.03604,0.0674
,66,1.0,0.8448165732763006,0.8907944523990866,0.8553574585497359,0.9130000634427464,0.734469204397354,0.7802680606991144,0.0,1.0,0.8390216027251101,0.28704785236771674,0.8448810333831384,0.8558075638701111,0.8689409977075365,0.8581758271947064,0.9956469214530543,0.5044,0.8476554434173668,7.546e-05,1.0,0.8555228703454729,0.3252499225186315,0.7969088504252804,0.8951613391121006,0.9143837452465716,0.8888493093138664,0.9161614839929693,0.7596084797318017,1.0,0.556,0.5044,0.7736090352701592,7.546e-05,0.8183214728961399,0.32334603773845993,0.8565815980897558,0.8713784991411899,0.7953502350781116,0.8385862021689773,7.546e-05,0.2820000763391201,0.7951566858608501,0.7885108493610766,1.0,0.26627064489832675,0.304,0.0,0.7771635616140226,0.26884846692817377,0.9450243483829455,0.8667397963471397,0.7974821588184233,1.0,0.6956391672537785,0.0,1.0,0.7929304629225402,0.3014520946527693,0.8204009297879701,0.8152628784778748,0.8191178854226587,0.8175486606979374,0.8395968956456061,0.8361577895388845,1.0,0.5044,0.7087348579170407,0.0,1.0,0.7902817316882291,0.32450621908484056,0.8037678887462638,0.8602169803834199,0.8648328530524936,0.7812839010232413,0.8965628633967856,0.7613483511780446,0.9968234754637387,0.304,0.7280887563193461,0.0,1.0,0.763570027308248,0.26351048830560936,0.8924550806327777,0.9056995081124359,0.9650878218722723,0.8610165355671039,0.9945609660932065,0.5044,0.6997500213393301,0.0,1.0,0.8595448724650895,0.3093070525549003,0.8182239819124082,0.8470492816634295,0.908719953466946,0.9370020229150746,0.8301940802746754,0.8717420118861715,0.5044,0.8039724211727669,7.546e-05,1.0,0.7841411837918075,0.895250250997049,0.8673969142803167,0.7990021652637188,0.9010983712842063,0.5005,0.8565242251393494,7.546e-05,1.0,0.8697929200647603,0.7669882080949637,0.7969653639478486,0.8337198598737636,0.8774439789553372,0.9463380937789816,0.304,0.849391419025156,7.546e-05,1.0,0.740706354179264,0.26390711689837865,0.8205635378472979,0.8102445044053287,0.8725513563665636,0.9563922323578019,0.7319700329646917,0.304,0.8725382854537326,0.0,0.7944634268232229,0.801342774432317,0.0,1.0,0.7486563767017196,0.27564548080136847,0.7811394012223374,0.8336747439808901,0.7515656410815087,0.0,0.8962095150761168,0.3234243839483731,0.7859900560056792,0.9347791784629245,0.8536856340551386,0.8285945613502139,0.9930984981722387,0.5044,0.8791947074281312,7.546e-05,0.304,7.546e-05,0.8411307131335157,0.9123883057298567,7.546e-05,1.0,0.7863957524058214,0.32211697033843334,0.9129357920344329,0.85635376114942,0.8008263944900761,0.9373541547022555,0.8572597968801974,0.898020615508084,1.0,0.304,0.7216610264676893,7.546e-05,1.0,0.8511522999372735,0.26027666303330516,0.7896516365787296,0.7440097229333974,0.8040788571561517,0.8121321694212904,0.9018548578151432,0.8093363123605064,0.9088956542544882,0.304,0.7601781280200505,0.0,0.8312351234996057,0.32856871920659547,0.803588711585093,0.9548749551240461,0.7503120221733958,7.546e-05,1.0,0.8270071208590981,0.3054805950393361,0.7444908097751459,0.7595061494764631,0.7926004495130066,0.8544595030082146,0.9229405084052522,0.8639218476304048,0.9846938784606754,0.5005,0.7912330853583909,0.0,0.3084510198393367,0.8704859475115608,0.0,0.7182156307583141,7.546e-05,1.0,0.29570324110437646,0.861830813419551,0.9302279840441492,0.304,0.7728766960008208,0.0,0.88818241507011,0.26966720018095036,0.7348765023694241,0.7976017140325491,0.0,0.0,0.0,6.085821194330765e-05,0.0,5.9115929962108276e-05,0.0,5.943598320184657e-05,0.0,5.924357140997123e-05,0.0,6.040422049783642e-05,6.158715487719763e-05,5.8632940676509326e-05,0.0,6.183332058028843e-05,0.0,5.967225317239475e-05,6.070018481659552e-05,5.888999110318074e-05,6.207749677421341e-05,5.977125212245317e-05,6.21018779728391e-05,5.9003526900311336e-05,0.0,6.0055625330867756e-05,5.903431248663639e-05,0.8163870877697713,0.8164083792152432,1.0,0.8800855292403925,0.5044,0.304,0.0,7.546e-05,0.556,0.5005,0.7877771068410635,0.8461696662962515,1.0,0.9170771905762944,0.5044,0.304,0.0,0.0,0.556,0.556,0.8611941281205913,0.8946996962710323,1.0,0.8812666676253356,0.304,0.304,0.0,7.546e-05,0.556,0.5005,0.8442736745761149,0.8108163549705558,1.0,1.0,0.5044,0.5044,0.0,7.546e-05,0.9282700176015999,0.7723441008604428,1.0,0.9296805453209193,0.304,0.304,7.546e-05,7.546e-05,0.8724771348000445,0.9117121334422952,1.0,0.9292785770944669,0.304,0.304,0.0,7.546e-05,0.9447518891120139,0.8956762643253089,1.0,0.9702511338704665,0.5044,0.0,7.546e-05,0.556,0.5005,0.878324471413386,0.8660771386186492,1.0,1.0,0.304,0.5044,0.0,7.546e-05,0.556,0.556,0.8378984540782033,0.8541591193019404,1.0,1.0,0.5044,0.304,0.0,7.546e-05,0.556,0.5005,0.8484113997391471,0.7994009102768924,1.0,1.0,0.304,0.5044,0.0,0.0,0.556,0.5005,0.9257662220949546,0.7769127064007981,1.0,0.9938764590974998,0.5044,0.304,7.546e-05,7.546e-05,0.5005,0.5005,0.8031091340863425,0.903788089855802,1.0,1.0,7.546e-05,0.5005,0.556,0.777971488602279,0.7631101060057371,1.0,0.8939003491407166,0.304,0.5044,0.0,7.546e-05,0.5005,0.5005,0.7982593623363676,0.7578542498092791,1.0,1.0,0.304,0.5044,7.546e-05,0.0,0.7824545882867392,0.8880581744377186,1.0,0.9172170507319425,0.304,0.304,0.0,7.546e-05,0.8114107482579533,0.7780226740330971,1.0,1.0,0.5044,0.5044,0.0,7.546e-05,0.8909971438485333,0.856867574209446,1.0,0.9938510732034275,0.5044,0.304,7.546e-05,0.0,0.9562939573689897,0.7698558779462177,1.0,0.9353939366163782,0.5044,0.304,7.546e-05,7.546e-05,0.9056888824404725,0.8235864579938681,1.0,0.985081188358501,0.5044,0.304,7.546e-05,0.0,0.9424778802532019,0.8635520828460196,1.0,0.9586415122307829,0.304,0.5044,0.0,7.546e-05,0.93129291035735,0.8634347188742254,1.0,1.0,0.5044,0.304,7.546e-05,0.0,0.5005,0.5005,0.8230861841865618,0.7852385176733814,1.0,0.9478280452000496,0.5044,0.5044,0.0,0.0,0.848212437536075,0.8760383726982299,1.0,0.9959656581793889,0.304,0.304,0.0,0.0,0.556,0.556,0.7742123032424997,0.9556207351207383,1.0,0.8836228792780096,0.5044,0.304,0.0,0.0,0.855071643320369,0.8182154962443922,1.0,1.0,0.5044,0.5044,7.546e-05,7.546e-05,0.9091718177042698,0.9181733089294886,1.0,0.9281039303794324,0.304,0.304,0.0,0.0,0.9653295410936932,0.7605682094763705,1.0,1.0,0.5044,0.304,0.0,7.546e-05
,67,1.0,0.8448165732763006,0.8907944523990866,0.8553574585497359,0.9130000634427464,0.734469204397354,0.7802680606991144,0.0,1.0,0.8390216027251101,0.28704785236771674,0.8448810333831384,0.8558075638701111,0.8689409977075365,0.8581758271947064,0.9956469214530543,0.515,0.8476554434173668,0.0,1.0,0.8555228703454729,0.3252499225186315,0.7969088504252804,0.8951613391121006,0.9143837452465716,0.8888493093138664,0.9161614839929693,0.7596084797318017,1.0,0.59,0.515,0.7736090352701592,0.0,0.8183214728961399,0.32334603773845993,0.8565815980897558,0.8713784991411899,0.7953502350781116,0.8385862021689773,0.0,0.2820000763391201,0.7951566858608501,0.7885108493610766,1.0,0.26627064489832675,0.3418,0.0,0.7771635616140226,0.26884846692817377,0.9450243483829455,0.8667397963471397,0.7974821588184233,1.0,0.6956391672537785,0.0,1.0,0.7929304629225402,0.3014520946527693,0.8204009297879701,0.8152628784778748,0.8191178854226587,0.8175486606979374,0.8395968956456061,0.8361577895388845,1.0,0.515,0.7087348579170407,0.0,1.0,0.7902817316882291,0.32450621908484056,0.8037678887462638,0.8602169803834199,0.8648328530524936,0.7812839010232413,0.8965628633967856,0.7613483511780446,0.9968234754637387,0.3418,0.7280887563193461,0.0,1.0,0.763570027308248,0.26351048830560936,0.8924550806327777,0.9056995081124359,0.9650878218722723,0.8610165355671039,0.9945609660932065,0.515,0.6997500213393301,0.0,1.0,0.8595448724650895,0.3093070525549003,0.8182239819124082,0.8470492816634295,0.908719953466946,0.9370020229150746,0.8301940802746754,0.8717420118861715,0.515,0.8039724211727669,0.0,1.0,0.7841411837918075,0.895250250997049,0.8673969142803167,0.7990021652637188,0.9010983712842063,0.5166,0.8565242251393494,0.0,1.0,0.8697929200647603,0.7669882080949637,0.7969653639478486,0.8337198598737636,0.8774439789553372,0.9463380937789816,0.3418,0.849391419025156,0.0,1.0,0.740706354179264,0.26390711689837865,0.8205635378472979,0.8102445044053287,0.8725513563665636,0.9563922323578019,0.7319700329646917,0.3418,0.8725382854537326,0.0,0.7944634268232229,0.801342774432317,0.0,1.0,0.7486563767017196,0.27564548080136847,0.7811394012223374,0.8336747439808901,0.7515656410815087,0.0,0.8962095150761168,0.3234243839483731,0.7859900560056792,0.9347791784629245,0.8536856340551386,0.8285945613502139,0.9930984981722387,0.515,0.8791947074281312,0.0,0.3418,0.0,0.8411307131335157,0.9123883057298567,0.0,1.0,0.7863957524058214,0.32211697033843334,0.9129357920344329,0.85635376114942,0.8008263944900761,0.9373541547022555,0.8572597968801974,0.898020615508084,1.0,0.3418,0.7216610264676893,0.0,1.0,0.8511522999372735,0.26027666303330516,0.7896516365787296,0.7440097229333974,0.8040788571561517,0.8121321694212904,0.9018548578151432,0.8093363123605064,0.9088956542544882,0.3418,0.7601781280200505,0.0,0.8312351234996057,0.32856871920659547,0.803588711585093,0.9548749551240461,0.7503120221733958,0.0,1.0,0.8270071208590981,0.3054805950393361,0.7444908097751459,0.7595061494764631,0.7926004495130066,0.8544595030082146,0.9229405084052522,0.8639218476304048,0.9846938784606754,0.5166,0.7912330853583909,0.0,0.3084510198393367,0.8704859475115608,0.0,0.7182156307583141,0.0,1.0,0.29570324110437646,0.861830813419551,0.9302279840441492,0.3418,0.7728766960008208,0.0,0.88818241507011,0.26966720018095036,0.7348765023694241,0.7976017140325491,0.0,0.0,0.0,0.0,0.0,0.0,0.0,0.0,0.0,0.0,0.0,0.0,0.0,0.0,0.0,0.0,0.0,0.0,0.0,0.0,0.0,0.0,0.0,0.0,0.0,0.0,0.0,0.8163870877697713,0.8164083792152432,1.0,0.8800855292403925,0.515,0.3418,0.0,0.0,0.59,0.5166,0.7877771068410635,0.8461696662962515,1.0,0.9170771905762944,0.515,0.3418,0.0,0.0,0.59,0.59,0.8611941281205913,0.8946996962710323,1.0,0.8812666676253356,0.3418,0.3418,0.0,0.0,0.59,0.5166,0.8442736745761149,0.8108163549705558,1.0,1.0,0.515,0.515,0.0,0.0,0.9282700176015999,0.7723441008604428,1.0,0.9296805453209193,0.3418,0.3418,0.0,0.0,0.8724771348000445,0.9117121334422952,1.0,0.9292785770944669,0.3418,0.3418,0.0,0.0,0.9447518891120139,0.8956762643253089,1.0,0.9702511338704665,0.515,0.0,0.0,0.59,0.5166,0.878324471413386,0.8660771386186492,1.0,1.0,0.3418,0.515,0.0,0.0,0.59,0.59,0.8378984540782033,0.8541591193019404,1.0,1.0,0.515,0.3418,0.0,0.0,0.59,0.5166,0.8484113997391471,0.7994009102768924,1.0,1.0,0.3418,0.515,0.0,0.0,0.59,0.5166,0.9257662220949546,0.7769127064007981,1.0,0.9938764590974998,0.515,0.3418,0.0,0.0,0.5166,0.5166,0.8031091340863425,0.903788089855802,1.0,1.0,0.0,0.5166,0.59,0.777971488602279,0.7631101060057371,1.0,0.8939003491407166,0.3418,0.515,0.0,0.0,0.5166,0.5166,0.7982593623363676,0.7578542498092791,1.0,1.0,0.3418,0.515,0.0,0.0,0.7824545882867392,0.8880581744377186,1.0,0.9172170507319425,0.3418,0.3418,0.0,0.0,0.8114107482579533,0.7780226740330971,1.0,1.0,0.515,0.515,0.0,0.0,0.8909971438485333,0.856867574209446,1.0,0.9938510732034275,0.515,0.3418,0.0,0.0,0.9562939573689897,0.7698558779462177,1.0,0.9353939366163782,0.515,0.3418,0.0,0.0,0.9056888824404725,0.8235864579938681,1.0,0.985081188358501,0.515,0.3418,0.0,0.0,0.9424778802532019,0.8635520828460196,1.0,0.9586415122307829,0.3418,0.515,0.0,0.0,0.93129291035735,0.8634347188742254,1.0,1.0,0.515,0.3418,0.0,0.0,0.5166,0.5166,0.8230861841865618,0.7852385176733814,1.0,0.9478280452000496,0.515,0.515,0.0,0.0,0.848212437536075,0.8760383726982299,1.0,0.9959656581793889,0.3418,0.3418,0.0,0.0,0.59,0.59,0.7742123032424997,0.9556207351207383,1.0,0.8836228792780096,0.515,0.3418,0.0,0.0,0.855071643320369,0.8182154962443922,1.0,1.0,0.515,0.515,0.0,0.0,0.9091718177042698,0.9181733089294886,1.0,0.9281039303794324,0.3418,0.3418,0.0,0.0,0.9653295410936932,0.7605682094763705,1.0,1.0,0.515,0.3418,0.0,0.0
,68,1.0,0.8448165732763006,0.8907944523990866,0.8553574585497359,0.9130000634427464,0.734469204397354,0.7802680606991144,0.0,1.0,0.8390216027251101,0.28704785236771674,0.8448810333831384,0.8558075638701111,0.8689409977075365,0.8581758271947064,0.9956469214530543,0.488,0.8476554434173668,0.0,1.0,0.8555228703454729,0.3252499225186315,0.7969088504252804,0.8951613391121006,0.9143837452465716,0.8888493093138664,0.9161614839929693,0.7596084797318017,1.0,0.5913,0.488,0.7736090352701592,0.0,0.8183214728961399,0.32334603773845993,0.8565815980897558,0.8713784991411899,0.7953502350781116,0.8385862021689773,0.0,0.2820000763391201,0.7951566858608501,0.7885108493610766,1.0,0.26627064489832675,0.3596,0.0,0.7771635616140226,0.26884846692817377,0.9450243483829455,0.8667397963471397,0.7974821588184233,1.0,0.6956391672537785,0.0,1.0,0.7929304629225402,0.3014520946527693,0.8204009297879701,0.8152628784778748,0.8191178854226587,0.8175486606979374,0.8395968956456061,0.8361577895388845,1.0,0.488,0.7087348579170407,0.0,1.0,0.7902817316882291,0.32450621908484056,0.8037678887462638,0.8602169803834199,0.8648328530524936,0.7812839010232413,0.8965628633967856,0.7613483511780446,0.9968234754637387,0.3596,0.7280887563193461,0.0,1.0,0.763570027308248,0.26351048830560936,0.8924550806327777,0.9056995081124359,0.9650878218722723,0.8610165355671039,0.9945609660932065,0.488,0.6997500213393301,0.0,1.0,0.8595448724650895,0.3093070525549003,0.8182239819124082,0.8470492816634295,0.908719953466946,0.9370020229150746,0.8301940802746754,0.8717420118861715,0.488,0.8039724211727669,0.0,1.0,0.7841411837918075,0.895250250997049,0.8673969142803167,0.7990021652637188,0.9010983712842063,0.538,0.8565242251393494,0.0,1.0,0.8697929200647603,0.7669882080949637,0.7969653639478486,0.8337198598737636,0.8774439789553372,0.9463380937789816,0.3596,0.849391419025156,0.0,1.0,0.740706354179264,0.26390711689837865,0.8205635378472979,0.8102445044053287,0.8725513563665636,0.9563922323578019,0.7319700329646917,0.3596,0.8725382854537326,0.0,0.7944634268232229,0.801342774432317,0.0,1.0,0.7486563767017196,0.27564548080136847,0.7811394012223374,0.8336747439808901,0.7515656410815087,0.0,0.8962095150761168,0.3234243839483731,0.7859900560056792,0.9347791784629245,0.8536856340551386,0.8285945613502139,0.9930984981722387,0.488,0.8791947074281312,0.0,0.3596,0.0,0.8411307131335157,0.9123883057298567,0.0,1.0,0.7863957524058214,0.32211697033843334,0.9129357920344329,0.85635376114942,0.8008263944900761,0.9373541547022555,0.8572597968801974,0.898020615508084,1.0,0.3596,0.7216610264676893,0.0,1.0,0.8511522999372735,0.26027666303330516,0.7896516365787296,0.7440097229333974,0.8040788571561517,0.8121321694212904,0.9018548578151432,0.8093363123605064,0.9088956542544882,0.3596,0.7601781280200505,0.0,0.8312351234996057,0.32856871920659547,0.803588711585093,0.9548749551240461,0.7503120221733958,0.0,1.0,0.8270071208590981,0.3054805950393361,0.7444908097751459,0.7595061494764631,0.7926004495130066,0.8544595030082146,0.9229405084052522,0.8639218476304048,0.9846938784606754,0.538,0.7912330853583909,0.0,0.3084510198393367,0.8704859475115608,0.0,0.7182156307583141,0.0,1.0,0.29570324110437646,0.861830813419551,0.9302279840441492,0.3596,0.7728766960008208,0.0,0.88818241507011,0.26966720018095036,0.7348765023694241,0.7976017140325491,0.0,0.0,0.0,0.0,0.0,0.0,0.0,0.0,0.0,0.0,0.0,0.0,0.0,0.0,0.0,0.0,0.0,0.0,0.0,0.0,0.0,0.0,0.0,0.0,0.0,0.0,0.0,0.8163870877697713,0.8164083792152432,1.0,0.8800855292403925,0.488,0.3596,0.0,0.0,0.5913,0.538,0.7877771068410635,0.8461696662962515,1.0,0.9170771905762944,0.488,0.3596,0.0,0.0,0.5913,0.5913,0.8611941281205913,0.8946996962710323,1.0,0.8812666676253356,0.3596,0.3596,0.0,0.0,0.5913,0.538,0.8442736745761149,0.8108163549705558,1.0,1.0,0.488,0.488,0.0,0.0,0.9282700176015999,0.7723441008604428,1.0,0.9296805453209193,0.3596,0.3596,0.0,0.0,0.8724771348000445,0.9117121334422952,1.0,0.9292785770944669,0.3596,0.3596,0.0,0.0,0.9447518891120139,0.8956762643253089,1.0,0.9702511338704665,0.488,0.0,0.0,0.5913,0.538,0.878324471413386,0.8660771386186492,1.0,1.0,0.3596,0.488,0.0,0.0,0.5913,0.5913,0.8378984540782033,0.8541591193019404,1.0,1.0,0.488,0.3596,0.0,0.0,0.5913,0.538,0.8484113997391471,0.7994009102768924,1.0,1.0,0.3596,0.488,0.0,0.0,0.5913,0.538,0.9257662220949546,0.7769127064007981,1.0,0.9938764590974998,0.488,0.3596,0.0,0.0,0.538,0.538,0.8031091340863425,0.903788089855802,1.0,1.0,0.0,0.538,0.5913,0.777971488602279,0.7631101060057371,1.0,0.8939003491407166,0.3596,0.488,0.0,0.0,0.538,0.538,0.7982593623363676,0.7578542498092791,1.0,1.0,0.3596,0.488,0.0,0.0,0.7824545882867392,0.8880581744377186,1.0,0.9172170507319425,0.3596,0.3596,0.0,0.0,0.8114107482579533,0.7780226740330971,1.0,1.0,0.488,0.488,0.0,0.0,0.8909971438485333,0.856867574209446,1.0,0.9938510732034275,0.488,0.3596,0.0,0.0,0.9562939573689897,0.7698558779462177,1.0,0.9353939366163782,0.488,0.3596,0.0,0.0,0.9056888824404725,0.8235864579938681,1.0,0.985081188358501,0.488,0.3596,0.0,0.0,0.9424778802532019,0.8635520828460196,1.0,0.9586415122307829,0.3596,0.488,0.0,0.0,0.93129291035735,0.8634347188742254,1.0,1.0,0.488,0.3596,0.0,0.0,0.538,0.538,0.8230861841865618,0.7852385176733814,1.0,0.9478280452000496,0.488,0.488,0.0,0.0,0.848212437536075,0.8760383726982299,1.0,0.9959656581793889,0.3596,0.3596,0.0,0.0,0.5913,0.5913,0.7742123032424997,0.9556207351207383,1.0,0.8836228792780096,0.488,0.3596,0.0,0.0,0.855071643320369,0.8182154962443922,1.0,1.0,0.488,0.488,0.0,0.0,0.9091718177042698,0.9181733089294886,1.0,0.9281039303794324,0.3596,0.3596,0.0,0.0,0.9653295410936932,0.7605682094763705,1.0,1.0,0.488,0.3596,0.0,0.0
,69,1.0,0.8448165732763006,0.8907944523990866,0.8553574585497359,0.9130000634427464,0.734469204397354,0.7802680606991144,0.0,1.0,0.8390216027251101,0.28704785236771674,0.8448810333831384,0.8558075638701111,0.8689409977075365,0.8581758271947064,0.9956469214530543,0.448,0.8476554434173668,0.0,1.0,0.8555228703454729,0.3252499225186315,0.7969088504252804,0.8951613391121006,0.9143837452465716,0.8888493093138664,0.9161614839929693,0.7596084797318017,1.0,0.572,0.448,0.7736090352701592,0.0,0.8183214728961399,0.32334603773845993,0.8565815980897558,0.8713784991411899,0.7953502350781116,0.8385862021689773,0.0,0.2820000763391201,0.7951566858608501,0.7885108493610766,1.0,0.26627064489832675,0.3684,0.0,0.7771635616140226,0.26884846692817377,0.9450243483829455,0.8667397963471397,0.7974821588184233,1.0,0.6956391672537785,0.0,1.0,0.7929304629225402,0.3014520946527693,0.8204009297879701,0.8152628784778748,0.8191178854226587,0.8175486606979374,0.8395968956456061,0.8361577895388845,1.0,0.448,0.7087348579170407,0.0,1.0,0.7902817316882291,0.32450621908484056,0.8037678887462638,0.8602169803834199,0.8648328530524936,0.7812839010232413,0.8965628633967856,0.7613483511780446,0.9968234754637387,0.3684,0.7280887563193461,0.0,1.0,0.763570027308248,0.26351048830560936,0.8924550806327777,0.9056995081124359,0.9650878218722723,0.8610165355671039,0.9945609660932065,0.448,0.6997500213393301,0.0,1.0,0.8595448724650895,0.3093070525549003,0.8182239819124082,0.8470492816634295,0.908719953466946,0.9370020229150746,0.8301940802746754,0.8717420118861715,0.448,0.8039724211727669,0.0,1.0,0.7841411837918075,0.895250250997049,0.8673969142803167,0.7990021652637188,0.9010983712842063,0.546,0.8565242251393494,0.0,1.0,0.8697929200647603,0.7669882080949637,0.7969653639478486,0.8337198598737636,0.8774439789553372,0.9463380937789816,0.3684,0.849391419025156,0.0,1.0,0.740706354179264,0.26390711689837865,0.8205635378472979,0.8102445044053287,0.8725513563665636,0.9563922323578019,0.7319700329646917,0.3684,0.8725382854537326,0.0,0.7944634268232229,0.801342774432317,0.0,1.0,0.7486563767017196,0.27564548080136847,0.7811394012223374,0.8336747439808901,0.7515656410815087,0.0,0.8962095150761168,0.3234243839483731,0.7859900560056792,0.9347791784629245,0.8536856340551386,0.8285945613502139,0.9930984981722387,0.448,0.8791947074281312,0.0,0.3684,0.0,0.8411307131335157,0.9123883057298567,0.0,1.0,0.7863957524058214,0.32211697033843334,0.9129357920344329,0.85635376114942,0.8008263944900761,0.9373541547022555,0.8572597968801974,0.898020615508084,1.0,0.3684,0.7216610264676893,0.0,1.0,0.8511522999372735,0.26027666303330516,0.7896516365787296,0.7440097229333974,0.8040788571561517,0.8121321694212904,0.9018548578151432,0.8093363123605064,0.9088956542544882,0.3684,0.7601781280200505,0.0,0.8312351234996057,0.32856871920659547,0.803588711585093,0.9548749551240461,0.7503120221733958,0.0,1.0,0.8270071208590981,0.3054805950393361,0.7444908097751459,0.7595061494764631,0.7926004495130066,0.8544595030082146,0.9229405084052522,0.8639218476304048,0.9846938784606754,0.546,0.7912330853583909,0.0,0.3084510198393367,0.8704859475115608,0.0,0.7182156307583141,0.0,1.0,0.29570324110437646,0.861830813419551,0.9302279840441492,0.3684,0.7728766960008208,0.0,0.88818241507011,0.26966720018095036,0.7348765023694241,0.7976017140325491,0.0,0.0,0.0,0.0,0.0,0.0,0.0,0.0,0.0,0.0,0.0,0.0,0.0,0.0,0.0,0.0,0.0,0.0,0.0,0.0,0.0,0.0,0.0,0.0,0.0,0.0,0.0,0.8163870877697713,0.8164083792152432,1.0,0.8800855292403925,0.448,0.3684,0.0,0.0,0.572,0.546,0.7877771068410635,0.8461696662962515,1.0,0.9170771905762944,0.448,0.3684,0.0,0.0,0.572,0.572,0.8611941281205913,0.8946996962710323,1.0,0.8812666676253356,0.3684,0.3684,0.0,0.0,0.572,0.546,0.8442736745761149,0.8108163549705558,1.0,1.0,0.448,0.448,0.0,0.0,0.9282700176015999,0.7723441008604428,1.0,0.9296805453209193,0.3684,0.3684,0.0,0.0,0.8724771348000445,0.9117121334422952,1.0,0.9292785770944669,0.3684,0.3684,0.0,0.0,0.9447518891120139,0.8956762643253089,1.0,0.9702511338704665,0.448,0.0,0.0,0.572,0.546,0.878324471413386,0.8660771386186492,1.0,1.0,0.3684,0.448,0.0,0.0,0.572,0.572,0.8378984540782033,0.8541591193019404,1.0,1.0,0.448,0.3684,0.0,0.0,0.572,0.546,0.8484113997391471,0.7994009102768924,1.0,1.0,0.3684,0.448,0.0,0.0,0.572,0.546,0.9257662220949546,0.7769127064007981,1.0,0.9938764590974998,0.448,0.3684,0.0,0.0,0.546,0.546,0.8031091340863425,0.903788089855802,1.0,1.0,0.0,0.546,0.572,0.777971488602279,0.7631101060057371,1.0,0.8939003491407166,0.3684,0.448,0.0,0.0,0.546,0.546,0.7982593623363676,0.7578542498092791,1.0,1.0,0.3684,0.448,0.0,0.0,0.7824545882867392,0.8880581744377186,1.0,0.9172170507319425,0.3684,0.3684,0.0,0.0,0.8114107482579533,0.7780226740330971,1.0,1.0,0.448,0.448,0.0,0.0,0.8909971438485333,0.856867574209446,1.0,0.9938510732034275,0.448,0.3684,0.0,0.0,0.9562939573689897,0.7698558779462177,1.0,0.9353939366163782,0.448,0.3684,0.0,0.0,0.9056888824404725,0.8235864579938681,1.0,0.985081188358501,0.448,0.3684,0.0,0.0,0.9424778802532019,0.8635520828460196,1.0,0.9586415122307829,0.3684,0.448,0.0,0.0,0.93129291035735,0.8634347188742254,1.0,1.0,0.448,0.3684,0.0,0.0,0.546,0.546,0.8230861841865618,0.7852385176733814,1.0,0.9478280452000496,0.448,0.448,0.0,0.0,0.848212437536075,0.8760383726982299,1.0,0.9959656581793889,0.3684,0.3684,0.0,0.0,0.572,0.572,0.7742123032424997,0.9556207351207383,1.0,0.8836228792780096,0.448,0.3684,0.0,0.0,0.855071643320369,0.8182154962443922,1.0,1.0,0.448,0.448,0.0,0.0,0.9091718177042698,0.9181733089294886,1.0,0.9281039303794324,0.3684,0.3684,0.0,0.0,0.9653295410936932,0.7605682094763705,1.0,1.0,0.448,0.3684,0.0,0.0
,70,1.0,0.8448165732763006,0.8907944523990866,0.8553574585497359,0.9130000634427464,0.734469204397354,0.7802680606991144,0.0,1.0,0.8390216027251101,0.28704785236771674,0.8448810333831384,0.8558075638701111,0.8689409977075365,0.8581758271947064,0.9956469214530543,0.4033,0.8476554434173668,0.0,1.0,0.8555228703454729,0.3252499225186315,0.7969088504252804,0.8951613391121006,0.9143837452465716,0.8888493093138664,0.9161614839929693,0.7596084797318017,1.0,0.5474,0.4033,0.7736090352701592,0.0,0.8183214728961399,0.32334603773845993,0.8565815980897558,0.8713784991411899,0.7953502350781116,0.8385862021689773,0.0,0.2820000763391201,0.7951566858608501,0.7885108493610766,1.0,0.26627064489832675,0.3762,0.0,0.7771635616140226,0.26884846692817377,0.9450243483829455,0.8667397963471397,0.7974821588184233,1.0,0.6956391672537785,0.0,1.0,0.7929304629225402,0.3014520946527693,0.8204009297879701,0.8152628784778748,0.8191178854226587,0.8175486606979374,0.8395968956456061,0.8361577895388845,1.0,0.4033,0.7087348579170407,0.0,1.0,0.7902817316882291,0.32450621908484056,0.8037678887462638,0.8602169803834199,0.8648328530524936,0.7812839010232413,0.8965628633967856,0.7613483511780446,0.9968234754637387,0.3762,0.7280887563193461,0.0,1.0,0.763570027308248,0.26351048830560936,0.8924550806327777,0.9056995081124359,0.9650878218722723,0.8610165355671039,0.9945609660932065,0.4033,0.6997500213393301,0.0,1.0,0.8595448724650895,0.3093070525549003,0.8182239819124082,0.8470492816634295,0.908719953466946,0.9370020229150746,0.8301940802746754,0.8717420118861715,0.4033,0.8039724211727669,0.0,1.0,0.7841411837918075,0.895250250997049,0.8673969142803167,0.7990021652637188,0.9010983712842063,0.554,0.8565242251393494,0.0,1.0,0.8697929200647603,0.7669882080949637,0.7969653639478486,0.8337198598737636,0.8774439789553372,0.9463380937789816,0.3762,0.849391419025156,0.0,1.0,0.740706354179264,0.26390711689837865,0.8205635378472979,0.8102445044053287,0.8725513563665636,0.9563922323578019,0.7319700329646917,0.3762,0.8725382854537326,0.0,0.7944634268232229,0.801342774432317,0.0,1.0,0.7486563767017196,0.27564548080136847,0.7811394012223374,0.8336747439808901,0.7515656410815087,0.0,0.8962095150761168,0.3234243839483731,0.7859900560056792,0.9347791784629245,0.8536856340551386,0.8285945613502139,0.9930984981722387,0.4033,0.8791947074281312,0.0,0.3762,0.0,0.8411307131335157,0.9123883057298567,0.0,1.0,0.7863957524058214,0.32211697033843334,0.9129357920344329,0.85635376114942,0.8008263944900761,0.9373541547022555,0.8572597968801974,0.898020615508084,1.0,0.3762,0.7216610264676893,0.0,1.0,0.8511522999372735,0.26027666303330516,0.7896516365787296,0.7440097229333974,0.8040788571561517,0.8121321694212904,0.9018548578151432,0.8093363123605064,0.9088956542544882,0.3762,0.7601781280200505,0.0,0.8312351234996057,0.32856871920659547,0.803588711585093,0.9548749551240461,0.7503120221733958,0.0,1.0,0.8270071208590981,0.3054805950393361,0.7444908097751459,0.7595061494764631,0.7926004495130066,0.8544595030082146,0.9229405084052522,0.8639218476304048,0.9846938784606754,0.554,0.7912330853583909,0.0,0.3084510198393367,0.8704859475115608,0.0,0.7182156307583141,0.0,1.0,0.29570324110437646,0.861830813419551,0.9302279840441492,0.3762,0.7728766960008208,0.0,0.88818241507011,0.26966720018095036,0.7348765023694241,0.7976017140325491,0.0,0.0,0.0,0.0,0.0,0.0,0.0,0.0,0.0,0.0,0.0,0.0,0.0,0.0,0.0,0.0,0.0,0.0,0.0,0.0,0.0,0.0,0.0,0.0,0.0,0.0,0.0,0.8163870877697713,0.8164083792152432,1.0,0.8800855292403925,0.4033,0.3762,0.0,0.0,0.5474,0.554,0.7877771068410635,0.8461696662962515,1.0,0.9170771905762944,0.4033,0.3762,0.0,0.0,0.5474,0.5474,0.8611941281205913,0.8946996962710323,1.0,0.8812666676253356,0.3762,0.3762,0.0,0.0,0.5474,0.554,0.8442736745761149,0.8108163549705558,1.0,1.0,0.4033,0.4033,0.0,0.0,0.9282700176015999,0.7723441008604428,1.0,0.9296805453209193,0.3762,0.3762,0.0,0.0,0.8724771348000445,0.9117121334422952,1.0,0.9292785770944669,0.3762,0.3762,0.0,0.0,0.9447518891120139,0.8956762643253089,1.0,0.9702511338704665,0.4033,0.0,0.0,0.5474,0.554,0.878324471413386,0.8660771386186492,1.0,1.0,0.3762,0.4033,0.0,0.0,0.5474,0.5474,0.8378984540782033,0.8541591193019404,1.0,1.0,0.4033,0.3762,0.0,0.0,0.5474,0.554,0.8484113997391471,0.7994009102768924,1.0,1.0,0.3762,0.4033,0.0,0.0,0.5474,0.554,0.9257662220949546,0.7769127064007981,1.0,0.9938764590974998,0.4033,0.3762,0.0,0.0,0.554,0.554,0.8031091340863425,0.903788089855802,1.0,1.0,0.0,0.554,0.5474,0.777971488602279,0.7631101060057371,1.0,0.8939003491407166,0.3762,0.4033,0.0,0.0,0.554,0.554,0.7982593623363676,0.7578542498092791,1.0,1.0,0.3762,0.4033,0.0,0.0,0.7824545882867392,0.8880581744377186,1.0,0.9172170507319425,0.3762,0.3762,0.0,0.0,0.8114107482579533,0.7780226740330971,1.0,1.0,0.4033,0.4033,0.0,0.0,0.8909971438485333,0.856867574209446,1.0,0.9938510732034275,0.4033,0.3762,0.0,0.0,0.9562939573689897,0.7698558779462177,1.0,0.9353939366163782,0.4033,0.3762,0.0,0.0,0.9056888824404725,0.8235864579938681,1.0,0.985081188358501,0.4033,0.3762,0.0,0.0,0.9424778802532019,0.8635520828460196,1.0,0.9586415122307829,0.3762,0.4033,0.0,0.0,0.93129291035735,0.8634347188742254,1.0,1.0,0.4033,0.3762,0.0,0.0,0.554,0.554,0.8230861841865618,0.7852385176733814,1.0,0.9478280452000496,0.4033,0.4033,0.0,0.0,0.848212437536075,0.8760383726982299,1.0,0.9959656581793889,0.3762,0.3762,0.0,0.0,0.5474,0.5474,0.7742123032424997,0.9556207351207383,1.0,0.8836228792780096,0.4033,0.3762,0.0,0.0,0.855071643320369,0.8182154962443922,1.0,1.0,0.4033,0.4033,0.0,0.0,0.9091718177042698,0.9181733089294886,1.0,0.9281039303794324,0.3762,0.3762,0.0,0.0,0.9653295410936932,0.7605682094763705,1.0,1.0,0.4033,0.3762,0.0,0.0
,71,1.0,0.8448165732763006,0.8907944523990866,0.8553574585497359,0.9130000634427464,0.734469204397354,0.7802680606991144,0.0,1.0,0.8390216027251101,0.28704785236771674,0.8448810333831384,0.8558075638701111,0.8689409977075365,0.8581758271947064,0.9956469214530543,0.3633,0.8476554434173668,0.0,1.0,0.8555228703454729,0.3252499225186315,0.7969088504252804,0.8951613391121006,0.9143837452465716,0.8888493093138664,0.9161614839929693,0.7596084797318017,1.0,0.4858,0.3633,0.7736090352701592,0.0,0.8183214728961399,0.32334603773845993,0.8565815980897558,0.8713784991411899,0.7953502350781116,0.8385862021689773,0.0,0.2820000763391201,0.7951566858608501,0.7885108493610766,1.0,0.26627064489832675,0.39,0.0,0.7771635616140226,0.26884846692817377,0.9450243483829455,0.8667397963471397,0.7974821588184233,1.0,0.6956391672537785,0.0,1.0,0.7929304629225402,0.3014520946527693,0.8204009297879701,0.8152628784778748,0.8191178854226587,0.8175486606979374,0.8395968956456061,0.8361577895388845,1.0,0.3633,0.7087348579170407,0.0,1.0,0.7902817316882291,0.32450621908484056,0.8037678887462638,0.8602169803834199,0.8648328530524936,0.7812839010232413,0.8965628633967856,0.7613483511780446,0.9968234754637387,0.39,0.7280887563193461,0.0,1.0,0.763570027308248,0.26351048830560936,0.8924550806327777,0.9056995081124359,0.9650878218722723,0.8610165355671039,0.9945609660932065,0.3633,0.6997500213393301,0.0,1.0,0.8595448724650895,0.3093070525549003,0.8182239819124082,0.8470492816634295,0.908719953466946,0.9370020229150746,0.8301940802746754,0.8717420118861715,0.3633,0.8039724211727669,0.0,1.0,0.7841411837918075,0.895250250997049,0.8673969142803167,0.7990021652637188,0.9010983712842063,0.575,0.8565242251393494,0.0,1.0,0.8697929200647603,0.7669882080949637,0.7969653639478486,0.8337198598737636,0.8774439789553372,0.9463380937789816,0.39,0.849391419025156,0.0,1.0,0.740706354179264,0.26390711689837865,0.8205635378472979,0.8102445044053287,0.8725513563665636,0.9563922323578019,0.7319700329646917,0.39,0.8725382854537326,0.0,0.7944634268232229,0.801342774432317,0.0,1.0,0.7486563767017196,0.27564548080136847,0.7811394012223374,0.8336747439808901,0.7515656410815087,0.0,0.8962095150761168,0.3234243839483731,0.7859900560056792,0.9347791784629245,0.8536856340551386,0.8285945613502139,0.9930984981722387,0.3633,0.8791947074281312,0.0,0.39,0.0,0.8411307131335157,0.9123883057298567,0.0,1.0,0.7863957524058214,0.32211697033843334,0.9129357920344329,0.85635376114942,0.8008263944900761,0.9373541547022555,0.8572597968801974,0.898020615508084,1.0,0.39,0.7216610264676893,0.0,1.0,0.8511522999372735,0.26027666303330516,0.7896516365787296,0.7440097229333974,0.8040788571561517,0.8121321694212904,0.9018548578151432,0.8093363123605064,0.9088956542544882,0.39,0.7601781280200505,0.0,0.8312351234996057,0.32856871920659547,0.803588711585093,0.9548749551240461,0.7503120221733958,0.0,1.0,0.8270071208590981,0.3054805950393361,0.7444908097751459,0.7595061494764631,0.7926004495130066,0.8544595030082146,0.9229405084052522,0.8639218476304048,0.9846938784606754,0.575,0.7912330853583909,0.0,0.3084510198393367,0.8704859475115608,0.0,0.7182156307583141,0.0,1.0,0.29570324110437646,0.861830813419551,0.9302279840441492,0.39,0.7728766960008208,0.0,0.88818241507011,0.26966720018095036,0.7348765023694241,0.7976017140325491,0.0,0.0,0.0,0.0,0.0,0.0,0.0,0.0,0.0,0.0,0.0,0.0,0.0,0.0,0.0,0.0,0.0,0.0,0.0,0.0,0.0,0.0,0.0,0.0,0.0,0.0,0.0,0.8163870877697713,0.8164083792152432,1.0,0.8800855292403925,0.3633,0.39,0.0,0.0,0.4858,0.575,0.7877771068410635,0.8461696662962515,1.0,0.9170771905762944,0.3633,0.39,0.0,0.0,0.4858,0.4858,0.8611941281205913,0.8946996962710323,1.0,0.8812666676253356,0.39,0.39,0.0,0.0,0.4858,0.575,0.8442736745761149,0.8108163549705558,1.0,1.0,0.3633,0.3633,0.0,0.0,0.9282700176015999,0.7723441008604428,1.0,0.9296805453209193,0.39,0.39,0.0,0.0,0.8724771348000445,0.9117121334422952,1.0,0.9292785770944669,0.39,0.39,0.0,0.0,0.9447518891120139,0.8956762643253089,1.0,0.9702511338704665,0.3633,0.0,0.0,0.4858,0.575,0.878324471413386,0.8660771386186492,1.0,1.0,0.39,0.3633,0.0,0.0,0.4858,0.4858,0.8378984540782033,0.8541591193019404,1.0,1.0,0.3633,0.39,0.0,0.0,0.4858,0.575,0.8484113997391471,0.7994009102768924,1.0,1.0,0.39,0.3633,0.0,0.0,0.4858,0.575,0.9257662220949546,0.7769127064007981,1.0,0.9938764590974998,0.3633,0.39,0.0,0.0,0.575,0.575,0.8031091340863425,0.903788089855802,1.0,1.0,0.0,0.575,0.4858,0.777971488602279,0.7631101060057371,1.0,0.8939003491407166,0.39,0.3633,0.0,0.0,0.575,0.575,0.7982593623363676,0.7578542498092791,1.0,1.0,0.39,0.3633,0.0,0.0,0.7824545882867392,0.8880581744377186,1.0,0.9172170507319425,0.39,0.39,0.0,0.0,0.8114107482579533,0.7780226740330971,1.0,1.0,0.3633,0.3633,0.0,0.0,0.8909971438485333,0.856867574209446,1.0,0.9938510732034275,0.3633,0.39,0.0,0.0,0.9562939573689897,0.7698558779462177,1.0,0.9353939366163782,0.3633,0.39,0.0,0.0,0.9056888824404725,0.8235864579938681,1.0,0.985081188358501,0.3633,0.39,0.0,0.0,0.9424778802532019,0.8635520828460196,1.0,0.9586415122307829,0.39,0.3633,0.0,0.0,0.93129291035735,0.8634347188742254,1.0,1.0,0.3633,0.39,0.0,0.0,0.575,0.575,0.8230861841865618,0.7852385176733814,1.0,0.9478280452000496,0.3633,0.3633,0.0,0.0,0.848212437536075,0.8760383726982299,1.0,0.9959656581793889,0.39,0.39,0.0,0.0,0.4858,0.4858,0.7742123032424997,0.9556207351207383,1.0,0.8836228792780096,0.3633,0.39,0.0,0.0,0.855071643320369,0.8182154962443922,1.0,1.0,0.3633,0.3633,0.0,0.0,0.9091718177042698,0.9181733089294886,1.0,0.9281039303794324,0.39,0.39,0.0,0.0,0.9653295410936932,0.7605682094763705,1.0,1.0,0.3633,0.39,0.0,0.0
,72,1.0,0.6579894071662802,0.6988950137472342,0.7309879082947479,0.5804600346374162,0.7635765659865799,0.8076598699869192,0.0,1.0,0.7751757237372994,0.29794447756835424,0.6425249054314024,0.6897876748641267,0.6026017232984604,0.760228988267911,0.9422888321734924,0.8096,0.8870536913196253,0.0,1.0,0.6984254248895585,0.2605141829004735,0.7151936012971276,0.7834740013575927,0.7679290614752992,0.632000597100626,0.7120530244174867,0.7010535610860612,0.9854003780669247,0.412,0.4446,0.8629780593219846,0.0,0.7258518724327553,0.252154458823732,0.8129075410015818,0.7403866401679478,0.7278708028291194,0.9242774938637816,0.0,0.25557053947196057,0.6216620189322337,0.6287922535029562,1.0,0.30130201054167105,0.8096,0.0,0.7612975923476397,0.2683391748758937,0.6047251157604782,0.6351356690638911,0.6809458602732612,1.0,0.9505457286937897,0.0,1.0,0.7914455168103458,0.2769834431129398,0.7818769515304889,0.764106993200562,0.7803485843093158,0.6381432103600724,0.6393353282764851,0.7715158675887872,1.0,0.8096,0.9221259709197351,0.0,1.0,0.8013636877221566,0.24439110348130325,0.6419750996553126,0.6983162151244735,0.7713290540456549,0.6351748308592249,0.7714804075551769,0.6385323821057172,1.0,0.4446,0.8721749601670348,0.0,1.0,0.6552318077049649,0.29139313288332647,0.707062179505444,0.7231247168883197,0.7601913392105553,0.7637834981993078,0.968726824117902,0.4446,0.8936120684172437,0.0,1.0,0.7184094055030743,0.2420213903287224,0.7091397588106423,0.6297354213189732,0.7531212408262454,0.5784301078394952,0.7006937328164304,0.9956805560780067,0.8096,0.8873864978976166,0.0,1.0,0.6803141320311843,0.6755359864161384,0.6285739959268501,0.6574296637093597,0.8019636371402328,0.7417,0.9106012538453309,0.0,1.0,0.6895472665061904,0.6364226131028756,0.6095871001711561,0.6127470423492547,0.7517468469891132,1.0,0.4446,0.9284616671078727,0.0,1.0,0.721673066861012,0.24125634592459677,0.6604698728380332,0.7019699479900342,0.7701577641731057,0.6327268190347601,0.8230040277470971,0.8096,0.7862851224199425,0.0,0.7399449799618062,0.8567418282233239,0.0,1.0,0.795480162349279,0.259062487618496,0.6334009499960954,0.5763723335222087,0.8720406533356605,0.0,0.821990310421925,0.2533521899230232,0.7388392496593642,0.7624583331241215,0.783895676537431,0.6447490471659538,0.8753635955766385,0.4446,0.8041753718872703,0.0,0.4446,0.0,0.6522260211706306,0.59737862932777,0.0,1.0,0.8077262395850673,0.29056979568806707,0.7629121737953647,0.7929354720819164,0.7096275321006006,0.6262307813512957,0.7235715629433557,0.703354068422942,0.8977925560507157,0.4446,0.8199182633710775,0.0,1.0,0.8060661245623981,0.27150903746504634,0.6363698569249687,0.823849553632781,0.7514638683660905,0.7943004665017142,0.7452970979764153,0.6677129166406017,0.9696789566218669,0.8096,0.8490505861458282,0.0,0.6476387788090199,0.27242461971440357,0.7403783807787823,0.6615301643136193,0.8672407018145745,0.0,1.0,0.8234337881557885,0.24182524125918872,0.650503259500445,0.7881343544909858,0.6290321328497943,0.6961224440350297,0.6024706962315083,0.7939390525455738,0.919006284934533,0.412,0.8751197194079741,0.0,0.23433641801545355,0.7536997466302444,0.0,0.7788245431817497,0.0,1.0,0.2404476623534358,0.7705015768348216,0.6647084626939294,0.8096,0.7722667078696142,0.0,0.6967411438274631,0.29471897222359394,0.6882106596906054,0.6424104140621677,0.0,0.0,0.0,0.0,0.0,0.0,0.0,0.0,0.0,0.0,0.0,0.0,0.0,0.0,0.0,0.0,0.0,0.0,0.0,0.0,0.0,0.0,0.0,0.0,0.0,0.0,0.0,0.7830465177573397,0.7258094461833593,1.0,0.9776904238644691,0.4446,0.8096,0.0,0.0,0.412,0.412,0.6861647515315018,0.6046045071839172,1.0,0.9880779334054279,0.4446,0.8096,0.0,0.0,0.412,0.7417,0.7796603690168504,0.7444813550041974,1.0,0.9515864017578219,0.4446,0.4446,0.0,0.0,0.412,0.412,0.7589771628113161,0.7418311361078651,1.0,1.0,0.8096,0.8096,0.0,0.0,0.6834201142734992,0.6640341787789541,1.0,0.9684571849523544,0.4446,0.8096,0.0,0.0,0.6491004691464761,0.7036187529747548,1.0,0.9765602091610204,0.8096,0.8096,0.0,0.0,0.6898994648871721,0.6744259031188828,1.0,0.939650753514264,0.8096,0.0,0.0,0.7417,0.412,0.6372633289977307,0.6721546830563248,1.0,1.0,0.8096,0.4446,0.0,0.0,0.412,0.412,0.6073242415419456,0.6568506780501477,1.0,1.0,0.8096,0.4446,0.0,0.0,0.7417,0.7417,0.6220023454371947,0.5775555787087024,1.0,0.9866662045823756,0.4446,0.4446,0.0,0.0,0.412,0.7417,0.7716950588406811,0.7513717309901717,1.0,1.0,0.4446,0.4446,0.0,0.0,0.412,0.412,0.6850681808730359,0.6604394850465297,1.0,0.9169352132298011,0.0,0.412,0.7417,0.7044183745203839,0.636375976833512,1.0,0.940936129060825,0.8096,0.4446,0.0,0.0,0.412,0.7417,0.6440853119283452,0.6324208751145189,1.0,0.8667156067489326,0.4446,0.8096,0.0,0.0,0.6251213226745314,0.6505026640201985,1.0,0.9887701505657331,0.4446,0.8096,0.0,0.0,0.796923751586113,0.6635031694157374,1.0,0.9012232831756093,0.4446,0.8096,0.0,0.0,0.7715475312030017,0.6125554895412432,1.0,0.8741425002099529,0.8096,0.4446,0.0,0.0,0.6465196931600968,0.7113340374462294,1.0,0.9783567570697123,0.8096,0.4446,0.0,0.0,0.6267477643726668,0.7464151412967086,1.0,0.8881342098628935,0.8096,0.4446,0.0,0.0,0.7349594159561526,0.5898381042105467,1.0,0.9831236598487865,0.4446,0.4446,0.0,0.0,0.6340080789673704,0.6482116670381479,1.0,0.8992934095442319,0.4446,0.4446,0.0,0.0,0.7417,0.412,0.7899164098626725,0.7753436180652682,1.0,0.906259364359068,0.4446,0.4446,0.0,0.0,0.6433977134608884,0.7553399453594032,1.0,0.9554631194467001,0.8096,0.4446,0.0,0.0,0.412,0.412,0.6848005107943782,0.7319889250210139,1.0,0.9381392880887293,0.4446,0.4446,0.0,0.0,0.7698500222936033,0.6204831378505429,1.0,1.0,0.4446,0.4446,0.0,0.0,0.7294585182846698,0.7504850476497497,1.0,0.8786356286690434,0.8096,0.8096,0.0,0.0,0.8000768920913572,0.6567008001799022,1.0,0.8983514359066684,0.4446,0.8096,0.0,0.0
,73,1.0,0.6579894071662802,0.6988950137472342,0.7309879082947479,0.5804600346374162,0.7635765659865799,0.8076598699869192,0.0,1.0,0.7751757237372994,0.29794447756835424,0.6425249054314024,0.6897876748641267,0.6026017232984604,0.760228988267911,0.9422888321734924,0.8135,0.8870536913196253,0.0,1.0,0.6984254248895585,0.2605141829004735,0.7151936012971276,0.7834740013575927,0.7679290614752992,0.632000597100626,0.7120530244174867,0.7010535610860612,0.9854003780669247,0.407,0.42,0.8629780593219846,0.0,0.7258518724327553,0.252154458823732,0.8129075410015818,0.7403866401679478,0.7278708028291194,0.9242774938637816,0.0,0.25557053947196057,0.6216620189322337,0.6287922535029562,1.0,0.30130201054167105,0.8135,0.0,0.7612975923476397,0.2683391748758937,0.6047251157604782,0.6351356690638911,0.6809458602732612,1.0,0.9505457286937897,0.0,1.0,0.7914455168103458,0.2769834431129398,0.7818769515304889,0.764106993200562,0.7803485843093158,0.6381432103600724,0.6393353282764851,0.7715158675887872,1.0,0.8135,0.9221259709197351,0.0,1.0,0.8013636877221566,0.24439110348130325,0.6419750996553126,0.6983162151244735,0.7713290540456549,0.6351748308592249,0.7714804075551769,0.6385323821057172,1.0,0.42,0.8721749601670348,0.0,1.0,0.6552318077049649,0.29139313288332647,0.707062179505444,0.7231247168883197,0.7601913392105553,0.7637834981993078,0.968726824117902,0.42,0.8936120684172437,0.0,1.0,0.7184094055030743,0.2420213903287224,0.7091397588106423,0.6297354213189732,0.7531212408262454,0.5784301078394952,0.7006937328164304,0.9956805560780067,0.8135,0.8873864978976166,0.0,1.0,0.6803141320311843,0.6755359864161384,0.6285739959268501,0.6574296637093597,0.8019636371402328,0.723,0.9106012538453309,0.0,1.0,0.6895472665061904,0.6364226131028756,0.6095871001711561,0.6127470423492547,0.7517468469891132,1.0,0.42,0.9284616671078727,0.0,1.0,0.721673066861012,0.24125634592459677,0.6604698728380332,0.7019699479900342,0.7701577641731057,0.6327268190347601,0.8230040277470971,0.8135,0.7862851224199425,0.0,0.7399449799618062,0.8567418282233239,0.0,1.0,0.795480162349279,0.259062487618496,0.6334009499960954,0.5763723335222087,0.8720406533356605,0.0,0.821990310421925,0.2533521899230232,0.7388392496593642,0.7624583331241215,0.783895676537431,0.6447490471659538,0.8753635955766385,0.42,0.8041753718872703,0.0,0.42,0.0,0.6522260211706306,0.59737862932777,0.0,1.0,0.8077262395850673,0.29056979568806707,0.7629121737953647,0.7929354720819164,0.7096275321006006,0.6262307813512957,0.7235715629433557,0.703354068422942,0.8977925560507157,0.42,0.8199182633710775,0.0,1.0,0.8060661245623981,0.27150903746504634,0.6363698569249687,0.823849553632781,0.7514638683660905,0.7943004665017142,0.7452970979764153,0.6677129166406017,0.9696789566218669,0.8135,0.8490505861458282,0.0,0.6476387788090199,0.27242461971440357,0.7403783807787823,0.6615301643136193,0.8672407018145745,0.0,1.0,0.8234337881557885,0.24182524125918872,0.650503259500445,0.7881343544909858,0.6290321328497943,0.6961224440350297,0.6024706962315083,0.7939390525455738,0.919006284934533,0.407,0.8751197194079741,0.0,0.23433641801545355,0.7536997466302444,0.0,0.7788245431817497,0.0,1.0,0.2404476623534358,0.7705015768348216,0.6647084626939294,0.8135,0.7722667078696142,0.0,0.6967411438274631,0.29471897222359394,0.6882106596906054,0.6424104140621677,0.0,0.0,0.0,0.0,0.0,0.0,0.0,0.0,0.0,0.0,0.0,0.0,0.0,0.0,0.0,0.0,0.0,0.0,0.0,0.0,0.0,0.0,0.0,0.0,0.0,0.0,0.0,0.7830465177573397,0.7258094461833593,1.0,0.9776904238644691,0.42,0.8135,0.0,0.0,0.407,0.407,0.6861647515315018,0.6046045071839172,1.0,0.9880779334054279,0.42,0.8135,0.0,0.0,0.407,0.723,0.7796603690168504,0.7444813550041974,1.0,0.9515864017578219,0.42,0.42,0.0,0.0,0.407,0.407,0.7589771628113161,0.7418311361078651,1.0,1.0,0.8135,0.8135,0.0,0.0,0.6834201142734992,0.6640341787789541,1.0,0.9684571849523544,0.42,0.8135,0.0,0.0,0.6491004691464761,0.7036187529747548,1.0,0.9765602091610204,0.8135,0.8135,0.0,0.0,0.6898994648871721,0.6744259031188828,1.0,0.939650753514264,0.8135,0.0,0.0,0.723,0.407,0.6372633289977307,0.6721546830563248,1.0,1.0,0.8135,0.42,0.0,0.0,0.407,0.407,0.6073242415419456,0.6568506780501477,1.0,1.0,0.8135,0.42,0.0,0.0,0.723,0.723,0.6220023454371947,0.5775555787087024,1.0,0.9866662045823756,0.42,0.42,0.0,0.0,0.407,0.723,0.7716950588406811,0.7513717309901717,1.0,1.0,0.42,0.42,0.0,0.0,0.407,0.407,0.6850681808730359,0.6604394850465297,1.0,0.9169352132298011,0.0,0.407,0.723,0.7044183745203839,0.636375976833512,1.0,0.940936129060825,0.8135,0.42,0.0,0.0,0.407,0.723,0.6440853119283452,0.6324208751145189,1.0,0.8667156067489326,0.42,0.8135,0.0,0.0,0.6251213226745314,0.6505026640201985,1.0,0.9887701505657331,0.42,0.8135,0.0,0.0,0.796923751586113,0.6635031694157374,1.0,0.9012232831756093,0.42,0.8135,0.0,0.0,0.7715475312030017,0.6125554895412432,1.0,0.8741425002099529,0.8135,0.42,0.0,0.0,0.6465196931600968,0.7113340374462294,1.0,0.9783567570697123,0.8135,0.42,0.0,0.0,0.6267477643726668,0.7464151412967086,1.0,0.8881342098628935,0.8135,0.42,0.0,0.0,0.7349594159561526,0.5898381042105467,1.0,0.9831236598487865,0.42,0.42,0.0,0.0,0.6340080789673704,0.6482116670381479,1.0,0.8992934095442319,0.42,0.42,0.0,0.0,0.723,0.407,0.7899164098626725,0.7753436180652682,1.0,0.906259364359068,0.42,0.42,0.0,0.0,0.6433977134608884,0.7553399453594032,1.0,0.9554631194467001,0.8135,0.42,0.0,0.0,0.407,0.407,0.6848005107943782,0.7319889250210139,1.0,0.9381392880887293,0.42,0.42,0.0,0.0,0.7698500222936033,0.6204831378505429,1.0,1.0,0.42,0.42,0.0,0.0,0.7294585182846698,0.7504850476497497,1.0,0.8786356286690434,0.8135,0.8135,0.0,0.0,0.8000768920913572,0.6567008001799022,1.0,0.8983514359066684,0.42,0.8135,0.0,0.0
,74,1.0,0.6579894071662802,0.6988950137472342,0.7309879082947479,0.5804600346374162,0.7635765659865799,0.8076598699869192,0.0,1.0,0.7751757237372994,0.29794447756835424,0.6425249054314024,0.6897876748641267,0.6026017232984604,0.760228988267911,0.9422888321734924,0.812,0.8870536913196253,0.0,1.0,0.6984254248895585,0.2605141829004735,0.7151936012971276,0.7834740013575927,0.7679290614752992,0.632000597100626,0.7120530244174867,0.7010535610860612,0.9854003780669247,0.4133,0.4016,0.8629780593219846,0.0,0.7258518724327553,0.252154458823732,0.8129075410015818,0.7403866401679478,0.7278708028291194,0.9242774938637816,0.0,0.25557053947196057,0.6216620189322337,0.6287922535029562,1.0,0.30130201054167105,0.812,0.0,0.7612975923476397,0.2683391748758937,0.6047251157604782,0.6351356690638911,0.6809458602732612,1.0,0.9505457286937897,0.0,1.0,0.7914455168103458,0.2769834431129398,0.7818769515304889,0.764106993200562,0.7803485843093158,0.6381432103600724,0.6393353282764851,0.7715158675887872,1.0,0.812,0.9221259709197351,0.0,1.0,0.8013636877221566,0.24439110348130325,0.6419750996553126,0.6983162151244735,0.7713290540456549,0.6351748308592249,0.7714804075551769,0.6385323821057172,1.0,0.4016,0.8721749601670348,0.0,1.0,0.6552318077049649,0.29139313288332647,0.707062179505444,0.7231247168883197,0.7601913392105553,0.7637834981993078,0.968726824117902,0.4016,0.8936120684172437,0.0,1.0,0.7184094055030743,0.2420213903287224,0.7091397588106423,0.6297354213189732,0.7531212408262454,0.5784301078394952,0.7006937328164304,0.9956805560780067,0.812,0.8873864978976166,0.0,1.0,0.6803141320311843,0.6755359864161384,0.6285739959268501,0.6574296637093597,0.8019636371402328,0.7256,0.9106012538453309,0.0,1.0,0.6895472665061904,0.6364226131028756,0.6095871001711561,0.6127470423492547,0.7517468469891132,1.0,0.4016,0.9284616671078727,0.0,1.0,0.721673066861012,0.24125634592459677,0.6604698728380332,0.7019699479900342,0.7701577641731057,0.6327268190347601,0.8230040277470971,0.812,0.7862851224199425,0.0,0.7399449799618062,0.8567418282233239,0.0,1.0,0.795480162349279,0.259062487618496,0.6334009499960954,0.5763723335222087,0.8720406533356605,0.0,0.821990310421925,0.2533521899230232,0.7388392496593642,0.7624583331241215,0.783895676537431,0.6447490471659538,0.8753635955766385,0.4016,0.8041753718872703,0.0,0.4016,0.0,0.6522260211706306,0.59737862932777,0.0,1.0,0.8077262395850673,0.29056979568806707,0.7629121737953647,0.7929354720819164,0.7096275321006006,0.6262307813512957,0.7235715629433557,0.703354068422942,0.8977925560507157,0.4016,0.8199182633710775,0.0,1.0,0.8060661245623981,0.27150903746504634,0.6363698569249687,0.823849553632781,0.7514638683660905,0.7943004665017142,0.7452970979764153,0.6677129166406017,0.9696789566218669,0.812,0.8490505861458282,0.0,0.6476387788090199,0.27242461971440357,0.7403783807787823,0.6615301643136193,0.8672407018145745,0.0,1.0,0.8234337881557885,0.24182524125918872,0.650503259500445,0.7881343544909858,0.6290321328497943,0.6961224440350297,0.6024706962315083,0.7939390525455738,0.919006284934533,0.4133,0.8751197194079741,0.0,0.23433641801545355,0.7536997466302444,0.0,0.7788245431817497,0.0,1.0,0.2404476623534358,0.7705015768348216,0.6647084626939294,0.812,0.7722667078696142,0.0,0.6967411438274631,0.29471897222359394,0.6882106596906054,0.6424104140621677,0.0,0.0,0.0,0.0,0.0,0.0,0.0,0.0,0.0,0.0,0.0,0.0,0.0,0.0,0.0,0.0,0.0,0.0,0.0,0.0,0.0,0.0,0.0,0.0,0.0,0.0,0.0,0.7830465177573397,0.7258094461833593,1.0,0.9776904238644691,0.4016,0.812,0.0,0.0,0.4133,0.4133,0.6861647515315018,0.6046045071839172,1.0,0.9880779334054279,0.4016,0.812,0.0,0.0,0.4133,0.7256,0.7796603690168504,0.7444813550041974,1.0,0.9515864017578219,0.4016,0.4016,0.0,0.0,0.4133,0.4133,0.7589771628113161,0.7418311361078651,1.0,1.0,0.812,0.812,0.0,0.0,0.6834201142734992,0.6640341787789541,1.0,0.9684571849523544,0.4016,0.812,0.0,0.0,0.6491004691464761,0.7036187529747548,1.0,0.9765602091610204,0.812,0.812,0.0,0.0,0.6898994648871721,0.6744259031188828,1.0,0.939650753514264,0.812,0.0,0.0,0.7256,0.4133,0.6372633289977307,0.6721546830563248,1.0,1.0,0.812,0.4016,0.0,0.0,0.4133,0.4133,0.6073242415419456,0.6568506780501477,1.0,1.0,0.812,0.4016,0.0,0.0,0.7256,0.7256,0.6220023454371947,0.5775555787087024,1.0,0.9866662045823756,0.4016,0.4016,0.0,0.0,0.4133,0.7256,0.7716950588406811,0.7513717309901717,1.0,1.0,0.4016,0.4016,0.0,0.0,0.4133,0.4133,0.6850681808730359,0.6604394850465297,1.0,0.9169352132298011,0.0,0.4133,0.7256,0.7044183745203839,0.636375976833512,1.0,0.940936129060825,0.812,0.4016,0.0,0.0,0.4133,0.7256,0.6440853119283452,0.6324208751145189,1.0,0.8667156067489326,0.4016,0.812,0.0,0.0,0.6251213226745314,0.6505026640201985,1.0,0.9887701505657331,0.4016,0.812,0.0,0.0,0.796923751586113,0.6635031694157374,1.0,0.9012232831756093,0.4016,0.812,0.0,0.0,0.7715475312030017,0.6125554895412432,1.0,0.8741425002099529,0.812,0.4016,0.0,0.0,0.6465196931600968,0.7113340374462294,1.0,0.9783567570697123,0.812,0.4016,0.0,0.0,0.6267477643726668,0.7464151412967086,1.0,0.8881342098628935,0.812,0.4016,0.0,0.0,0.7349594159561526,0.5898381042105467,1.0,0.9831236598487865,0.4016,0.4016,0.0,0.0,0.6340080789673704,0.6482116670381479,1.0,0.8992934095442319,0.4016,0.4016,0.0,0.0,0.7256,0.4133,0.7899164098626725,0.7753436180652682,1.0,0.906259364359068,0.4016,0.4016,0.0,0.0,0.6433977134608884,0.7553399453594032,1.0,0.9554631194467001,0.812,0.4016,0.0,0.0,0.4133,0.4133,0.6848005107943782,0.7319889250210139,1.0,0.9381392880887293,0.4016,0.4016,0.0,0.0,0.7698500222936033,0.6204831378505429,1.0,1.0,0.4016,0.4016,0.0,0.0,0.7294585182846698,0.7504850476497497,1.0,0.8786356286690434,0.812,0.812,0.0,0.0,0.8000768920913572,0.6567008001799022,1.0,0.8983514359066684,0.4016,0.812,0.0,0.0
,75,1.0,0.6579894071662802,0.6988950137472342,0.7309879082947479,0.5804600346374162,0.7635765659865799,0.8076598699869192,0.0,1.0,0.7751757237372994,0.29794447756835424,0.6425249054314024,0.6897876748641267,0.6026017232984604,0.760228988267911,0.9422888321734924,0.801,0.8870536913196253,0.0,1.0,0.6984254248895585,0.2605141829004735,0.7151936012971276,0.7834740013575927,0.7679290614752992,0.632000597100626,0.7120530244174867,0.7010535610860612,0.9854003780669247,0.4453,0.3923,0.8629780593219846,0.0,0.7258518724327553,0.252154458823732,0.8129075410015818,0.7403866401679478,0.7278708028291194,0.9242774938637816,0.0,0.25557053947196057,0.6216620189322337,0.6287922535029562,1.0,0.30130201054167105,0.801,0.0,0.7612975923476397,0.2683391748758937,0.6047251157604782,0.6351356690638911,0.6809458602732612,1.0,0.9505457286937897,0.0,1.0,0.7914455168103458,0.2769834431129398,0.7818769515304889,0.764106993200562,0.7803485843093158,0.6381432103600724,0.6393353282764851,0.7715158675887872,1.0,0.801,0.9221259709197351,0.0,1.0,0.8013636877221566,0.24439110348130325,0.6419750996553126,0.6983162151244735,0.7713290540456549,0.6351748308592249,0.7714804075551769,0.6385323821057172,1.0,0.3923,0.8721749601670348,0.0,1.0,0.6552318077049649,0.29139313288332647,0.707062179505444,0.7231247168883197,0.7601913392105553,0.7637834981993078,0.968726824117902,0.3923,0.8936120684172437,0.0,1.0,0.7184094055030743,0.2420213903287224,0.7091397588106423,0.6297354213189732,0.7531212408262454,0.5784301078394952,0.7006937328164304,0.9956805560780067,0.801,0.8873864978976166,0.0,1.0,0.6803141320311843,0.6755359864161384,0.6285739959268501,0.6574296637093597,0.8019636371402328,0.7134,0.9106012538453309,0.0,1.0,0.6895472665061904,0.6364226131028756,0.6095871001711561,0.6127470423492547,0.7517468469891132,1.0,0.3923,0.9284616671078727,0.0,1.0,0.721673066861012,0.24125634592459677,0.6604698728380332,0.7019699479900342,0.7701577641731057,0.6327268190347601,0.8230040277470971,0.801,0.7862851224199425,0.0,0.7399449799618062,0.8567418282233239,0.0,1.0,0.795480162349279,0.259062487618496,0.6334009499960954,0.5763723335222087,0.8720406533356605,0.0,0.821990310421925,0.2533521899230232,0.7388392496593642,0.7624583331241215,0.783895676537431,0.6447490471659538,0.8753635955766385,0.3923,0.8041753718872703,0.0,0.3923,0.0,0.6522260211706306,0.59737862932777,0.0,1.0,0.8077262395850673,0.29056979568806707,0.7629121737953647,0.7929354720819164,0.7096275321006006,0.6262307813512957,0.7235715629433557,0.703354068422942,0.8977925560507157,0.3923,0.8199182633710775,0.0,1.0,0.8060661245623981,0.27150903746504634,0.6363698569249687,0.823849553632781,0.7514638683660905,0.7943004665017142,0.7452970979764153,0.6677129166406017,0.9696789566218669,0.801,0.8490505861458282,0.0,0.6476387788090199,0.27242461971440357,0.7403783807787823,0.6615301643136193,0.8672407018145745,0.0,1.0,0.8234337881557885,0.24182524125918872,0.650503259500445,0.7881343544909858,0.6290321328497943,0.6961224440350297,0.6024706962315083,0.7939390525455738,0.919006284934533,0.4453,0.8751197194079741,0.0,0.23433641801545355,0.7536997466302444,0.0,0.7788245431817497,0.0,1.0,0.2404476623534358,0.7705015768348216,0.6647084626939294,0.801,0.7722667078696142,0.0,0.6967411438274631,0.29471897222359394,0.6882106596906054,0.6424104140621677,0.0,0.0,0.0,0.0,0.0,0.0,0.0,0.0,0.0,0.0,0.0,0.0,0.0,0.0,0.0,0.0,0.0,0.0,0.0,0.0,0.0,0.0,0.0,0.0,0.0,0.0,0.0,0.7830465177573397,0.7258094461833593,1.0,0.9776904238644691,0.3923,0.801,0.0,0.0,0.4453,0.4453,0.6861647515315018,0.6046045071839172,1.0,0.9880779334054279,0.3923,0.801,0.0,0.0,0.4453,0.7134,0.7796603690168504,0.7444813550041974,1.0,0.9515864017578219,0.3923,0.3923,0.0,0.0,0.4453,0.4453,0.7589771628113161,0.7418311361078651,1.0,1.0,0.801,0.801,0.0,0.0,0.6834201142734992,0.6640341787789541,1.0,0.9684571849523544,0.3923,0.801,0.0,0.0,0.6491004691464761,0.7036187529747548,1.0,0.9765602091610204,0.801,0.801,0.0,0.0,0.6898994648871721,0.6744259031188828,1.0,0.939650753514264,0.801,0.0,0.0,0.7134,0.4453,0.6372633289977307,0.6721546830563248,1.0,1.0,0.801,0.3923,0.0,0.0,0.4453,0.4453,0.6073242415419456,0.6568506780501477,1.0,1.0,0.801,0.3923,0.0,0.0,0.7134,0.7134,0.6220023454371947,0.5775555787087024,1.0,0.9866662045823756,0.3923,0.3923,0.0,0.0,0.4453,0.7134,0.7716950588406811,0.7513717309901717,1.0,1.0,0.3923,0.3923,0.0,0.0,0.4453,0.4453,0.6850681808730359,0.6604394850465297,1.0,0.9169352132298011,0.0,0.4453,0.7134,0.7044183745203839,0.636375976833512,1.0,0.940936129060825,0.801,0.3923,0.0,0.0,0.4453,0.7134,0.6440853119283452,0.6324208751145189,1.0,0.8667156067489326,0.3923,0.801,0.0,0.0,0.6251213226745314,0.6505026640201985,1.0,0.9887701505657331,0.3923,0.801,0.0,0.0,0.796923751586113,0.6635031694157374,1.0,0.9012232831756093,0.3923,0.801,0.0,0.0,0.7715475312030017,0.6125554895412432,1.0,0.8741425002099529,0.801,0.3923,0.0,0.0,0.6465196931600968,0.7113340374462294,1.0,0.9783567570697123,0.801,0.3923,0.0,0.0,0.6267477643726668,0.7464151412967086,1.0,0.8881342098628935,0.801,0.3923,0.0,0.0,0.7349594159561526,0.5898381042105467,1.0,0.9831236598487865,0.3923,0.3923,0.0,0.0,0.6340080789673704,0.6482116670381479,1.0,0.8992934095442319,0.3923,0.3923,0.0,0.0,0.7134,0.4453,0.7899164098626725,0.7753436180652682,1.0,0.906259364359068,0.3923,0.3923,0.0,0.0,0.6433977134608884,0.7553399453594032,1.0,0.9554631194467001,0.801,0.3923,0.0,0.0,0.4453,0.4453,0.6848005107943782,0.7319889250210139,1.0,0.9381392880887293,0.3923,0.3923,0.0,0.0,0.7698500222936033,0.6204831378505429,1.0,1.0,0.3923,0.3923,0.0,0.0,0.7294585182846698,0.7504850476497497,1.0,0.8786356286690434,0.801,0.801,0.0,0.0,0.8000768920913572,0.6567008001799022,1.0,0.8983514359066684,0.3923,0.801,0.0,0.0
,76,1.0,0.6579894071662802,0.6988950137472342,0.7309879082947479,0.5804600346374162,0.7635765659865799,0.8076598699869192,0.0,1.0,0.7751757237372994,0.29794447756835424,0.6425249054314024,0.6897876748641267,0.6026017232984604,0.760228988267911,0.9422888321734924,0.7793,0.8870536913196253,0.0,1.0,0.6984254248895585,0.2605141829004735,0.7151936012971276,0.7834740013575927,0.7679290614752992,0.632000597100626,0.7120530244174867,0.7010535610860612,0.9854003780669247,0.4714,0.384,0.8629780593219846,0.0,0.7258518724327553,0.252154458823732,0.8129075410015818,0.7403866401679478,0.7278708028291194,0.9242774938637816,0.0,0.25557053947196057,0.6216620189322337,0.6287922535029562,1.0,0.30130201054167105,0.7793,0.0,0.7612975923476397,0.2683391748758937,0.6047251157604782,0.6351356690638911,0.6809458602732612,1.0,0.9505457286937897,0.0,1.0,0.7914455168103458,0.2769834431129398,0.7818769515304889,0.764106993200562,0.7803485843093158,0.6381432103600724,0.6393353282764851,0.7715158675887872,1.0,0.7793,0.9221259709197351,0.0,1.0,0.8013636877221566,0.24439110348130325,0.6419750996553126,0.6983162151244735,0.7713290540456549,0.6351748308592249,0.7714804075551769,0.6385323821057172,1.0,0.384,0.8721749601670348,0.0,1.0,0.6552318077049649,0.29139313288332647,0.707062179505444,0.7231247168883197,0.7601913392105553,0.7637834981993078,0.968726824117902,0.384,0.8936120684172437,0.0,1.0,0.7184094055030743,0.2420213903287224,0.7091397588106423,0.6297354213189732,0.7531212408262454,0.5784301078394952,0.7006937328164304,0.9956805560780067,0.7793,0.8873864978976166,0.0,1.0,0.6803141320311843,0.6755359864161384,0.6285739959268501,0.6574296637093597,0.8019636371402328,0.702,0.9106012538453309,0.0,1.0,0.6895472665061904,0.6364226131028756,0.6095871001711561,0.6127470423492547,0.7517468469891132,1.0,0.384,0.9284616671078727,0.0,1.0,0.721673066861012,0.24125634592459677,0.6604698728380332,0.7019699479900342,0.7701577641731057,0.6327268190347601,0.8230040277470971,0.7793,0.7862851224199425,0.0,0.7399449799618062,0.8567418282233239,0.0,1.0,0.795480162349279,0.259062487618496,0.6334009499960954,0.5763723335222087,0.8720406533356605,0.0,0.821990310421925,0.2533521899230232,0.7388392496593642,0.7624583331241215,0.783895676537431,0.6447490471659538,0.8753635955766385,0.384,0.8041753718872703,0.0,0.384,0.0,0.6522260211706306,0.59737862932777,0.0,1.0,0.8077262395850673,0.29056979568806707,0.7629121737953647,0.7929354720819164,0.7096275321006006,0.6262307813512957,0.7235715629433557,0.703354068422942,0.8977925560507157,0.384,0.8199182633710775,0.0,1.0,0.8060661245623981,0.27150903746504634,0.6363698569249687,0.823849553632781,0.7514638683660905,0.7943004665017142,0.7452970979764153,0.6677129166406017,0.9696789566218669,0.7793,0.8490505861458282,0.0,0.6476387788090199,0.27242461971440357,0.7403783807787823,0.6615301643136193,0.8672407018145745,0.0,1.0,0.8234337881557885,0.24182524125918872,0.650503259500445,0.7881343544909858,0.6290321328497943,0.6961224440350297,0.6024706962315083,0.7939390525455738,0.919006284934533,0.4714,0.8751197194079741,0.0,0.23433641801545355,0.7536997466302444,0.0,0.7788245431817497,0.0,1.0,0.2404476623534358,0.7705015768348216,0.6647084626939294,0.7793,0.7722667078696142,0.0,0.6967411438274631,0.29471897222359394,0.6882106596906054,0.6424104140621677,0.0,0.0,0.0,0.0,0.0,0.0,0.0,0.0,0.0,0.0,0.0,0.0,0.0,0.0,0.0,0.0,0.0,0.0,0.0,0.0,0.0,0.0,0.0,0.0,0.0,0.0,0.0,0.7830465177573397,0.7258094461833593,1.0,0.9776904238644691,0.384,0.7793,0.0,0.0,0.4714,0.4714,0.6861647515315018,0.6046045071839172,1.0,0.9880779334054279,0.384,0.7793,0.0,0.0,0.4714,0.702,0.7796603690168504,0.7444813550041974,1.0,0.9515864017578219,0.384,0.384,0.0,0.0,0.4714,0.4714,0.7589771628113161,0.7418311361078651,1.0,1.0,0.7793,0.7793,0.0,0.0,0.6834201142734992,0.6640341787789541,1.0,0.9684571849523544,0.384,0.7793,0.0,0.0,0.6491004691464761,0.7036187529747548,1.0,0.9765602091610204,0.7793,0.7793,0.0,0.0,0.6898994648871721,0.6744259031188828,1.0,0.939650753514264,0.7793,0.0,0.0,0.702,0.4714,0.6372633289977307,0.6721546830563248,1.0,1.0,0.7793,0.384,0.0,0.0,0.4714,0.4714,0.6073242415419456,0.6568506780501477,1.0,1.0,0.7793,0.384,0.0,0.0,0.702,0.702,0.6220023454371947,0.5775555787087024,1.0,0.9866662045823756,0.384,0.384,0.0,0.0,0.4714,0.702,0.7716950588406811,0.7513717309901717,1.0,1.0,0.384,0.384,0.0,0.0,0.4714,0.4714,0.6850681808730359,0.6604394850465297,1.0,0.9169352132298011,0.0,0.4714,0.702,0.7044183745203839,0.636375976833512,1.0,0.940936129060825,0.7793,0.384,0.0,0.0,0.4714,0.702,0.6440853119283452,0.6324208751145189,1.0,0.8667156067489326,0.384,0.7793,0.0,0.0,0.6251213226745314,0.6505026640201985,1.0,0.9887701505657331,0.384,0.7793,0.0,0.0,0.796923751586113,0.6635031694157374,1.0,0.9012232831756093,0.384,0.7793,0.0,0.0,0.7715475312030017,0.6125554895412432,1.0,0.8741425002099529,0.7793,0.384,0.0,0.0,0.6465196931600968,0.7113340374462294,1.0,0.9783567570697123,0.7793,0.384,0.0,0.0,0.6267477643726668,0.7464151412967086,1.0,0.8881342098628935,0.7793,0.384,0.0,0.0,0.7349594159561526,0.5898381042105467,1.0,0.9831236598487865,0.384,0.384,0.0,0.0,0.6340080789673704,0.6482116670381479,1.0,0.8992934095442319,0.384,0.384,0.0,0.0,0.702,0.4714,0.7899164098626725,0.7753436180652682,1.0,0.906259364359068,0.384,0.384,0.0,0.0,0.6433977134608884,0.7553399453594032,1.0,0.9554631194467001,0.7793,0.384,0.0,0.0,0.4714,0.4714,0.6848005107943782,0.7319889250210139,1.0,0.9381392880887293,0.384,0.384,0.0,0.0,0.7698500222936033,0.6204831378505429,1.0,1.0,0.384,0.384,0.0,0.0,0.7294585182846698,0.7504850476497497,1.0,0.8786356286690434,0.7793,0.7793,0.0,0.0,0.8000768920913572,0.6567008001799022,1.0,0.8983514359066684,0.384,0.7793,0.0,0.0
,77,1.0,0.6579894071662802,0.6988950137472342,0.7309879082947479,0.5804600346374162,0.7635765659865799,0.8076598699869192,0.0,1.0,0.7751757237372994,0.29794447756835424,0.6425249054314024,0.6897876748641267,0.6026017232984604,0.760228988267911,0.9422888321734924,0.7573,0.8870536913196253,0.0,1.0,0.6984254248895585,0.2605141829004735,0.7151936012971276,0.7834740013575927,0.7679290614752992,0.632000597100626,0.7120530244174867,0.7010535610860612,0.9854003780669247,0.4856,0.3752,0.8629780593219846,0.0,0.7258518724327553,0.252154458823732,0.8129075410015818,0.7403866401679478,0.7278708028291194,0.9242774938637816,0.0,0.25557053947196057,0.6216620189322337,0.6287922535029562,1.0,0.30130201054167105,0.7573,0.0,0.7612975923476397,0.2683391748758937,0.6047251157604782,0.6351356690638911,0.6809458602732612,1.0,0.9505457286937897,0.0,1.0,0.7914455168103458,0.2769834431129398,0.7818769515304889,0.764106993200562,0.7803485843093158,0.6381432103600724,0.6393353282764851,0.7715158675887872,1.0,0.7573,0.9221259709197351,0.0,1.0,0.8013636877221566,0.24439110348130325,0.6419750996553126,0.6983162151244735,0.7713290540456549,0.6351748308592249,0.7714804075551769,0.6385323821057172,1.0,0.3752,0.8721749601670348,0.0,1.0,0.6552318077049649,0.29139313288332647,0.707062179505444,0.7231247168883197,0.7601913392105553,0.7637834981993078,0.968726824117902,0.3752,0.8936120684172437,0.0,1.0,0.7184094055030743,0.2420213903287224,0.7091397588106423,0.6297354213189732,0.7531212408262454,0.5784301078394952,0.7006937328164304,0.9956805560780067,0.7573,0.8873864978976166,0.0,1.0,0.6803141320311843,0.6755359864161384,0.6285739959268501,0.6574296637093597,0.8019636371402328,0.699,0.9106012538453309,0.0,1.0,0.6895472665061904,0.6364226131028756,0.6095871001711561,0.6127470423492547,0.7517468469891132,1.0,0.3752,0.9284616671078727,0.0,1.0,0.721673066861012,0.24125634592459677,0.6604698728380332,0.7019699479900342,0.7701577641731057,0.6327268190347601,0.8230040277470971,0.7573,0.7862851224199425,0.0,0.7399449799618062,0.8567418282233239,0.0,1.0,0.795480162349279,0.259062487618496,0.6334009499960954,0.5763723335222087,0.8720406533356605,0.0,0.821990310421925,0.2533521899230232,0.7388392496593642,0.7624583331241215,0.783895676537431,0.6447490471659538,0.8753635955766385,0.3752,0.8041753718872703,0.0,0.3752,0.0,0.6522260211706306,0.59737862932777,0.0,1.0,0.8077262395850673,0.29056979568806707,0.7629121737953647,0.7929354720819164,0.7096275321006006,0.6262307813512957,0.7235715629433557,0.703354068422942,0.8977925560507157,0.3752,0.8199182633710775,0.0,1.0,0.8060661245623981,0.27150903746504634,0.6363698569249687,0.823849553632781,0.7514638683660905,0.7943004665017142,0.7452970979764153,0.6677129166406017,0.9696789566218669,0.7573,0.8490505861458282,0.0,0.6476387788090199,0.27242461971440357,0.7403783807787823,0.6615301643136193,0.8672407018145745,0.0,1.0,0.8234337881557885,0.24182524125918872,0.650503259500445,0.7881343544909858,0.6290321328497943,0.6961224440350297,0.6024706962315083,0.7939390525455738,0.919006284934533,0.4856,0.8751197194079741,0.0,0.23433641801545355,0.7536997466302444,0.0,0.7788245431817497,0.0,1.0,0.2404476623534358,0.7705015768348216,0.6647084626939294,0.7573,0.7722667078696142,0.0,0.6967411438274631,0.29471897222359394,0.6882106596906054,0.6424104140621677,0.0,0.0,0.0,0.0,0.0,0.0,0.0,0.0,0.0,0.0,0.0,0.0,0.0,0.0,0.0,0.0,0.0,0.0,0.0,0.0,0.0,0.0,0.0,0.0,0.0,0.0,0.0,0.7830465177573397,0.7258094461833593,1.0,0.9776904238644691,0.3752,0.7573,0.0,0.0,0.4856,0.4856,0.6861647515315018,0.6046045071839172,1.0,0.9880779334054279,0.3752,0.7573,0.0,0.0,0.4856,0.699,0.7796603690168504,0.7444813550041974,1.0,0.9515864017578219,0.3752,0.3752,0.0,0.0,0.4856,0.4856,0.7589771628113161,0.7418311361078651,1.0,1.0,0.7573,0.7573,0.0,0.0,0.6834201142734992,0.6640341787789541,1.0,0.9684571849523544,0.3752,0.7573,0.0,0.0,0.6491004691464761,0.7036187529747548,1.0,0.9765602091610204,0.7573,0.7573,0.0,0.0,0.6898994648871721,0.6744259031188828,1.0,0.939650753514264,0.7573,0.0,0.0,0.699,0.4856,0.6372633289977307,0.6721546830563248,1.0,1.0,0.7573,0.3752,0.0,0.0,0.4856,0.4856,0.6073242415419456,0.6568506780501477,1.0,1.0,0.7573,0.3752,0.0,0.0,0.699,0.699,0.6220023454371947,0.5775555787087024,1.0,0.9866662045823756,0.3752,0.3752,0.0,0.0,0.4856,0.699,0.7716950588406811,0.7513717309901717,1.0,1.0,0.3752,0.3752,0.0,0.0,0.4856,0.4856,0.6850681808730359,0.6604394850465297,1.0,0.9169352132298011,0.0,0.4856,0.699,0.7044183745203839,0.636375976833512,1.0,0.940936129060825,0.7573,0.3752,0.0,0.0,0.4856,0.699,0.6440853119283452,0.6324208751145189,1.0,0.8667156067489326,0.3752,0.7573,0.0,0.0,0.6251213226745314,0.6505026640201985,1.0,0.9887701505657331,0.3752,0.7573,0.0,0.0,0.796923751586113,0.6635031694157374,1.0,0.9012232831756093,0.3752,0.7573,0.0,0.0,0.7715475312030017,0.6125554895412432,1.0,0.8741425002099529,0.7573,0.3752,0.0,0.0,0.6465196931600968,0.7113340374462294,1.0,0.9783567570697123,0.7573,0.3752,0.0,0.0,0.6267477643726668,0.7464151412967086,1.0,0.8881342098628935,0.7573,0.3752,0.0,0.0,0.7349594159561526,0.5898381042105467,1.0,0.9831236598487865,0.3752,0.3752,0.0,0.0,0.6340080789673704,0.6482116670381479,1.0,0.8992934095442319,0.3752,0.3752,0.0,0.0,0.699,0.4856,0.7899164098626725,0.7753436180652682,1.0,0.906259364359068,0.3752,0.3752,0.0,0.0,0.6433977134608884,0.7553399453594032,1.0,0.9554631194467001,0.7573,0.3752,0.0,0.0,0.4856,0.4856,0.6848005107943782,0.7319889250210139,1.0,0.9381392880887293,0.3752,0.3752,0.0,0.0,0.7698500222936033,0.6204831378505429,1.0,1.0,0.3752,0.3752,0.0,0.0,0.7294585182846698,0.7504850476497497,1.0,0.8786356286690434,0.7573,0.7573,0.0,0.0,0.8000768920913572,0.6567008001799022,1.0,0.8983514359066684,0.3752,0.7573,0.0,0.0
,78,1.0,0.6579894071662802,0.6988950137472342,0.7309879082947479,0.5804600346374162,0.7635765659865799,0.8076598699869192,0.0,1.0,0.7751757237372994,0.29794447756835424,0.6425249054314024,0.6897876748641267,0.6026017232984604,0.760228988267911,0.9422888321734924,0.734,0.8870536913196253,0.0,1.0,0.6984254248895585,0.2605141829004735,0.7151936012971276,0.7834740013575927,0.7679290614752992,0.632000597100626,0.7120530244174867,0.7010535610860612,0.9854003780669247,0.487,0.3691,0.8629780593219846,0.0,0.7258518724327553,0.252154458823732,0.8129075410015818,0.7403866401679478,0.7278708028291194,0.9242774938637816,0.0,0.25557053947196057,0.6216620189322337,0.6287922535029562,1.0,0.30130201054167105,0.734,0.0,0.7612975923476397,0.2683391748758937,0.6047251157604782,0.6351356690638911,0.6809458602732612,1.0,0.9505457286937897,0.0,1.0,0.7914455168103458,0.2769834431129398,0.7818769515304889,0.764106993200562,0.7803485843093158,0.6381432103600724,0.6393353282764851,0.7715158675887872,1.0,0.734,0.9221259709197351,0.0,1.0,0.8013636877221566,0.24439110348130325,0.6419750996553126,0.6983162151244735,0.7713290540456549,0.6351748308592249,0.7714804075551769,0.6385323821057172,1.0,0.3691,0.8721749601670348,0.0,1.0,0.6552318077049649,0.29139313288332647,0.707062179505444,0.7231247168883197,0.7601913392105553,0.7637834981993078,0.968726824117902,0.3691,0.8936120684172437,0.0,1.0,0.7184094055030743,0.2420213903287224,0.7091397588106423,0.6297354213189732,0.7531212408262454,0.5784301078394952,0.7006937328164304,0.9956805560780067,0.734,0.8873864978976166,0.0,1.0,0.6803141320311843,0.6755359864161384,0.6285739959268501,0.6574296637093597,0.8019636371402328,0.695,0.9106012538453309,0.0,1.0,0.6895472665061904,0.6364226131028756,0.6095871001711561,0.6127470423492547,0.7517468469891132,1.0,0.3691,0.9284616671078727,0.0,1.0,0.721673066861012,0.24125634592459677,0.6604698728380332,0.7019699479900342,0.7701577641731057,0.6327268190347601,0.8230040277470971,0.734,0.7862851224199425,0.0,0.7399449799618062,0.8567418282233239,0.0,1.0,0.795480162349279,0.259062487618496,0.6334009499960954,0.5763723335222087,0.8720406533356605,0.0,0.821990310421925,0.2533521899230232,0.7388392496593642,0.7624583331241215,0.783895676537431,0.6447490471659538,0.8753635955766385,0.3691,0.8041753718872703,0.0,0.3691,0.0,0.6522260211706306,0.59737862932777,0.0,1.0,0.8077262395850673,0.29056979568806707,0.7629121737953647,0.7929354720819164,0.7096275321006006,0.6262307813512957,0.7235715629433557,0.703354068422942,0.8977925560507157,0.3691,0.8199182633710775,0.0,1.0,0.8060661245623981,0.27150903746504634,0.6363698569249687,0.823849553632781,0.7514638683660905,0.7943004665017142,0.7452970979764153,0.6677129166406017,0.9696789566218669,0.734,0.8490505861458282,0.0,0.6476387788090199,0.27242461971440357,0.7403783807787823,0.6615301643136193,0.8672407018145745,0.0,1.0,0.8234337881557885,0.24182524125918872,0.650503259500445,0.7881343544909858,0.6290321328497943,0.6961224440350297,0.6024706962315083,0.7939390525455738,0.919006284934533,0.487,0.8751197194079741,0.0,0.23433641801545355,0.7536997466302444,0.0,0.7788245431817497,0.0,1.0,0.2404476623534358,0.7705015768348216,0.6647084626939294,0.734,0.7722667078696142,0.0,0.6967411438274631,0.29471897222359394,0.6882106596906054,0.6424104140621677,0.0,0.0,0.0,0.0,0.0,0.0,0.0,0.0,0.0,0.0,0.0,0.0,0.0,0.0,0.0,0.0,0.0,0.0,0.0,0.0,0.0,0.0,0.0,0.0,0.0,0.0,0.0,0.7830465177573397,0.7258094461833593,1.0,0.9776904238644691,0.3691,0.734,0.0,0.0,0.487,0.487,0.6861647515315018,0.6046045071839172,1.0,0.9880779334054279,0.3691,0.734,0.0,0.0,0.487,0.695,0.7796603690168504,0.7444813550041974,1.0,0.9515864017578219,0.3691,0.3691,0.0,0.0,0.487,0.487,0.7589771628113161,0.7418311361078651,1.0,1.0,0.734,0.734,0.0,0.0,0.6834201142734992,0.6640341787789541,1.0,0.9684571849523544,0.3691,0.734,0.0,0.0,0.6491004691464761,0.7036187529747548,1.0,0.9765602091610204,0.734,0.734,0.0,0.0,0.6898994648871721,0.6744259031188828,1.0,0.939650753514264,0.734,0.0,0.0,0.695,0.487,0.6372633289977307,0.6721546830563248,1.0,1.0,0.734,0.3691,0.0,0.0,0.487,0.487,0.6073242415419456,0.6568506780501477,1.0,1.0,0.734,0.3691,0.0,0.0,0.695,0.695,0.6220023454371947,0.5775555787087024,1.0,0.9866662045823756,0.3691,0.3691,0.0,0.0,0.487,0.695,0.7716950588406811,0.7513717309901717,1.0,1.0,0.3691,0.3691,0.0,0.0,0.487,0.487,0.6850681808730359,0.6604394850465297,1.0,0.9169352132298011,0.0,0.487,0.695,0.7044183745203839,0.636375976833512,1.0,0.940936129060825,0.734,0.3691,0.0,0.0,0.487,0.695,0.6440853119283452,0.6324208751145189,1.0,0.8667156067489326,0.3691,0.734,0.0,0.0,0.6251213226745314,0.6505026640201985,1.0,0.9887701505657331,0.3691,0.734,0.0,0.0,0.796923751586113,0.6635031694157374,1.0,0.9012232831756093,0.3691,0.734,0.0,0.0,0.7715475312030017,0.6125554895412432,1.0,0.8741425002099529,0.734,0.3691,0.0,0.0,0.6465196931600968,0.7113340374462294,1.0,0.9783567570697123,0.734,0.3691,0.0,0.0,0.6267477643726668,0.7464151412967086,1.0,0.8881342098628935,0.734,0.3691,0.0,0.0,0.7349594159561526,0.5898381042105467,1.0,0.9831236598487865,0.3691,0.3691,0.0,0.0,0.6340080789673704,0.6482116670381479,1.0,0.8992934095442319,0.3691,0.3691,0.0,0.0,0.695,0.487,0.7899164098626725,0.7753436180652682,1.0,0.906259364359068,0.3691,0.3691,0.0,0.0,0.6433977134608884,0.7553399453594032,1.0,0.9554631194467001,0.734,0.3691,0.0,0.0,0.487,0.487,0.6848005107943782,0.7319889250210139,1.0,0.9381392880887293,0.3691,0.3691,0.0,0.0,0.7698500222936033,0.6204831378505429,1.0,1.0,0.3691,0.3691,0.0,0.0,0.7294585182846698,0.7504850476497497,1.0,0.8786356286690434,0.734,0.734,0.0,0.0,0.8000768920913572,0.6567008001799022,1.0,0.8983514359066684,0.3691,0.734,0.0,0.0
,79,1.0,0.6579894071662802,0.6988950137472342,0.7309879082947479,0.5804600346374162,0.7635765659865799,0.8076598699869192,0.0,1.0,0.7751757237372994,0.29794447756835424,0.6425249054314024,0.6897876748641267,0.6026017232984604,0.760228988267911,0.9422888321734924,0.7134,0.8870536913196253,0.000603,1.0,0.6984254248895585,0.2605141829004735,0.7151936012971276,0.7834740013575927,0.7679290614752992,0.632000597100626,0.7120530244174867,0.7010535610860612,0.9854003780669247,0.5034,0.363,0.8629780593219846,0.0,0.7258518724327553,0.252154458823732,0.8129075410015818,0.7403866401679478,0.7278708028291194,0.9242774938637816,0.0,0.25557053947196057,0.6216620189322337,0.6287922535029562,1.0,0.30130201054167105,0.7134,0.000603,0.7612975923476397,0.2683391748758937,0.6047251157604782,0.6351356690638911,0.6809458602732612,1.0,0.9505457286937897,0.000603,1.0,0.7914455168103458,0.2769834431129398,0.7818769515304889,0.764106993200562,0.7803485843093158,0.6381432103600724,0.6393353282764851,0.7715158675887872,1.0,0.7134,0.9221259709197351,0.0,1.0,0.8013636877221566,0.24439110348130325,0.6419750996553126,0.6983162151244735,0.7713290540456549,0.6351748308592249,0.7714804075551769,0.6385323821057172,1.0,0.363,0.8721749601670348,0.000603,1.0,0.6552318077049649,0.29139313288332647,0.707062179505444,0.7231247168883197,0.7601913392105553,0.7637834981993078,0.968726824117902,0.363,0.8936120684172437,0.0,1.0,0.7184094055030743,0.2420213903287224,0.7091397588106423,0.6297354213189732,0.7531212408262454,0.5784301078394952,0.7006937328164304,0.9956805560780067,0.7134,0.8873864978976166,0.0,1.0,0.6803141320311843,0.6755359864161384,0.6285739959268501,0.6574296637093597,0.8019636371402328,0.698,0.9106012538453309,0.0,1.0,0.6895472665061904,0.6364226131028756,0.6095871001711561,0.6127470423492547,0.7517468469891132,1.0,0.363,0.9284616671078727,0.000603,1.0,0.721673066861012,0.24125634592459677,0.6604698728380332,0.7019699479900342,0.7701577641731057,0.6327268190347601,0.8230040277470971,0.7134,0.7862851224199425,0.0,0.7399449799618062,0.8567418282233239,0.000603,1.0,0.795480162349279,0.259062487618496,0.6334009499960954,0.5763723335222087,0.8720406533356605,0.000603,0.821990310421925,0.2533521899230232,0.7388392496593642,0.7624583331241215,0.783895676537431,0.6447490471659538,0.8753635955766385,0.363,0.8041753718872703,0.000603,0.363,0.0,0.6522260211706306,0.59737862932777,0.000603,1.0,0.8077262395850673,0.29056979568806707,0.7629121737953647,0.7929354720819164,0.7096275321006006,0.6262307813512957,0.7235715629433557,0.703354068422942,0.8977925560507157,0.363,0.8199182633710775,0.0,1.0,0.8060661245623981,0.27150903746504634,0.6363698569249687,0.823849553632781,0.7514638683660905,0.7943004665017142,0.7452970979764153,0.6677129166406017,0.9696789566218669,0.7134,0.8490505861458282,0.0,0.6476387788090199,0.27242461971440357,0.7403783807787823,0.6615301643136193,0.8672407018145745,0.0,1.0,0.8234337881557885,0.24182524125918872,0.650503259500445,0.7881343544909858,0.6290321328497943,0.6961224440350297,0.6024706962315083,0.7939390525455738,0.919006284934533,0.5034,0.8751197194079741,0.0,0.23433641801545355,0.7536997466302444,0.000603,0.7788245431817497,0.0,1.0,0.2404476623534358,0.7705015768348216,0.6647084626939294,0.7134,0.7722667078696142,0.000603,0.6967411438274631,0.29471897222359394,0.6882106596906054,0.6424104140621677,0.0,0.0004702405740238244,0.0004803283098583926,0.0004863172780521404,0.0,0.0004723947225967571,0.0,0.0,0.0,0.0,0.0,0.0,0.0004921422527292627,0.0,0.0,0.0004941093600571683,0.00048703464219447464,0.0004768402950298706,0.0,0.00047058924775003955,0.0,0.0,0.0004962553991203548,0.0,0.000481014441982099,0.0,0.0,0.7830465177573397,0.7258094461833593,1.0,0.9776904238644691,0.363,0.7134,0.000603,0.000603,0.5034,0.5034,0.6861647515315018,0.6046045071839172,1.0,0.9880779334054279,0.363,0.7134,0.0,0.0,0.5034,0.698,0.7796603690168504,0.7444813550041974,1.0,0.9515864017578219,0.363,0.363,0.000603,0.0,0.5034,0.5034,0.7589771628113161,0.7418311361078651,1.0,1.0,0.7134,0.7134,0.0,0.000603,0.6834201142734992,0.6640341787789541,1.0,0.9684571849523544,0.363,0.7134,0.0,0.0,0.6491004691464761,0.7036187529747548,1.0,0.9765602091610204,0.7134,0.7134,0.0,0.0,0.6898994648871721,0.6744259031188828,1.0,0.939650753514264,0.7134,0.000603,0.0,0.698,0.5034,0.6372633289977307,0.6721546830563248,1.0,1.0,0.7134,0.363,0.0,0.0,0.5034,0.5034,0.6073242415419456,0.6568506780501477,1.0,1.0,0.7134,0.363,0.000603,0.0,0.698,0.698,0.6220023454371947,0.5775555787087024,1.0,0.9866662045823756,0.363,0.363,0.000603,0.0,0.5034,0.698,0.7716950588406811,0.7513717309901717,1.0,1.0,0.363,0.363,0.0,0.0,0.5034,0.5034,0.6850681808730359,0.6604394850465297,1.0,0.9169352132298011,0.000603,0.5034,0.698,0.7044183745203839,0.636375976833512,1.0,0.940936129060825,0.7134,0.363,0.0,0.0,0.5034,0.698,0.6440853119283452,0.6324208751145189,1.0,0.8667156067489326,0.363,0.7134,0.000603,0.000603,0.6251213226745314,0.6505026640201985,1.0,0.9887701505657331,0.363,0.7134,0.0,0.000603,0.796923751586113,0.6635031694157374,1.0,0.9012232831756093,0.363,0.7134,0.0,0.000603,0.7715475312030017,0.6125554895412432,1.0,0.8741425002099529,0.7134,0.363,0.000603,0.0,0.6465196931600968,0.7113340374462294,1.0,0.9783567570697123,0.7134,0.363,0.0,0.000603,0.6267477643726668,0.7464151412967086,1.0,0.8881342098628935,0.7134,0.363,0.000603,0.0,0.7349594159561526,0.5898381042105467,1.0,0.9831236598487865,0.363,0.363,0.000603,0.000603,0.6340080789673704,0.6482116670381479,1.0,0.8992934095442319,0.363,0.363,0.0,0.000603,0.698,0.5034,0.7899164098626725,0.7753436180652682,1.0,0.906259364359068,0.363,0.363,0.000603,0.0,0.6433977134608884,0.7553399453594032,1.0,0.9554631194467001,0.7134,0.363,0.0,0.0,0.5034,0.5034,0.6848005107943782,0.7319889250210139,1.0,0.9381392880887293,0.363,0.363,0.0,0.000603,0.7698500222936033,0.6204831378505429,1.0,1.0,0.363,0.363,0.0,0.000603,0.7294585182846698,0.7504850476497497,1.0,0.8786356286690434,0.7134,0.7134,0.000603,0.0,0.8000768920913572,0.6567008001799022,1.0,0.8983514359066684,0.363,0.7134,0.000603,0.000603
,80,1.0,0.6579894071662802,0.6988950137472342,0.7309879082947479,0.5804600346374162,0.7635765659865799,0.8076598699869192,0.02524,1.0,0.7751757237372994,0.29794447756835424,0.6425249054314024,0.6897876748641267,0.6026017232984604,0.760228988267911,0.9422888321734924,0.677,0.8870536913196253,0.1329,1.0,0.6984254248895585,0.2605141829004735,0.7151936012971276,0.7834740013575927,0.7679290614752992,0.632000597100626,0.7120530244174867,0.7010535610860612,0.9854003780669247,0.51,0.3164,0.8629780593219846,0.02524,0.7258518724327553,0.252154458823732,0.8129075410015818,0.7403866401679478,0.7278708028291194,0.9242774938637816,0.02524,0.25557053947196057,0.6216620189322337,0.6287922535029562,1.0,0.30130201054167105,0.677,0.1329,0.7612975923476397,0.2683391748758937,0.6047251157604782,0.6351356690638911,0.6809458602732612,1.0,0.9505457286937897,0.1329,1.0,0.7914455168103458,0.2769834431129398,0.7818769515304889,0.764106993200562,0.7803485843093158,0.6381432103600724,0.6393353282764851,0.7715158675887872,1.0,0.677,0.9221259709197351,0.02524,1.0,0.8013636877221566,0.24439110348130325,0.6419750996553126,0.6983162151244735,0.7713290540456549,0.6351748308592249,0.7714804075551769,0.6385323821057172,1.0,0.3164,0.8721749601670348,0.1329,1.0,0.6552318077049649,0.29139313288332647,0.707062179505444,0.7231247168883197,0.7601913392105553,0.7637834981993078,0.968726824117902,0.3164,0.8936120684172437,0.02524,1.0,0.7184094055030743,0.2420213903287224,0.7091397588106423,0.6297354213189732,0.7531212408262454,0.5784301078394952,0.7006937328164304,0.9956805560780067,0.677,0.8873864978976166,0.02524,1.0,0.6803141320311843,0.6755359864161384,0.6285739959268501,0.6574296637093597,0.8019636371402328,0.6875,0.9106012538453309,0.02524,1.0,0.6895472665061904,0.6364226131028756,0.6095871001711561,0.6127470423492547,0.7517468469891132,1.0,0.3164,0.9284616671078727,0.1329,1.0,0.721673066861012,0.24125634592459677,0.6604698728380332,0.7019699479900342,0.7701577641731057,0.6327268190347601,0.8230040277470971,0.677,0.7862851224199425,0.02524,0.7399449799618062,0.8567418282233239,0.1329,1.0,0.795480162349279,0.259062487618496,0.6334009499960954,0.5763723335222087,0.8720406533356605,0.1329,0.821990310421925,0.2533521899230232,0.7388392496593642,0.7624583331241215,0.783895676537431,0.6447490471659538,0.8753635955766385,0.3164,0.8041753718872703,0.1329,0.3164,0.02524,0.6522260211706306,0.59737862932777,0.1329,1.0,0.8077262395850673,0.29056979568806707,0.7629121737953647,0.7929354720819164,0.7096275321006006,0.6262307813512957,0.7235715629433557,0.703354068422942,0.8977925560507157,0.3164,0.8199182633710775,0.02524,1.0,0.8060661245623981,0.27150903746504634,0.6363698569249687,0.823849553632781,0.7514638683660905,0.7943004665017142,0.7452970979764153,0.6677129166406017,0.9696789566218669,0.677,0.8490505861458282,0.02524,0.6476387788090199,0.27242461971440357,0.7403783807787823,0.6615301643136193,0.8672407018145745,0.02524,1.0,0.8234337881557885,0.24182524125918872,0.650503259500445,0.7881343544909858,0.6290321328497943,0.6961224440350297,0.6024706962315083,0.7939390525455738,0.919006284934533,0.51,0.8751197194079741,0.02524,0.23433641801545355,0.7536997466302444,0.1329,0.7788245431817497,0.02524,1.0,0.2404476623534358,0.7705015768348216,0.6647084626939294,0.677,0.7722667078696142,0.1329,0.6967411438274631,0.29471897222359394,0.6882106596906054,0.6424104140621677,0.020568689874404102,0.10364008671271353,0.10586340361555617,0.10718336028711352,0.02067059120138073,0.10411485677132506,0.019880727164694703,0.01988025730207537,0.020673114485948916,0.019815899050989582,0.020087386685233827,0.020204115098931767,0.1084671731139619,0.019611654156839325,0.020215362523609413,0.10890071965439083,0.10734146591649366,0.10509465208867297,0.020303109790231526,0.10371693370809329,0.02076379563452354,0.019992398669105727,0.10937370239319263,0.019735608520591814,0.106014625770184,0.02008751634443549,0.019745905740295555,0.7830465177573397,0.7258094461833593,1.0,0.9776904238644691,0.3164,0.677,0.1329,0.1329,0.51,0.51,0.6861647515315018,0.6046045071839172,1.0,0.9880779334054279,0.3164,0.677,0.02524,0.02524,0.51,0.6875,0.7796603690168504,0.7444813550041974,1.0,0.9515864017578219,0.3164,0.3164,0.1329,0.02524,0.51,0.51,0.7589771628113161,0.7418311361078651,1.0,1.0,0.677,0.677,0.02524,0.1329,0.6834201142734992,0.6640341787789541,1.0,0.9684571849523544,0.3164,0.677,0.02524,0.02524,0.6491004691464761,0.7036187529747548,1.0,0.9765602091610204,0.677,0.677,0.02524,0.02524,0.6898994648871721,0.6744259031188828,1.0,0.939650753514264,0.677,0.1329,0.02524,0.6875,0.51,0.6372633289977307,0.6721546830563248,1.0,1.0,0.677,0.3164,0.02524,0.02524,0.51,0.51,0.6073242415419456,0.6568506780501477,1.0,1.0,0.677,0.3164,0.1329,0.02524,0.6875,0.6875,0.6220023454371947,0.5775555787087024,1.0,0.9866662045823756,0.3164,0.3164,0.1329,0.02524,0.51,0.6875,0.7716950588406811,0.7513717309901717,1.0,1.0,0.3164,0.3164,0.02524,0.02524,0.51,0.51,0.6850681808730359,0.6604394850465297,1.0,0.9169352132298011,0.1329,0.51,0.6875,0.7044183745203839,0.636375976833512,1.0,0.940936129060825,0.677,0.3164,0.02524,0.02524,0.51,0.6875,0.6440853119283452,0.6324208751145189,1.0,0.8667156067489326,0.3164,0.677,0.1329,0.1329,0.6251213226745314,0.6505026640201985,1.0,0.9887701505657331,0.3164,0.677,0.02524,0.1329,0.796923751586113,0.6635031694157374,1.0,0.9012232831756093,0.3164,0.677,0.02524,0.1329,0.7715475312030017,0.6125554895412432,1.0,0.8741425002099529,0.677,0.3164,0.1329,0.02524,0.6465196931600968,0.7113340374462294,1.0,0.9783567570697123,0.677,0.3164,0.02524,0.1329,0.6267477643726668,0.7464151412967086,1.0,0.8881342098628935,0.677,0.3164,0.1329,0.02524,0.7349594159561526,0.5898381042105467,1.0,0.9831236598487865,0.3164,0.3164,0.1329,0.1329,0.6340080789673704,0.6482116670381479,1.0,0.8992934095442319,0.3164,0.3164,0.02524,0.1329,0.6875,0.51,0.7899164098626725,0.7753436180652682,1.0,0.906259364359068,0.3164,0.3164,0.1329,0.02524,0.6433977134608884,0.7553399453594032,1.0,0.9554631194467001,0.677,0.3164,0.02524,0.02524,0.51,0.51,0.6848005107943782,0.7319889250210139,1.0,0.9381392880887293,0.3164,0.3164,0.02524,0.1329,0.7698500222936033,0.6204831378505429,1.0,1.0,0.3164,0.3164,0.02524,0.1329,0.7294585182846698,0.7504850476497497,1.0,0.8786356286690434,0.677,0.677,0.1329,0.02524,0.8000768920913572,0.6567008001799022,1.0,0.8983514359066684,0.3164,0.677,0.1329,0.1329
,81,1.0,0.6579894071662802,0.6988950137472342,0.7309879082947479,0.5804600346374162,0.7635765659865799,0.8076598699869192,0.1067,1.0,0.7751757237372994,0.29794447756835424,0.6425249054314024,0.6897876748641267,0.6026017232984604,0.760228988267911,0.9422888321734924,0.5215,0.8870536913196253,0.3962,1.0,0.6984254248895585,0.2605141829004735,0.7151936012971276,0.7834740013575927,0.7679290614752992,0.632000597100626,0.7120530244174867,0.7010535610860612,0.9854003780669247,0.4993,0.2238,0.8629780593219846,0.1067,0.7258518724327553,0.252154458823732,0.8129075410015818,0.7403866401679478,0.7278708028291194,0.9242774938637816,0.1067,0.25557053947196057,0.6216620189322337,0.6287922535029562,1.0,0.30130201054167105,0.5215,0.3962,0.7612975923476397,0.2683391748758937,0.6047251157604782,0.6351356690638911,0.6809458602732612,1.0,0.9505457286937897,0.3962,1.0,0.7914455168103458,0.2769834431129398,0.7818769515304889,0.764106993200562,0.7803485843093158,0.6381432103600724,0.6393353282764851,0.7715158675887872,1.0,0.5215,0.9221259709197351,0.1067,1.0,0.8013636877221566,0.24439110348130325,0.6419750996553126,0.6983162151244735,0.7713290540456549,0.6351748308592249,0.7714804075551769,0.6385323821057172,1.0,0.2238,0.8721749601670348,0.3962,1.0,0.6552318077049649,0.29139313288332647,0.707062179505444,0.7231247168883197,0.7601913392105553,0.7637834981993078,0.968726824117902,0.2238,0.8936120684172437,0.1067,1.0,0.7184094055030743,0.2420213903287224,0.7091397588106423,0.6297354213189732,0.7531212408262454,0.5784301078394952,0.7006937328164304,0.9956805560780067,0.5215,0.8873864978976166,0.1067,1.0,0.6803141320311843,0.6755359864161384,0.6285739959268501,0.6574296637093597,0.8019636371402328,0.661,0.9106012538453309,0.1067,1.0,0.6895472665061904,0.6364226131028756,0.6095871001711561,0.6127470423492547,0.7517468469891132,1.0,0.2238,0.9284616671078727,0.3962,1.0,0.721673066861012,0.24125634592459677,0.6604698728380332,0.7019699479900342,0.7701577641731057,0.6327268190347601,0.8230040277470971,0.5215,0.7862851224199425,0.1067,0.7399449799618062,0.8567418282233239,0.3962,1.0,0.795480162349279,0.259062487618496,0.6334009499960954,0.5763723335222087,0.8720406533356605,0.3962,0.821990310421925,0.2533521899230232,0.7388392496593642,0.7624583331241215,0.783895676537431,0.6447490471659538,0.8753635955766385,0.2238,0.8041753718872703,0.3962,0.2238,0.1067,0.6522260211706306,0.59737862932777,0.3962,1.0,0.8077262395850673,0.29056979568806707,0.7629121737953647,0.7929354720819164,0.7096275321006006,0.6262307813512957,0.7235715629433557,0.703354068422942,0.8977925560507157,0.2238,0.8199182633710775,0.1067,1.0,0.8060661245623981,0.27150903746504634,0.6363698569249687,0.823849553632781,0.7514638683660905,0.7943004665017142,0.7452970979764153,0.6677129166406017,0.9696789566218669,0.5215,0.8490505861458282,0.1067,0.6476387788090199,0.27242461971440357,0.7403783807787823,0.6615301643136193,0.8672407018145745,0.1067,1.0,0.8234337881557885,0.24182524125918872,0.650503259500445,0.7881343544909858,0.6290321328497943,0.6961224440350297,0.6024706962315083,0.7939390525455738,0.919006284934533,0.4993,0.8751197194079741,0.1067,0.23433641801545355,0.7536997466302444,0.3962,0.7788245431817497,0.1067,1.0,0.2404476623534358,0.7705015768348216,0.6647084626939294,0.5215,0.7722667078696142,0.3962,0.6967411438274631,0.29471897222359394,0.6882106596906054,0.6424104140621677,0.0869524251029682,0.3089706723519722,0.31559879994344137,0.3195338400733964,0.08738320448444231,0.3103860515635741,0.0840441199870414,0.08404213368191132,0.08739387146001384,0.08377006453013425,0.08491775591578642,0.08541121557274246,0.32336112857600985,0.08290663623354817,0.08545876312476722,0.3246536126942788,0.3200051828150097,0.31330700645246223,0.08582970739372836,0.3091997677588154,0.08777721847082653,0.08451620198072825,0.32606366356796784,0.0834306429931516,0.3160496217467788,0.08491830403927365,0.08347417363270743,0.7830465177573397,0.7258094461833593,1.0,0.9776904238644691,0.2238,0.5215,0.3962,0.3962,0.4993,0.4993,0.6861647515315018,0.6046045071839172,1.0,0.9880779334054279,0.2238,0.5215,0.1067,0.1067,0.4993,0.661,0.7796603690168504,0.7444813550041974,1.0,0.9515864017578219,0.2238,0.2238,0.3962,0.1067,0.4993,0.4993,0.7589771628113161,0.7418311361078651,1.0,1.0,0.5215,0.5215,0.1067,0.3962,0.6834201142734992,0.6640341787789541,1.0,0.9684571849523544,0.2238,0.5215,0.1067,0.1067,0.6491004691464761,0.7036187529747548,1.0,0.9765602091610204,0.5215,0.5215,0.1067,0.1067,0.6898994648871721,0.6744259031188828,1.0,0.939650753514264,0.5215,0.3962,0.1067,0.661,0.4993,0.6372633289977307,0.6721546830563248,1.0,1.0,0.5215,0.2238,0.1067,0.1067,0.4993,0.4993,0.6073242415419456,0.6568506780501477,1.0,1.0,0.5215,0.2238,0.3962,0.1067,0.661,0.661,0.6220023454371947,0.5775555787087024,1.0,0.9866662045823756,0.2238,0.2238,0.3962,0.1067,0.4993,0.661,0.7716950588406811,0.7513717309901717,1.0,1.0,0.2238,0.2238,0.1067,0.1067,0.4993,0.4993,0.6850681808730359,0.6604394850465297,1.0,0.9169352132298011,0.3962,0.4993,0.661,0.7044183745203839,0.636375976833512,1.0,0.940936129060825,0.5215,0.2238,0.1067,0.1067,0.4993,0.661,0.6440853119283452,0.6324208751145189,1.0,0.8667156067489326,0.2238,0.5215,0.3962,0.3962,0.6251213226745314,0.6505026640201985,1.0,0.9887701505657331,0.2238,0.5215,0.1067,0.3962,0.796923751586113,0.6635031694157374,1.0,0.9012232831756093,0.2238,0.5215,0.1067,0.3962,0.7715475312030017,0.6125554895412432,1.0,0.8741425002099529,0.5215,0.2238,0.3962,0.1067,0.6465196931600968,0.7113340374462294,1.0,0.9783567570697123,0.5215,0.2238,0.1067,0.3962,0.6267477643726668,0.7464151412967086,1.0,0.8881342098628935,0.5215,0.2238,0.3962,0.1067,0.7349594159561526,0.5898381042105467,1.0,0.9831236598487865,0.2238,0.2238,0.3962,0.3962,0.6340080789673704,0.6482116670381479,1.0,0.8992934095442319,0.2238,0.2238,0.1067,0.3962,0.661,0.4993,0.7899164098626725,0.7753436180652682,1.0,0.906259364359068,0.2238,0.2238,0.3962,0.1067,0.6433977134608884,0.7553399453594032,1.0,0.9554631194467001,0.5215,0.2238,0.1067,0.1067,0.4993,0.4993,0.6848005107943782,0.7319889250210139,1.0,0.9381392880887293,0.2238,0.2238,0.1067,0.3962,0.7698500222936033,0.6204831378505429,1.0,1.0,0.2238,0.2238,0.1067,0.3962,0.7294585182846698,0.7504850476497497,1.0,0.8786356286690434,0.5215,0.5215,0.3962,0.1067,0.8000768920913572,0.6567008001799022,1.0,0.8983514359066684,0.2238,0.5215,0.3962,0.3962
,82,1.0,0.6579894071662802,0.6988950137472342,0.7309879082947479,0.5804600346374162,0.7635765659865799,0.8076598699869192,0.1664,1.0,0.7751757237372994,0.29794447756835424,0.6425249054314024,0.6897876748641267,0.6026017232984604,0.760228988267911,0.9422888321734924,0.3572,0.8870536913196253,0.4612,1.0,0.6984254248895585,0.2605141829004735,0.7151936012971276,0.7834740013575927,0.7679290614752992,0.632000597100626,0.7120530244174867,0.7010535610860612,0.9854003780669247,0.463,0.2052,0.8629780593219846,0.1664,0.7258518724327553,0.252154458823732,0.8129075410015818,0.7403866401679478,0.7278708028291194,0.9242774938637816,0.1664,0.25557053947196057,0.6216620189322337,0.6287922535029562,1.0,0.30130201054167105,0.3572,0.4612,0.7612975923476397,0.2683391748758937,0.6047251157604782,0.6351356690638911,0.6809458602732612,1.0,0.9505457286937897,0.4612,1.0,0.7914455168103458,0.2769834431129398,0.7818769515304889,0.764106993200562,0.7803485843093158,0.6381432103600724,0.6393353282764851,0.7715158675887872,1.0,0.3572,0.9221259709197351,0.1664,1.0,0.8013636877221566,0.24439110348130325,0.6419750996553126,0.6983162151244735,0.7713290540456549,0.6351748308592249,0.7714804075551769,0.6385323821057172,1.0,0.2052,0.8721749601670348,0.4612,1.0,0.6552318077049649,0.29139313288332647,0.707062179505444,0.7231247168883197,0.7601913392105553,0.7637834981993078,0.968726824117902,0.2052,0.8936120684172437,0.1664,1.0,0.7184094055030743,0.2420213903287224,0.7091397588106423,0.6297354213189732,0.7531212408262454,0.5784301078394952,0.7006937328164304,0.9956805560780067,0.3572,0.8873864978976166,0.1664,1.0,0.6803141320311843,0.6755359864161384,0.6285739959268501,0.6574296637093597,0.8019636371402328,0.6006,0.9106012538453309,0.1664,1.0,0.6895472665061904,0.6364226131028756,0.6095871001711561,0.6127470423492547,0.7517468469891132,1.0,0.2052,0.9284616671078727,0.4612,1.0,0.721673066861012,0.24125634592459677,0.6604698728380332,0.7019699479900342,0.7701577641731057,0.6327268190347601,0.8230040277470971,0.3572,0.7862851224199425,0.1664,0.7399449799618062,0.8567418282233239,0.4612,1.0,0.795480162349279,0.259062487618496,0.6334009499960954,0.5763723335222087,0.8720406533356605,0.4612,0.821990310421925,0.2533521899230232,0.7388392496593642,0.7624583331241215,0.783895676537431,0.6447490471659538,0.8753635955766385,0.2052,0.8041753718872703,0.4612,0.2052,0.1664,0.6522260211706306,0.59737862932777,0.4612,1.0,0.8077262395850673,0.29056979568806707,0.7629121737953647,0.7929354720819164,0.7096275321006006,0.6262307813512957,0.7235715629433557,0.703354068422942,0.8977925560507157,0.2052,0.8199182633710775,0.1664,1.0,0.8060661245623981,0.27150903746504634,0.6363698569249687,0.823849553632781,0.7514638683660905,0.7943004665017142,0.7452970979764153,0.6677129166406017,0.9696789566218669,0.3572,0.8490505861458282,0.1664,0.6476387788090199,0.27242461971440357,0.7403783807787823,0.6615301643136193,0.8672407018145745,0.1664,1.0,0.8234337881557885,0.24182524125918872,0.650503259500445,0.7881343544909858,0.6290321328497943,0.6961224440350297,0.6024706962315083,0.7939390525455738,0.919006284934533,0.463,0.8751197194079741,0.1664,0.23433641801545355,0.7536997466302444,0.4612,0.7788245431817497,0.1664,1.0,0.2404476623534358,0.7705015768348216,0.6647084626939294,0.3572,0.7722667078696142,0.4612,0.6967411438274631,0.29471897222359394,0.6882106596906054,0.6424104140621677,0.1356034070959129,0.35965995479235124,0.3673754834273477,0.37195610055994555,0.13627521299167009,0.3613075390740039,0.1310678684708874,0.13106477080290574,0.13629184827503563,0.1306404755184099,0.13243031475526576,0.13319987133368644,0.37641128848878275,0.1292939481655334,0.13327402234265476,0.3779158156855158,0.3725047711112632,0.3647077016049359,0.1338525146233964,0.35992663526089264,0.13688968278861793,0.13180408631296325,0.3795571974698303,0.13011114333702367,0.3679002664048824,0.13243116956077913,0.13017902992017352,0.7830465177573397,0.7258094461833593,1.0,0.9776904238644691,0.2052,0.3572,0.4612,0.4612,0.463,0.463,0.6861647515315018,0.6046045071839172,1.0,0.9880779334054279,0.2052,0.3572,0.1664,0.1664,0.463,0.6006,0.7796603690168504,0.7444813550041974,1.0,0.9515864017578219,0.2052,0.2052,0.4612,0.1664,0.463,0.463,0.7589771628113161,0.7418311361078651,1.0,1.0,0.3572,0.3572,0.1664,0.4612,0.6834201142734992,0.6640341787789541,1.0,0.9684571849523544,0.2052,0.3572,0.1664,0.1664,0.6491004691464761,0.7036187529747548,1.0,0.9765602091610204,0.3572,0.3572,0.1664,0.1664,0.6898994648871721,0.6744259031188828,1.0,0.939650753514264,0.3572,0.4612,0.1664,0.6006,0.463,0.6372633289977307,0.6721546830563248,1.0,1.0,0.3572,0.2052,0.1664,0.1664,0.463,0.463,0.6073242415419456,0.6568506780501477,1.0,1.0,0.3572,0.2052,0.4612,0.1664,0.6006,0.6006,0.6220023454371947,0.5775555787087024,1.0,0.9866662045823756,0.2052,0.2052,0.4612,0.1664,0.463,0.6006,0.7716950588406811,0.7513717309901717,1.0,1.0,0.2052,0.2052,0.1664,0.1664,0.463,0.463,0.6850681808730359,0.6604394850465297,1.0,0.9169352132298011,0.4612,0.463,0.6006,0.7044183745203839,0.636375976833512,1.0,0.940936129060825,0.3572,0.2052,0.1664,0.1664,0.463,0.6006,0.6440853119283452,0.6324208751145189,1.0,0.8667156067489326,0.2052,0.3572,0.4612,0.4612,0.6251213226745314,0.6505026640201985,1.0,0.9887701505657331,0.2052,0.3572,0.1664,0.4612,0.796923751586113,0.6635031694157374,1.0,0.9012232831756093,0.2052,0.3572,0.1664,0.4612,0.7715475312030017,0.6125554895412432,1.0,0.8741425002099529,0.3572,0.2052,0.4612,0.1664,0.6465196931600968,0.7113340374462294,1.0,0.9783567570697123,0.3572,0.2052,0.1664,0.4612,0.6267477643726668,0.7464151412967086,1.0,0.8881342098628935,0.3572,0.2052,0.4612,0.1664,0.7349594159561526,0.5898381042105467,1.0,0.9831236598487865,0.2052,0.2052,0.4612,0.4612,0.6340080789673704,0.6482116670381479,1.0,0.8992934095442319,0.2052,0.2052,0.1664,0.4612,0.6006,0.463,0.7899164098626725,0.7753436180652682,1.0,0.906259364359068,0.2052,0.2052,0.4612,0.1664,0.6433977134608884,0.7553399453594032,1.0,0.9554631194467001,0.3572,0.2052,0.1664,0.1664,0.463,0.463,0.6848005107943782,0.7319889250210139,1.0,0.9381392880887293,0.2052,0.2052,0.1664,0.4612,0.7698500222936033,0.6204831378505429,1.0,1.0,0.2052,0.2052,0.1664,0.4612,0.7294585182846698,0.7504850476497497,1.0,0.8786356286690434,0.3572,0.3572,0.4612,0.1664,0.8000768920913572,0.6567008001799022,1.0,0.8983514359066684,0.2052,0.3572,0.4612,0.4612
,83,1.0,0.6579894071662802,0.6988950137472342,0.7309879082947479,0.5804600346374162,0.7635765659865799,0.8076598699869192,0.1913,1.0,0.7751757237372994,0.29794447756835424,0.6425249054314024,0.6897876748641267,0.6026017232984604,0.760228988267911,0.9422888321734924,0.3132,0.8870536913196253,0.4365,1.0,0.6984254248895585,0.2605141829004735,0.7151936012971276,0.7834740013575927,0.7679290614752992,0.632000597100626,0.7120530244174867,0.7010535610860612,0.9854003780669247,0.4292,0.2147,0.8629780593219846,0.1913,0.7258518724327553,0.252154458823732,0.8129075410015818,0.7403866401679478,0.7278708028291194,0.9242774938637816,0.1913,0.25557053947196057,0.6216620189322337,0.6287922535029562,1.0,0.30130201054167105,0.3132,0.4365,0.7612975923476397,0.2683391748758937,0.6047251157604782,0.6351356690638911,0.6809458602732612,1.0,0.9505457286937897,0.4365,1.0,0.7914455168103458,0.2769834431129398,0.7818769515304889,0.764106993200562,0.7803485843093158,0.6381432103600724,0.6393353282764851,0.7715158675887872,1.0,0.3132,0.9221259709197351,0.1913,1.0,0.8013636877221566,0.24439110348130325,0.6419750996553126,0.6983162151244735,0.7713290540456549,0.6351748308592249,0.7714804075551769,0.6385323821057172,1.0,0.2147,0.8721749601670348,0.4365,1.0,0.6552318077049649,0.29139313288332647,0.707062179505444,0.7231247168883197,0.7601913392105553,0.7637834981993078,0.968726824117902,0.2147,0.8936120684172437,0.1913,1.0,0.7184094055030743,0.2420213903287224,0.7091397588106423,0.6297354213189732,0.7531212408262454,0.5784301078394952,0.7006937328164304,0.9956805560780067,0.3132,0.8873864978976166,0.1913,1.0,0.6803141320311843,0.6755359864161384,0.6285739959268501,0.6574296637093597,0.8019636371402328,0.5557,0.9106012538453309,0.1913,1.0,0.6895472665061904,0.6364226131028756,0.6095871001711561,0.6127470423492547,0.7517468469891132,1.0,0.2147,0.9284616671078727,0.4365,1.0,0.721673066861012,0.24125634592459677,0.6604698728380332,0.7019699479900342,0.7701577641731057,0.6327268190347601,0.8230040277470971,0.3132,0.7862851224199425,0.1913,0.7399449799618062,0.8567418282233239,0.4365,1.0,0.795480162349279,0.259062487618496,0.6334009499960954,0.5763723335222087,0.8720406533356605,0.4365,0.821990310421925,0.2533521899230232,0.7388392496593642,0.7624583331241215,0.783895676537431,0.6447490471659538,0.8753635955766385,0.2147,0.8041753718872703,0.4365,0.2147,0.1913,0.6522260211706306,0.59737862932777,0.4365,1.0,0.8077262395850673,0.29056979568806707,0.7629121737953647,0.7929354720819164,0.7096275321006006,0.6262307813512957,0.7235715629433557,0.703354068422942,0.8977925560507157,0.2147,0.8199182633710775,0.1913,1.0,0.8060661245623981,0.27150903746504634,0.6363698569249687,0.823849553632781,0.7514638683660905,0.7943004665017142,0.7452970979764153,0.6677129166406017,0.9696789566218669,0.3132,0.8490505861458282,0.1913,0.6476387788090199,0.27242461971440357,0.7403783807787823,0.6615301643136193,0.8672407018145745,0.1913,1.0,0.8234337881557885,0.24182524125918872,0.650503259500445,0.7881343544909858,0.6290321328497943,0.6961224440350297,0.6024706962315083,0.7939390525455738,0.919006284934533,0.4292,0.8751197194079741,0.1913,0.23433641801545355,0.7536997466302444,0.4365,0.7788245431817497,0.1913,1.0,0.2404476623534358,0.7705015768348216,0.6647084626939294,0.3132,0.7722667078696142,0.4365,0.6967411438274631,0.29471897222359394,0.6882106596906054,0.6424104140621677,0.15589502270101047,0.3403980274650072,0.3477003437034633,0.35203564157505685,0.15666735724342842,0.3419573738200406,0.15068078869279306,0.15067722749156173,0.1566864818209995,0.15018944090547967,0.1522471106531391,0.1531318232339797,0.35625222772192905,0.14864141997636143,0.15321707015715058,0.3576761785488457,0.35255492755868684,0.3451754374469959,0.15388212768903686,0.3406504256101033,0.15737377594628973,0.15152717374801605,0.3592296545871225,0.14958089976185474,0.348197021434803,0.1522480933712563,0.14965894485414183,0.7830465177573397,0.7258094461833593,1.0,0.9776904238644691,0.2147,0.3132,0.4365,0.4365,0.4292,0.4292,0.6861647515315018,0.6046045071839172,1.0,0.9880779334054279,0.2147,0.3132,0.1913,0.1913,0.4292,0.5557,0.7796603690168504,0.7444813550041974,1.0,0.9515864017578219,0.2147,0.2147,0.4365,0.1913,0.4292,0.4292,0.7589771628113161,0.7418311361078651,1.0,1.0,0.3132,0.3132,0.1913,0.4365,0.6834201142734992,0.6640341787789541,1.0,0.9684571849523544,0.2147,0.3132,0.1913,0.1913,0.6491004691464761,0.7036187529747548,1.0,0.9765602091610204,0.3132,0.3132,0.1913,0.1913,0.6898994648871721,0.6744259031188828,1.0,0.939650753514264,0.3132,0.4365,0.1913,0.5557,0.4292,0.6372633289977307,0.6721546830563248,1.0,1.0,0.3132,0.2147,0.1913,0.1913,0.4292,0.4292,0.6073242415419456,0.6568506780501477,1.0,1.0,0.3132,0.2147,0.4365,0.1913,0.5557,0.5557,0.6220023454371947,0.5775555787087024,1.0,0.9866662045823756,0.2147,0.2147,0.4365,0.1913,0.4292,0.5557,0.7716950588406811,0.7513717309901717,1.0,1.0,0.2147,0.2147,0.1913,0.1913,0.4292,0.4292,0.6850681808730359,0.6604394850465297,1.0,0.9169352132298011,0.4365,0.4292,0.5557,0.7044183745203839,0.636375976833512,1.0,0.940936129060825,0.3132,0.2147,0.1913,0.1913,0.4292,0.5557,0.6440853119283452,0.6324208751145189,1.0,0.8667156067489326,0.2147,0.3132,0.4365,0.4365,0.6251213226745314,0.6505026640201985,1.0,0.9887701505657331,0.2147,0.3132,0.1913,0.4365,0.796923751586113,0.6635031694157374,1.0,0.9012232831756093,0.2147,0.3132,0.1913,0.4365,0.7715475312030017,0.6125554895412432,1.0,0.8741425002099529,0.3132,0.2147,0.4365,0.1913,0.6465196931600968,0.7113340374462294,1.0,0.9783567570697123,0.3132,0.2147,0.1913,0.4365,0.6267477643726668,0.7464151412967086,1.0,0.8881342098628935,0.3132,0.2147,0.4365,0.1913,0.7349594159561526,0.5898381042105467,1.0,0.9831236598487865,0.2147,0.2147,0.4365,0.4365,0.6340080789673704,0.6482116670381479,1.0,0.8992934095442319,0.2147,0.2147,0.1913,0.4365,0.5557,0.4292,0.7899164098626725,0.7753436180652682,1.0,0.906259364359068,0.2147,0.2147,0.4365,0.1913,0.6433977134608884,0.7553399453594032,1.0,0.9554631194467001,0.3132,0.2147,0.1913,0.1913,0.4292,0.4292,0.6848005107943782,0.7319889250210139,1.0,0.9381392880887293,0.2147,0.2147,0.1913,0.4365,0.7698500222936033,0.6204831378505429,1.0,1.0,0.2147,0.2147,0.1913,0.4365,0.7294585182846698,0.7504850476497497,1.0,0.8786356286690434,0.3132,0.3132,0.4365,0.1913,0.8000768920913572,0.6567008001799022,1.0,0.8983514359066684,0.2147,0.3132,0.4365,0.4365
,84,1.0,0.6579894071662802,0.6988950137472342,0.7309879082947479,0.5804600346374162,0.7635765659865799,0.8076598699869192,0.2047,1.0,0.7751757237372994,0.29794447756835424,0.6425249054314024,0.6897876748641267,0.6026017232984604,0.760228988267911,0.9422888321734924,0.3164,0.8870536913196253,0.391,1.0,0.6984254248895585,0.2605141829004735,0.7151936012971276,0.7834740013575927,0.7679290614752992,0.632000597100626,0.7120530244174867,0.7010535610860612,0.9854003780669247,0.4172,0.2278,0.8629780593219846,0.2047,0.7258518724327553,0.252154458823732,0.8129075410015818,0.7403866401679478,0.7278708028291194,0.9242774938637816,0.2047,0.25557053947196057,0.6216620189322337,0.6287922535029562,1.0,0.30130201054167105,0.3164,0.391,0.7612975923476397,0.2683391748758937,0.6047251157604782,0.6351356690638911,0.6809458602732612,1.0,0.9505457286937897,0.391,1.0,0.7914455168103458,0.2769834431129398,0.7818769515304889,0.764106993200562,0.7803485843093158,0.6381432103600724,0.6393353282764851,0.7715158675887872,1.0,0.3164,0.9221259709197351,0.2047,1.0,0.8013636877221566,0.24439110348130325,0.6419750996553126,0.6983162151244735,0.7713290540456549,0.6351748308592249,0.7714804075551769,0.6385323821057172,1.0,0.2278,0.8721749601670348,0.391,1.0,0.6552318077049649,0.29139313288332647,0.707062179505444,0.7231247168883197,0.7601913392105553,0.7637834981993078,0.968726824117902,0.2278,0.8936120684172437,0.2047,1.0,0.7184094055030743,0.2420213903287224,0.7091397588106423,0.6297354213189732,0.7531212408262454,0.5784301078394952,0.7006937328164304,0.9956805560780067,0.3164,0.8873864978976166,0.2047,1.0,0.6803141320311843,0.6755359864161384,0.6285739959268501,0.6574296637093597,0.8019636371402328,0.5034,0.9106012538453309,0.2047,1.0,0.6895472665061904,0.6364226131028756,0.6095871001711561,0.6127470423492547,0.7517468469891132,1.0,0.2278,0.9284616671078727,0.391,1.0,0.721673066861012,0.24125634592459677,0.6604698728380332,0.7019699479900342,0.7701577641731057,0.6327268190347601,0.8230040277470971,0.3164,0.7862851224199425,0.2047,0.7399449799618062,0.8567418282233239,0.391,1.0,0.795480162349279,0.259062487618496,0.6334009499960954,0.5763723335222087,0.8720406533356605,0.391,0.821990310421925,0.2533521899230232,0.7388392496593642,0.7624583331241215,0.783895676537431,0.6447490471659538,0.8753635955766385,0.2278,0.8041753718872703,0.391,0.2278,0.2047,0.6522260211706306,0.59737862932777,0.391,1.0,0.8077262395850673,0.29056979568806707,0.7629121737953647,0.7929354720819164,0.7096275321006006,0.6262307813512957,0.7235715629433557,0.703354068422942,0.8977925560507157,0.2278,0.8199182633710775,0.2047,1.0,0.8060661245623981,0.27150903746504634,0.6363698569249687,0.823849553632781,0.7514638683660905,0.7943004665017142,0.7452970979764153,0.6677129166406017,0.9696789566218669,0.3164,0.8490505861458282,0.2047,0.6476387788090199,0.27242461971440357,0.7403783807787823,0.6615301643136193,0.8672407018145745,0.2047,1.0,0.8234337881557885,0.24182524125918872,0.650503259500445,0.7881343544909858,0.6290321328497943,0.6961224440350297,0.6024706962315083,0.7939390525455738,0.919006284934533,0.4172,0.8751197194079741,0.2047,0.23433641801545355,0.7536997466302444,0.391,0.7788245431817497,0.2047,1.0,0.2404476623534358,0.7705015768348216,0.6647084626939294,0.3164,0.7722667078696142,0.391,0.6967411438274631,0.29471897222359394,0.6882106596906054,0.6424104140621677,0.16681500860897464,0.30491552975674185,0.31145666526472887,0.31534005923447245,0.16764144290501726,0.3063123325627397,0.16123553290859768,0.16123172225573804,0.1676619071027632,0.160709767659967,0.16291157109617133,0.16385825518032224,0.319117115782988,0.15905331243680704,0.1639494733986865,0.3203926364549798,0.31580521575130943,0.3091949508402644,0.1646611162464498,0.3051416183586492,0.16839734415162316,0.16214120473716095,0.32178418085581884,0.16005860000654296,0.31190157017413056,0.1629126226507902,0.16014211192704042,0.7830465177573397,0.7258094461833593,1.0,0.9776904238644691,0.2278,0.3164,0.391,0.391,0.4172,0.4172,0.6861647515315018,0.6046045071839172,1.0,0.9880779334054279,0.2278,0.3164,0.2047,0.2047,0.4172,0.5034,0.7796603690168504,0.7444813550041974,1.0,0.9515864017578219,0.2278,0.2278,0.391,0.2047,0.4172,0.4172,0.7589771628113161,0.7418311361078651,1.0,1.0,0.3164,0.3164,0.2047,0.391,0.6834201142734992,0.6640341787789541,1.0,0.9684571849523544,0.2278,0.3164,0.2047,0.2047,0.6491004691464761,0.7036187529747548,1.0,0.9765602091610204,0.3164,0.3164,0.2047,0.2047,0.6898994648871721,0.6744259031188828,1.0,0.939650753514264,0.3164,0.391,0.2047,0.5034,0.4172,0.6372633289977307,0.6721546830563248,1.0,1.0,0.3164,0.2278,0.2047,0.2047,0.4172,0.4172,0.6073242415419456,0.6568506780501477,1.0,1.0,0.3164,0.2278,0.391,0.2047,0.5034,0.5034,0.6220023454371947,0.5775555787087024,1.0,0.9866662045823756,0.2278,0.2278,0.391,0.2047,0.4172,0.5034,0.7716950588406811,0.7513717309901717,1.0,1.0,0.2278,0.2278,0.2047,0.2047,0.4172,0.4172,0.6850681808730359,0.6604394850465297,1.0,0.9169352132298011,0.391,0.4172,0.5034,0.7044183745203839,0.636375976833512,1.0,0.940936129060825,0.3164,0.2278,0.2047,0.2047,0.4172,0.5034,0.6440853119283452,0.6324208751145189,1.0,0.8667156067489326,0.2278,0.3164,0.391,0.391,0.6251213226745314,0.6505026640201985,1.0,0.9887701505657331,0.2278,0.3164,0.2047,0.391,0.796923751586113,0.6635031694157374,1.0,0.9012232831756093,0.2278,0.3164,0.2047,0.391,0.7715475312030017,0.6125554895412432,1.0,0.8741425002099529,0.3164,0.2278,0.391,0.2047,0.6465196931600968,0.7113340374462294,1.0,0.9783567570697123,0.3164,0.2278,0.2047,0.391,0.6267477643726668,0.7464151412967086,1.0,0.8881342098628935,0.3164,0.2278,0.391,0.2047,0.7349594159561526,0.5898381042105467,1.0,0.9831236598487865,0.2278,0.2278,0.391,0.391,0.6340080789673704,0.6482116670381479,1.0,0.8992934095442319,0.2278,0.2278,0.2047,0.391,0.5034,0.4172,0.7899164098626725,0.7753436180652682,1.0,0.906259364359068,0.2278,0.2278,0.391,0.2047,0.6433977134608884,0.7553399453594032,1.0,0.9554631194467001,0.3164,0.2278,0.2047,0.2047,0.4172,0.4172,0.6848005107943782,0.7319889250210139,1.0,0.9381392880887293,0.2278,0.2278,0.2047,0.391,0.7698500222936033,0.6204831378505429,1.0,1.0,0.2278,0.2278,0.2047,0.391,0.7294585182846698,0.7504850476497497,1.0,0.8786356286690434,0.3164,0.3164,0.391,0.2047,0.8000768920913572,0.6567008001799022,1.0,0.8983514359066684,0.2278,0.3164,0.391,0.391
,85,1.0,0.6579894071662802,0.6988950137472342,0.7309879082947479,0.5804600346374162,0.7635765659865799,0.8076598699869192,0.2039,1.0,0.7751757237372994,0.29794447756835424,0.6425249054314024,0.6897876748641267,0.6026017232984604,0.760228988267911,0.9422888321734924,0.3372,0.8870536913196253,0.3682,1.0,0.6984254248895585,0.2605141829004735,0.7151936012971276,0.7834740013575927,0.7679290614752992,0.632000597100626,0.7120530244174867,0.7010535610860612,0.9854003780669247,0.4224,0.2462,0.8629780593219846,0.2039,0.7258518724327553,0.252154458823732,0.8129075410015818,0.7403866401679478,0.7278708028291194,0.9242774938637816,0.2039,0.25557053947196057,0.6216620189322337,0.6287922535029562,1.0,0.30130201054167105,0.3372,0.3682,0.7612975923476397,0.2683391748758937,0.6047251157604782,0.6351356690638911,0.6809458602732612,1.0,0.9505457286937897,0.3682,1.0,0.7914455168103458,0.2769834431129398,0.7818769515304889,0.764106993200562,0.7803485843093158,0.6381432103600724,0.6393353282764851,0.7715158675887872,1.0,0.3372,0.9221259709197351,0.2039,1.0,0.8013636877221566,0.24439110348130325,0.6419750996553126,0.6983162151244735,0.7713290540456549,0.6351748308592249,0.7714804075551769,0.6385323821057172,1.0,0.2462,0.8721749601670348,0.3682,1.0,0.6552318077049649,0.29139313288332647,0.707062179505444,0.7231247168883197,0.7601913392105553,0.7637834981993078,0.968726824117902,0.2462,0.8936120684172437,0.2039,1.0,0.7184094055030743,0.2420213903287224,0.7091397588106423,0.6297354213189732,0.7531212408262454,0.5784301078394952,0.7006937328164304,0.9956805560780067,0.3372,0.8873864978976166,0.2039,1.0,0.6803141320311843,0.6755359864161384,0.6285739959268501,0.6574296637093597,0.8019636371402328,0.4722,0.9106012538453309,0.2039,1.0,0.6895472665061904,0.6364226131028756,0.6095871001711561,0.6127470423492547,0.7517468469891132,1.0,0.2462,0.9284616671078727,0.3682,1.0,0.721673066861012,0.24125634592459677,0.6604698728380332,0.7019699479900342,0.7701577641731057,0.6327268190347601,0.8230040277470971,0.3372,0.7862851224199425,0.2039,0.7399449799618062,0.8567418282233239,0.3682,1.0,0.795480162349279,0.259062487618496,0.6334009499960954,0.5763723335222087,0.8720406533356605,0.3682,0.821990310421925,0.2533521899230232,0.7388392496593642,0.7624583331241215,0.783895676537431,0.6447490471659538,0.8753635955766385,0.2462,0.8041753718872703,0.3682,0.2462,0.2039,0.6522260211706306,0.59737862932777,0.3682,1.0,0.8077262395850673,0.29056979568806707,0.7629121737953647,0.7929354720819164,0.7096275321006006,0.6262307813512957,0.7235715629433557,0.703354068422942,0.8977925560507157,0.2462,0.8199182633710775,0.2039,1.0,0.8060661245623981,0.27150903746504634,0.6363698569249687,0.823849553632781,0.7514638683660905,0.7943004665017142,0.7452970979764153,0.6677129166406017,0.9696789566218669,0.3372,0.8490505861458282,0.2039,0.6476387788090199,0.27242461971440357,0.7403783807787823,0.6615301643136193,0.8672407018145745,0.2039,1.0,0.8234337881557885,0.24182524125918872,0.650503259500445,0.7881343544909858,0.6290321328497943,0.6961224440350297,0.6024706962315083,0.7939390525455738,0.919006284934533,0.4224,0.8751197194079741,0.2039,0.23433641801545355,0.7536997466302444,0.3682,0.7788245431817497,0.2039,1.0,0.2404476623534358,0.7705015768348216,0.6647084626939294,0.3372,0.7722667078696142,0.3682,0.6967411438274631,0.29471897222359394,0.6882106596906054,0.6424104140621677,0.16616306915178272,0.28713528914688585,0.2932949978272971,0.2969519432484214,0.16698627361178808,0.28845064155908123,0.16060539892556458,0.16060160316533947,0.16700665783221016,0.1600816884507439,0.16227488689061717,0.16321787118352565,0.3005087519982,0.15843170691678043,0.1633087329066545,0.301709894482669,0.2973899755489313,0.2911651685406275,0.16401759454152964,0.2873481940656129,0.16773922067667787,0.1615075312452717,0.30302029511793477,0.15943306566357648,0.2937139594325189,0.16227593433559417,0.15951625120627036,0.7830465177573397,0.7258094461833593,1.0,0.9776904238644691,0.2462,0.3372,0.3682,0.3682,0.4224,0.4224,0.6861647515315018,0.6046045071839172,1.0,0.9880779334054279,0.2462,0.3372,0.2039,0.2039,0.4224,0.4722,0.7796603690168504,0.7444813550041974,1.0,0.9515864017578219,0.2462,0.2462,0.3682,0.2039,0.4224,0.4224,0.7589771628113161,0.7418311361078651,1.0,1.0,0.3372,0.3372,0.2039,0.3682,0.6834201142734992,0.6640341787789541,1.0,0.9684571849523544,0.2462,0.3372,0.2039,0.2039,0.6491004691464761,0.7036187529747548,1.0,0.9765602091610204,0.3372,0.3372,0.2039,0.2039,0.6898994648871721,0.6744259031188828,1.0,0.939650753514264,0.3372,0.3682,0.2039,0.4722,0.4224,0.6372633289977307,0.6721546830563248,1.0,1.0,0.3372,0.2462,0.2039,0.2039,0.4224,0.4224,0.6073242415419456,0.6568506780501477,1.0,1.0,0.3372,0.2462,0.3682,0.2039,0.4722,0.4722,0.6220023454371947,0.5775555787087024,1.0,0.9866662045823756,0.2462,0.2462,0.3682,0.2039,0.4224,0.4722,0.7716950588406811,0.7513717309901717,1.0,1.0,0.2462,0.2462,0.2039,0.2039,0.4224,0.4224,0.6850681808730359,0.6604394850465297,1.0,0.9169352132298011,0.3682,0.4224,0.4722,0.7044183745203839,0.636375976833512,1.0,0.940936129060825,0.3372,0.2462,0.2039,0.2039,0.4224,0.4722,0.6440853119283452,0.6324208751145189,1.0,0.8667156067489326,0.2462,0.3372,0.3682,0.3682,0.6251213226745314,0.6505026640201985,1.0,0.9887701505657331,0.2462,0.3372,0.2039,0.3682,0.796923751586113,0.6635031694157374,1.0,0.9012232831756093,0.2462,0.3372,0.2039,0.3682,0.7715475312030017,0.6125554895412432,1.0,0.8741425002099529,0.3372,0.2462,0.3682,0.2039,0.6465196931600968,0.7113340374462294,1.0,0.9783567570697123,0.3372,0.2462,0.2039,0.3682,0.6267477643726668,0.7464151412967086,1.0,0.8881342098628935,0.3372,0.2462,0.3682,0.2039,0.7349594159561526,0.5898381042105467,1.0,0.9831236598487865,0.2462,0.2462,0.3682,0.3682,0.6340080789673704,0.6482116670381479,1.0,0.8992934095442319,0.2462,0.2462,0.2039,0.3682,0.4722,0.4224,0.7899164098626725,0.7753436180652682,1.0,0.906259364359068,0.2462,0.2462,0.3682,0.2039,0.6433977134608884,0.7553399453594032,1.0,0.9554631194467001,0.3372,0.2462,0.2039,0.2039,0.4224,0.4224,0.6848005107943782,0.7319889250210139,1.0,0.9381392880887293,0.2462,0.2462,0.2039,0.3682,0.7698500222936033,0.6204831378505429,1.0,1.0,0.2462,0.2462,0.2039,0.3682,0.7294585182846698,0.7504850476497497,1.0,0.8786356286690434,0.3372,0.3372,0.3682,0.2039,0.8000768920913572,0.6567008001799022,1.0,0.8983514359066684,0.2462,0.3372,0.3682,0.3682
,86,1.0,0.6579894071662802,0.6988950137472342,0.7309879082947479,0.5804600346374162,0.7635765659865799,0.8076598699869192,0.1757,1.0,0.7751757237372994,0.29794447756835424,0.6425249054314024,0.6897876748641267,0.6026017232984604,0.760228988267911,0.9422888321734924,0.355,0.8870536913196253,0.3408,1.0,0.6984254248895585,0.2605141829004735,0.7151936012971276,0.7834740013575927,0.7679290614752992,0.632000597100626,0.7120530244174867,0.7010535610860612,0.9854003780669247,0.4421,0.255,0.8629780593219846,0.1757,0.7258518724327553,0.252154458823732,0.8129075410015818,0.7403866401679478,0.7278708028291194,0.9242774938637816,0.1757,0.25557053947196057,0.6216620189322337,0.6287922535029562,1.0,0.30130201054167105,0.355,0.3408,0.7612975923476397,0.2683391748758937,0.6047251157604782,0.6351356690638911,0.6809458602732612,1.0,0.9505457286937897,0.3408,1.0,0.7914455168103458,0.2769834431129398,0.7818769515304889,0.764106993200562,0.7803485843093158,0.6381432103600724,0.6393353282764851,0.7715158675887872,1.0,0.355,0.9221259709197351,0.1757,1.0,0.8013636877221566,0.24439110348130325,0.6419750996553126,0.6983162151244735,0.7713290540456549,0.6351748308592249,0.7714804075551769,0.6385323821057172,1.0,0.255,0.8721749601670348,0.3408,1.0,0.6552318077049649,0.29139313288332647,0.707062179505444,0.7231247168883197,0.7601913392105553,0.7637834981993078,0.968726824117902,0.255,0.8936120684172437,0.1757,1.0,0.7184094055030743,0.2420213903287224,0.7091397588106423,0.6297354213189732,0.7531212408262454,0.5784301078394952,0.7006937328164304,0.9956805560780067,0.355,0.8873864978976166,0.1757,1.0,0.6803141320311843,0.6755359864161384,0.6285739959268501,0.6574296637093597,0.8019636371402328,0.4578,0.9106012538453309,0.1757,1.0,0.6895472665061904,0.6364226131028756,0.6095871001711561,0.6127470423492547,0.7517468469891132,1.0,0.255,0.9284616671078727,0.3408,1.0,0.721673066861012,0.24125634592459677,0.6604698728380332,0.7019699479900342,0.7701577641731057,0.6327268190347601,0.8230040277470971,0.355,0.7862851224199425,0.1757,0.7399449799618062,0.8567418282233239,0.3408,1.0,0.795480162349279,0.259062487618496,0.6334009499960954,0.5763723335222087,0.8720406533356605,0.3408,0.821990310421925,0.2533521899230232,0.7388392496593642,0.7624583331241215,0.783895676537431,0.6447490471659538,0.8753635955766385,0.255,0.8041753718872703,0.3408,0.255,0.1757,0.6522260211706306,0.59737862932777,0.3408,1.0,0.8077262395850673,0.29056979568806707,0.7629121737953647,0.7929354720819164,0.7096275321006006,0.6262307813512957,0.7235715629433557,0.703354068422942,0.8977925560507157,0.255,0.8199182633710775,0.1757,1.0,0.8060661245623981,0.27150903746504634,0.6363698569249687,0.823849553632781,0.7514638683660905,0.7943004665017142,0.7452970979764153,0.6677129166406017,0.9696789566218669,0.355,0.8490505861458282,0.1757,0.6476387788090199,0.27242461971440357,0.7403783807787823,0.6615301643136193,0.8672407018145745,0.1757,1.0,0.8234337881557885,0.24182524125918872,0.650503259500445,0.7881343544909858,0.6290321328497943,0.6961224440350297,0.6024706962315083,0.7939390525455738,0.919006284934533,0.4421,0.8751197194079741,0.1757,0.23433641801545355,0.7536997466302444,0.3408,0.7788245431817497,0.1757,1.0,0.2404476623534358,0.7705015768348216,0.6647084626939294,0.355,0.7722667078696142,0.3408,0.6967411438274631,0.29471897222359394,0.6882106596906054,0.6424104140621677,0.1431822032857686,0.26576780701047986,0.27146913432792735,0.27485394421255294,0.14389155602545933,0.2669852760546846,0.13839317602364734,0.1383899052287893,0.14390912104521492,0.13794189632562873,0.1398317686448329,0.14064433529644657,0.27814606920420026,0.13652011233584266,0.14072263056252668,0.2792578273755936,0.27525937986712595,0.26949779858404627,0.14133345444309345,0.26596486838012184,0.1445403681848568,0.13917054065617573,0.2804707131346881,0.13738298007400876,0.2718569184535644,0.13983267122493326,0.13745466079912552,0.7830465177573397,0.7258094461833593,1.0,0.9776904238644691,0.255,0.355,0.3408,0.3408,0.4421,0.4421,0.6861647515315018,0.6046045071839172,1.0,0.9880779334054279,0.255,0.355,0.1757,0.1757,0.4421,0.4578,0.7796603690168504,0.7444813550041974,1.0,0.9515864017578219,0.255,0.255,0.3408,0.1757,0.4421,0.4421,0.7589771628113161,0.7418311361078651,1.0,1.0,0.355,0.355,0.1757,0.3408,0.6834201142734992,0.6640341787789541,1.0,0.9684571849523544,0.255,0.355,0.1757,0.1757,0.6491004691464761,0.7036187529747548,1.0,0.9765602091610204,0.355,0.355,0.1757,0.1757,0.6898994648871721,0.6744259031188828,1.0,0.939650753514264,0.355,0.3408,0.1757,0.4578,0.4421,0.6372633289977307,0.6721546830563248,1.0,1.0,0.355,0.255,0.1757,0.1757,0.4421,0.4421,0.6073242415419456,0.6568506780501477,1.0,1.0,0.355,0.255,0.3408,0.1757,0.4578,0.4578,0.6220023454371947,0.5775555787087024,1.0,0.9866662045823756,0.255,0.255,0.3408,0.1757,0.4421,0.4578,0.7716950588406811,0.7513717309901717,1.0,1.0,0.255,0.255,0.1757,0.1757,0.4421,0.4421,0.6850681808730359,0.6604394850465297,1.0,0.9169352132298011,0.3408,0.4421,0.4578,0.7044183745203839,0.636375976833512,1.0,0.940936129060825,0.355,0.255,0.1757,0.1757,0.4421,0.4578,0.6440853119283452,0.6324208751145189,1.0,0.8667156067489326,0.255,0.355,0.3408,0.3408,0.6251213226745314,0.6505026640201985,1.0,0.9887701505657331,0.255,0.355,0.1757,0.3408,0.796923751586113,0.6635031694157374,1.0,0.9012232831756093,0.255,0.355,0.1757,0.3408,0.7715475312030017,0.6125554895412432,1.0,0.8741425002099529,0.355,0.255,0.3408,0.1757,0.6465196931600968,0.7113340374462294,1.0,0.9783567570697123,0.355,0.255,0.1757,0.3408,0.6267477643726668,0.7464151412967086,1.0,0.8881342098628935,0.355,0.255,0.3408,0.1757,0.7349594159561526,0.5898381042105467,1.0,0.9831236598487865,0.255,0.255,0.3408,0.3408,0.6340080789673704,0.6482116670381479,1.0,0.8992934095442319,0.255,0.255,0.1757,0.3408,0.4578,0.4421,0.7899164098626725,0.7753436180652682,1.0,0.906259364359068,0.255,0.255,0.3408,0.1757,0.6433977134608884,0.7553399453594032,1.0,0.9554631194467001,0.355,0.255,0.1757,0.1757,0.4421,0.4421,0.6848005107943782,0.7319889250210139,1.0,0.9381392880887293,0.255,0.255,0.1757,0.3408,0.7698500222936033,0.6204831378505429,1.0,1.0,0.255,0.255,0.1757,0.3408,0.7294585182846698,0.7504850476497497,1.0,0.8786356286690434,0.355,0.355,0.3408,0.1757,0.8000768920913572,0.6567008001799022,1.0,0.8983514359066684,0.255,0.355,0.3408,0.3408
,87,1.0,0.6579894071662802,0.6988950137472342,0.7309879082947479,0.5804600346374162,0.7635765659865799,0.8076598699869192,0.1478,1.0,0.7751757237372994,0.29794447756835424,0.6425249054314024,0.6897876748641267,0.6026017232984604,0.760228988267911,0.9422888321734924,0.3582,0.8870536913196253,0.2942,1.0,0.6984254248895585,0.2605141829004735,0.7151936012971276,0.7834740013575927,0.7679290614752992,0.632000597100626,0.7120530244174867,0.7010535610860612,0.9854003780669247,0.4634,0.2603,0.8629780593219846,0.1478,0.7258518724327553,0.252154458823732,0.8129075410015818,0.7403866401679478,0.7278708028291194,0.9242774938637816,0.1478,0.25557053947196057,0.6216620189322337,0.6287922535029562,1.0,0.30130201054167105,0.3582,0.2942,0.7612975923476397,0.2683391748758937,0.6047251157604782,0.6351356690638911,0.6809458602732612,1.0,0.9505457286937897,0.2942,1.0,0.7914455168103458,0.2769834431129398,0.7818769515304889,0.764106993200562,0.7803485843093158,0.6381432103600724,0.6393353282764851,0.7715158675887872,1.0,0.3582,0.9221259709197351,0.1478,1.0,0.8013636877221566,0.24439110348130325,0.6419750996553126,0.6983162151244735,0.7713290540456549,0.6351748308592249,0.7714804075551769,0.6385323821057172,1.0,0.2603,0.8721749601670348,0.2942,1.0,0.6552318077049649,0.29139313288332647,0.707062179505444,0.7231247168883197,0.7601913392105553,0.7637834981993078,0.968726824117902,0.2603,0.8936120684172437,0.1478,1.0,0.7184094055030743,0.2420213903287224,0.7091397588106423,0.6297354213189732,0.7531212408262454,0.5784301078394952,0.7006937328164304,0.9956805560780067,0.3582,0.8873864978976166,0.1478,1.0,0.6803141320311843,0.6755359864161384,0.6285739959268501,0.6574296637093597,0.8019636371402328,0.4558,0.9106012538453309,0.1478,1.0,0.6895472665061904,0.6364226131028756,0.6095871001711561,0.6127470423492547,0.7517468469891132,1.0,0.2603,0.9284616671078727,0.2942,1.0,0.721673066861012,0.24125634592459677,0.6604698728380332,0.7019699479900342,0.7701577641731057,0.6327268190347601,0.8230040277470971,0.3582,0.7862851224199425,0.1478,0.7399449799618062,0.8567418282233239,0.2942,1.0,0.795480162349279,0.259062487618496,0.6334009499960954,0.5763723335222087,0.8720406533356605,0.2942,0.821990310421925,0.2533521899230232,0.7388392496593642,0.7624583331241215,0.783895676537431,0.6447490471659538,0.8753635955766385,0.2603,0.8041753718872703,0.2942,0.2603,0.1478,0.6522260211706306,0.59737862932777,0.2942,1.0,0.8077262395850673,0.29056979568806707,0.7629121737953647,0.7929354720819164,0.7096275321006006,0.6262307813512957,0.7235715629433557,0.703354068422942,0.8977925560507157,0.2603,0.8199182633710775,0.1478,1.0,0.8060661245623981,0.27150903746504634,0.6363698569249687,0.823849553632781,0.7514638683660905,0.7943004665017142,0.7452970979764153,0.6677129166406017,0.9696789566218669,0.3582,0.8490505861458282,0.1478,0.6476387788090199,0.27242461971440357,0.7403783807787823,0.6615301643136193,0.8672407018145745,0.1478,1.0,0.8234337881557885,0.24182524125918872,0.650503259500445,0.7881343544909858,0.6290321328497943,0.6961224440350297,0.6024706962315083,0.7939390525455738,0.919006284934533,0.4634,0.8751197194079741,0.1478,0.23433641801545355,0.7536997466302444,0.2942,0.7788245431817497,0.1478,1.0,0.2404476623534358,0.7705015768348216,0.6647084626939294,0.3582,0.7722667078696142,0.2942,0.6967411438274631,0.29471897222359394,0.6882106596906054,0.6424104140621677,0.1204458147162015,0.2294274906763004,0.23434923509177297,0.23727121592527314,0.12104252692409159,0.2304784865472072,0.11641725336536754,0.11641450195113864,0.12105730273467709,0.11603763390397226,0.1176274069761315,0.11831094340816621,0.24011318532827383,0.11484161982491489,0.1183768059029109,0.24107292492341448,0.23762121348858115,0.2326474540593498,0.11889063498400235,0.22959760644786342,0.12158831199614022,0.11707117762653828,0.24211996421427595,0.11556746986305348,0.23468399474483173,0.1176281662324709,0.11562776816226952,0.7830465177573397,0.7258094461833593,1.0,0.9776904238644691,0.2603,0.3582,0.2942,0.2942,0.4634,0.4634,0.6861647515315018,0.6046045071839172,1.0,0.9880779334054279,0.2603,0.3582,0.1478,0.1478,0.4634,0.4558,0.7796603690168504,0.7444813550041974,1.0,0.9515864017578219,0.2603,0.2603,0.2942,0.1478,0.4634,0.4634,0.7589771628113161,0.7418311361078651,1.0,1.0,0.3582,0.3582,0.1478,0.2942,0.6834201142734992,0.6640341787789541,1.0,0.9684571849523544,0.2603,0.3582,0.1478,0.1478,0.6491004691464761,0.7036187529747548,1.0,0.9765602091610204,0.3582,0.3582,0.1478,0.1478,0.6898994648871721,0.6744259031188828,1.0,0.939650753514264,0.3582,0.2942,0.1478,0.4558,0.4634,0.6372633289977307,0.6721546830563248,1.0,1.0,0.3582,0.2603,0.1478,0.1478,0.4634,0.4634,0.6073242415419456,0.6568506780501477,1.0,1.0,0.3582,0.2603,0.2942,0.1478,0.4558,0.4558,0.6220023454371947,0.5775555787087024,1.0,0.9866662045823756,0.2603,0.2603,0.2942,0.1478,0.4634,0.4558,0.7716950588406811,0.7513717309901717,1.0,1.0,0.2603,0.2603,0.1478,0.1478,0.4634,0.4634,0.6850681808730359,0.6604394850465297,1.0,0.9169352132298011,0.2942,0.4634,0.4558,0.7044183745203839,0.636375976833512,1.0,0.940936129060825,0.3582,0.2603,0.1478,0.1478,0.4634,0.4558,0.6440853119283452,0.6324208751145189,1.0,0.8667156067489326,0.2603,0.3582,0.2942,0.2942,0.6251213226745314,0.6505026640201985,1.0,0.9887701505657331,0.2603,0.3582,0.1478,0.2942,0.796923751586113,0.6635031694157374,1.0,0.9012232831756093,0.2603,0.3582,0.1478,0.2942,0.7715475312030017,0.6125554895412432,1.0,0.8741425002099529,0.3582,0.2603,0.2942,0.1478,0.6465196931600968,0.7113340374462294,1.0,0.9783567570697123,0.3582,0.2603,0.1478,0.2942,0.6267477643726668,0.7464151412967086,1.0,0.8881342098628935,0.3582,0.2603,0.2942,0.1478,0.7349594159561526,0.5898381042105467,1.0,0.9831236598487865,0.2603,0.2603,0.2942,0.2942,0.6340080789673704,0.6482116670381479,1.0,0.8992934095442319,0.2603,0.2603,0.1478,0.2942,0.4558,0.4634,0.7899164098626725,0.7753436180652682,1.0,0.906259364359068,0.2603,0.2603,0.2942,0.1478,0.6433977134608884,0.7553399453594032,1.0,0.9554631194467001,0.3582,0.2603,0.1478,0.1478,0.4634,0.4634,0.6848005107943782,0.7319889250210139,1.0,0.9381392880887293,0.2603,0.2603,0.1478,0.2942,0.7698500222936033,0.6204831378505429,1.0,1.0,0.2603,0.2603,0.1478,0.2942,0.7294585182846698,0.7504850476497497,1.0,0.8786356286690434,0.3582,0.3582,0.2942,0.1478,0.8000768920913572,0.6567008001799022,1.0,0.8983514359066684,0.2603,0.3582,0.2942,0.2942
,88,1.0,0.6579894071662802,0.6988950137472342,0.7309879082947479,0.5804600346374162,0.7635765659865799,0.8076598699869192,0.1197,1.0,0.7751757237372994,0.29794447756835424,0.6425249054314024,0.6897876748641267,0.6026017232984604,0.760228988267911,0.9422888321734924,0.3506,0.8870536913196253,0.215,1.0,0.6984254248895585,0.2605141829004735,0.7151936012971276,0.7834740013575927,0.7679290614752992,0.632000597100626,0.7120530244174867,0.7010535610860612,0.9854003780669247,0.4946,0.2551,0.8629780593219846,0.1197,0.7258518724327553,0.252154458823732,0.8129075410015818,0.7403866401679478,0.7278708028291194,0.9242774938637816,0.1197,0.25557053947196057,0.6216620189322337,0.6287922535029562,1.0,0.30130201054167105,0.3506,0.215,0.7612975923476397,0.2683391748758937,0.6047251157604782,0.6351356690638911,0.6809458602732612,1.0,0.9505457286937897,0.215,1.0,0.7914455168103458,0.2769834431129398,0.7818769515304889,0.764106993200562,0.7803485843093158,0.6381432103600724,0.6393353282764851,0.7715158675887872,1.0,0.3506,0.9221259709197351,0.1197,1.0,0.8013636877221566,0.24439110348130325,0.6419750996553126,0.6983162151244735,0.7713290540456549,0.6351748308592249,0.7714804075551769,0.6385323821057172,1.0,0.2551,0.8721749601670348,0.215,1.0,0.6552318077049649,0.29139313288332647,0.707062179505444,0.7231247168883197,0.7601913392105553,0.7637834981993078,0.968726824117902,0.2551,0.8936120684172437,0.1197,1.0,0.7184094055030743,0.2420213903287224,0.7091397588106423,0.6297354213189732,0.7531212408262454,0.5784301078394952,0.7006937328164304,0.9956805560780067,0.3506,0.8873864978976166,0.1197,1.0,0.6803141320311843,0.6755359864161384,0.6285739959268501,0.6574296637093597,0.8019636371402328,0.4622,0.9106012538453309,0.1197,1.0,0.6895472665061904,0.6364226131028756,0.6095871001711561,0.6127470423492547,0.7517468469891132,1.0,0.2551,0.9284616671078727,0.215,1.0,0.721673066861012,0.24125634592459677,0.6604698728380332,0.7019699479900342,0.7701577641731057,0.6327268190347601,0.8230040277470971,0.3506,0.7862851224199425,0.1197,0.7399449799618062,0.8567418282233239,0.215,1.0,0.795480162349279,0.259062487618496,0.6334009499960954,0.5763723335222087,0.8720406533356605,0.215,0.821990310421925,0.2533521899230232,0.7388392496593642,0.7624583331241215,0.783895676537431,0.6447490471659538,0.8753635955766385,0.2551,0.8041753718872703,0.215,0.2551,0.1197,0.6522260211706306,0.59737862932777,0.215,1.0,0.8077262395850673,0.29056979568806707,0.7629121737953647,0.7929354720819164,0.7096275321006006,0.6262307813512957,0.7235715629433557,0.703354068422942,0.8977925560507157,0.2551,0.8199182633710775,0.1197,1.0,0.8060661245623981,0.27150903746504634,0.6363698569249687,0.823849553632781,0.7514638683660905,0.7943004665017142,0.7452970979764153,0.6677129166406017,0.9696789566218669,0.3506,0.8490505861458282,0.1197,0.6476387788090199,0.27242461971440357,0.7403783807787823,0.6615301643136193,0.8672407018145745,0.1197,1.0,0.8234337881557885,0.24182524125918872,0.650503259500445,0.7881343544909858,0.6290321328497943,0.6961224440350297,0.6024706962315083,0.7939390525455738,0.919006284934533,0.4946,0.8751197194079741,0.1197,0.23433641801545355,0.7536997466302444,0.215,0.7788245431817497,0.1197,1.0,0.2404476623534358,0.7705015768348216,0.6647084626939294,0.3506,0.7722667078696142,0.215,0.6967411438274631,0.29471897222359394,0.6882106596906054,0.6424104140621677,0.0975464412823364,0.16766454961048466,0.17126133767753635,0.17339670776320099,0.09802970549941654,0.16843261253449882,0.09428379721132948,0.09428156890088835,0.09804167210650101,0.09397635168001002,0.09526387425604156,0.09581745552068673,0.17547360586532587,0.09300772593398048,0.09587079612028712,0.17617497912486102,0.17365248436453076,0.17001768396587427,0.0962869350986812,0.16778886942994778,0.09847172493868732,0.09481339622392851,0.17694015059846815,0.09359557606635659,0.17150597848449634,0.09526448916120953,0.093644410345221,0.7830465177573397,0.7258094461833593,1.0,0.9776904238644691,0.2551,0.3506,0.215,0.215,0.4946,0.4946,0.6861647515315018,0.6046045071839172,1.0,0.9880779334054279,0.2551,0.3506,0.1197,0.1197,0.4946,0.4622,0.7796603690168504,0.7444813550041974,1.0,0.9515864017578219,0.2551,0.2551,0.215,0.1197,0.4946,0.4946,0.7589771628113161,0.7418311361078651,1.0,1.0,0.3506,0.3506,0.1197,0.215,0.6834201142734992,0.6640341787789541,1.0,0.9684571849523544,0.2551,0.3506,0.1197,0.1197,0.6491004691464761,0.7036187529747548,1.0,0.9765602091610204,0.3506,0.3506,0.1197,0.1197,0.6898994648871721,0.6744259031188828,1.0,0.939650753514264,0.3506,0.215,0.1197,0.4622,0.4946,0.6372633289977307,0.6721546830563248,1.0,1.0,0.3506,0.2551,0.1197,0.1197,0.4946,0.4946,0.6073242415419456,0.6568506780501477,1.0,1.0,0.3506,0.2551,0.215,0.1197,0.4622,0.4622,0.6220023454371947,0.5775555787087024,1.0,0.9866662045823756,0.2551,0.2551,0.215,0.1197,0.4946,0.4622,0.7716950588406811,0.7513717309901717,1.0,1.0,0.2551,0.2551,0.1197,0.1197,0.4946,0.4946,0.6850681808730359,0.6604394850465297,1.0,0.9169352132298011,0.215,0.4946,0.4622,0.7044183745203839,0.636375976833512,1.0,0.940936129060825,0.3506,0.2551,0.1197,0.1197,0.4946,0.4622,0.6440853119283452,0.6324208751145189,1.0,0.8667156067489326,0.2551,0.3506,0.215,0.215,0.6251213226745314,0.6505026640201985,1.0,0.9887701505657331,0.2551,0.3506,0.1197,0.215,0.796923751586113,0.6635031694157374,1.0,0.9012232831756093,0.2551,0.3506,0.1197,0.215,0.7715475312030017,0.6125554895412432,1.0,0.8741425002099529,0.3506,0.2551,0.215,0.1197,0.6465196931600968,0.7113340374462294,1.0,0.9783567570697123,0.3506,0.2551,0.1197,0.215,0.6267477643726668,0.7464151412967086,1.0,0.8881342098628935,0.3506,0.2551,0.215,0.1197,0.7349594159561526,0.5898381042105467,1.0,0.9831236598487865,0.2551,0.2551,0.215,0.215,0.6340080789673704,0.6482116670381479,1.0,0.8992934095442319,0.2551,0.2551,0.1197,0.215,0.4622,0.4946,0.7899164098626725,0.7753436180652682,1.0,0.906259364359068,0.2551,0.2551,0.215,0.1197,0.6433977134608884,0.7553399453594032,1.0,0.9554631194467001,0.3506,0.2551,0.1197,0.1197,0.4946,0.4946,0.6848005107943782,0.7319889250210139,1.0,0.9381392880887293,0.2551,0.2551,0.1197,0.215,0.7698500222936033,0.6204831378505429,1.0,1.0,0.2551,0.2551,0.1197,0.215,0.7294585182846698,0.7504850476497497,1.0,0.8786356286690434,0.3506,0.3506,0.215,0.1197,0.8000768920913572,0.6567008001799022,1.0,0.8983514359066684,0.2551,0.3506,0.215,0.215
,89,1.0,0.6579894071662802,0.6988950137472342,0.7309879082947479,0.5804600346374162,0.7635765659865799,0.8076598699869192,0.03604,1.0,0.7751757237372994,0.29794447756835424,0.6425249054314024,0.6897876748641267,0.6026017232984604,0.760228988267911,0.9422888321734924,0.4268,0.8870536913196253,0.0674,1.0,0.6984254248895585,0.2605141829004735,0.7151936012971276,0.7834740013575927,0.7679290614752992,0.632000597100626,0.7120530244174867,0.7010535610860612,0.9854003780669247,0.5273,0.2512,0.8629780593219846,0.03604,0.7258518724327553,0.252154458823732,0.8129075410015818,0.7403866401679478,0.7278708028291194,0.9242774938637816,0.03604,0.25557053947196057,0.6216620189322337,0.6287922535029562,1.0,0.30130201054167105,0.4268,0.0674,0.7612975923476397,0.2683391748758937,0.6047251157604782,0.6351356690638911,0.6809458602732612,1.0,0.9505457286937897,0.0674,1.0,0.7914455168103458,0.2769834431129398,0.7818769515304889,0.764106993200562,0.7803485843093158,0.6381432103600724,0.6393353282764851,0.7715158675887872,1.0,0.4268,0.9221259709197351,0.03604,1.0,0.8013636877221566,0.24439110348130325,0.6419750996553126,0.6983162151244735,0.7713290540456549,0.6351748308592249,0.7714804075551769,0.6385323821057172,1.0,0.2512,0.8721749601670348,0.0674,1.0,0.6552318077049649,0.29139313288332647,0.707062179505444,0.7231247168883197,0.7601913392105553,0.7637834981993078,0.968726824117902,0.2512,0.8936120684172437,0.03604,1.0,0.7184094055030743,0.2420213903287224,0.7091397588106423,0.6297354213189732,0.7531212408262454,0.5784301078394952,0.7006937328164304,0.9956805560780067,0.4268,0.8873864978976166,0.03604,1.0,0.6803141320311843,0.6755359864161384,0.6285739959268501,0.6574296637093597,0.8019636371402328,0.489,0.9106012538453309,0.03604,1.0,0.6895472665061904,0.6364226131028756,0.6095871001711561,0.6127470423492547,0.7517468469891132,1.0,0.2512,0.9284616671078727,0.0674,1.0,0.721673066861012,0.24125634592459677,0.6604698728380332,0.7019699479900342,0.7701577641731057,0.6327268190347601,0.8230040277470971,0.4268,0.7862851224199425,0.03604,0.7399449799618062,0.8567418282233239,0.0674,1.0,0.795480162349279,0.259062487618496,0.6334009499960954,0.5763723335222087,0.8720406533356605,0.0674,0.821990310421925,0.2533521899230232,0.7388392496593642,0.7624583331241215,0.783895676537431,0.6447490471659538,0.8753635955766385,0.2512,0.8041753718872703,0.0674,0.2512,0.03604,0.6522260211706306,0.59737862932777,0.0674,1.0,0.8077262395850673,0.29056979568806707,0.7629121737953647,0.7929354720819164,0.7096275321006006,0.6262307813512957,0.7235715629433557,0.703354068422942,0.8977925560507157,0.2512,0.8199182633710775,0.03604,1.0,0.8060661245623981,0.27150903746504634,0.6363698569249687,0.823849553632781,0.7514638683660905,0.7943004665017142,0.7452970979764153,0.6677129166406017,0.9696789566218669,0.4268,0.8490505861458282,0.03604,0.6476387788090199,0.27242461971440357,0.7403783807787823,0.6615301643136193,0.8672407018145745,0.03604,1.0,0.8234337881557885,0.24182524125918872,0.650503259500445,0.7881343544909858,0.6290321328497943,0.6961224440350297,0.6024706962315083,0.7939390525455738,0.919006284934533,0.5273,0.8751197194079741,0.03604,0.23433641801545355,0.7536997466302444,0.0674,0.7788245431817497,0.03604,1.0,0.2404476623534358,0.7705015768348216,0.6647084626939294,0.4268,0.7722667078696142,0.0674,0.6967411438274631,0.29471897222359394,0.6882106596906054,0.6424104140621677,0.029369872546494605,0.05256088671510077,0.05368843795100441,0.05435785164297556,0.029515376659974706,0.05280166551081497,0.028387535935641726,0.028386865022456274,0.029518979638415176,0.028294968375501765,0.02868262346021502,0.028849299055685458,0.05500893504801379,0.02800332867719847,0.028865359166041337,0.05522880740937503,0.05443803463334592,0.053298566973488025,0.02899065280665389,0.05259985953292316,0.029648462546284803,0.028546990809610553,0.055468679769008156,0.028180322150639026,0.053765129999325825,0.028682808599582214,0.028195025470691436,0.7830465177573397,0.7258094461833593,1.0,0.9776904238644691,0.2512,0.4268,0.0674,0.0674,0.5273,0.5273,0.6861647515315018,0.6046045071839172,1.0,0.9880779334054279,0.2512,0.4268,0.03604,0.03604,0.5273,0.489,0.7796603690168504,0.7444813550041974,1.0,0.9515864017578219,0.2512,0.2512,0.0674,0.03604,0.5273,0.5273,0.7589771628113161,0.7418311361078651,1.0,1.0,0.4268,0.4268,0.03604,0.0674,0.6834201142734992,0.6640341787789541,1.0,0.9684571849523544,0.2512,0.4268,0.03604,0.03604,0.6491004691464761,0.7036187529747548,1.0,0.9765602091610204,0.4268,0.4268,0.03604,0.03604,0.6898994648871721,0.6744259031188828,1.0,0.939650753514264,0.4268,0.0674,0.03604,0.489,0.5273,0.6372633289977307,0.6721546830563248,1.0,1.0,0.4268,0.2512,0.03604,0.03604,0.5273,0.5273,0.6073242415419456,0.6568506780501477,1.0,1.0,0.4268,0.2512,0.0674,0.03604,0.489,0.489,0.6220023454371947,0.5775555787087024,1.0,0.9866662045823756,0.2512,0.2512,0.0674,0.03604,0.5273,0.489,0.7716950588406811,0.7513717309901717,1.0,1.0,0.2512,0.2512,0.03604,0.03604,0.5273,0.5273,0.6850681808730359,0.6604394850465297,1.0,0.9169352132298011,0.0674,0.5273,0.489,0.7044183745203839,0.636375976833512,1.0,0.940936129060825,0.4268,0.2512,0.03604,0.03604,0.5273,0.489,0.6440853119283452,0.6324208751145189,1.0,0.8667156067489326,0.2512,0.4268,0.0674,0.0674,0.6251213226745314,0.6505026640201985,1.0,0.9887701505657331,0.2512,0.4268,0.03604,0.0674,0.796923751586113,0.6635031694157374,1.0,0.9012232831756093,0.2512,0.4268,0.03604,0.0674,0.7715475312030017,0.6125554895412432,1.0,0.8741425002099529,0.4268,0.2512,0.0674,0.03604,0.6465196931600968,0.7113340374462294,1.0,0.9783567570697123,0.4268,0.2512,0.03604,0.0674,0.6267477643726668,0.7464151412967086,1.0,0.8881342098628935,0.4268,0.2512,0.0674,0.03604,0.7349594159561526,0.5898381042105467,1.0,0.9831236598487865,0.2512,0.2512,0.0674,0.0674,0.6340080789673704,0.6482116670381479,1.0,0.8992934095442319,0.2512,0.2512,0.03604,0.0674,0.489,0.5273,0.7899164098626725,0.7753436180652682,1.0,0.906259364359068,0.2512,0.2512,0.0674,0.03604,0.6433977134608884,0.7553399453594032,1.0,0.9554631194467001,0.4268,0.2512,0.03604,0.03604,0.5273,0.5273,0.6848005107943782,0.7319889250210139,1.0,0.9381392880887293,0.2512,0.2512,0.03604,0.0674,0.7698500222936033,0.6204831378505429,1.0,1.0,0.2512,0.2512,0.03604,0.0674,0.7294585182846698,0.7504850476497497,1.0,0.8786356286690434,0.4268,0.4268,0.0674,0.03604,0.8000768920913572,0.6567008001799022,1.0,0.8983514359066684,0.2512,0.4268,0.0674,0.0674
,90,1.0,0.6579894071662802,0.6988950137472342,0.7309879082947479,0.5804600346374162,0.7635765659865799,0.8076598699869192,0.0,1.0,0.7751757237372994,0.29794447756835424,0.6425249054314024,0.6897876748641267,0.6026017232984604,0.760228988267911,0.9422888321734924,0.5044,0.8870536913196253,7.546e-05,1.0,0.6984254248895585,0.2605141829004735,0.7151936012971276,0.7834740013575927,0.7679290614752992,0.632000597100626,0.7120530244174867,0.7010535610860612,0.9854003780669247,0.556,0.304,0.8629780593219846,0.0,0.7258518724327553,0.252154458823732,0.8129075410015818,0.7403866401679478,0.7278708028291194,0.9242774938637816,0.0,0.25557053947196057,0.6216620189322337,0.6287922535029562,1.0,0.30130201054167105,0.5044,7.546e-05,0.7612975923476397,0.2683391748758937,0.6047251157604782,0.6351356690638911,0.6809458602732612,1.0,0.9505457286937897,7.546e-05,1.0,0.7914455168103458,0.2769834431129398,0.7818769515304889,0.764106993200562,0.7803485843093158,0.6381432103600724,0.6393353282764851,0.7715158675887872,1.0,0.5044,0.9221259709197351,0.0,1.0,0.8013636877221566,0.24439110348130325,0.6419750996553126,0.6983162151244735,0.7713290540456549,0.6351748308592249,0.7714804075551769,0.6385323821057172,1.0,0.304,0.8721749601670348,7.546e-05,1.0,0.6552318077049649,0.29139313288332647,0.707062179505444,0.7231247168883197,0.7601913392105553,0.7637834981993078,0.968726824117902,0.304,0.8936120684172437,0.0,1.0,0.7184094055030743,0.2420213903287224,0.7091397588106423,0.6297354213189732,0.7531212408262454,0.5784301078394952,0.7006937328164304,0.9956805560780067,0.5044,0.8873864978976166,0.0,1.0,0.6803141320311843,0.6755359864161384,0.6285739959268501,0.6574296637093597,0.8019636371402328,0.5005,0.9106012538453309,0.0,1.0,0.6895472665061904,0.6364226131028756,0.6095871001711561,0.6127470423492547,0.7517468469891132,1.0,0.304,0.9284616671078727,7.546e-05,1.0,0.721673066861012,0.24125634592459677,0.6604698728380332,0.7019699479900342,0.7701577641731057,0.6327268190347601,0.8230040277470971,0.5044,0.7862851224199425,0.0,0.7399449799618062,0.8567418282233239,7.546e-05,1.0,0.795480162349279,0.259062487618496,0.6334009499960954,0.5763723335222087,0.8720406533356605,7.546e-05,0.821990310421925,0.2533521899230232,0.7388392496593642,0.7624583331241215,0.783895676537431,0.6447490471659538,0.8753635955766385,0.304,0.8041753718872703,7.546e-05,0.304,0.0,0.6522260211706306,0.59737862932777,7.546e-05,1.0,0.8077262395850673,0.29056979568806707,0.7629121737953647,0.7929354720819164,0.7096275321006006,0.6262307813512957,0.7235715629433557,0.703354068422942,0.8977925560507157,0.304,0.8199182633710775,0.0,1.0,0.8060661245623981,0.27150903746504634,0.6363698569249687,0.823849553632781,0.7514638683660905,0.7943004665017142,0.7452970979764153,0.6677129166406017,0.9696789566218669,0.5044,0.8490505861458282,0.0,0.6476387788090199,0.27242461971440357,0.7403783807787823,0.6615301643136193,0.8672407018145745,0.0,1.0,0.8234337881557885,0.24182524125918872,0.650503259500445,0.7881343544909858,0.6290321328497943,0.6961224440350297,0.6024706962315083,0.7939390525455738,0.919006284934533,0.556,0.8751197194079741,0.0,0.23433641801545355,0.7536997466302444,7.546e-05,0.7788245431817497,0.0,1.0,0.2404476623534358,0.7705015768348216,0.6647084626939294,0.5044,0.7722667078696142,7.546e-05,0.6967411438274631,0.29471897222359394,0.6882106596906054,0.6424104140621677,0.0,5.8846357737707776e-05,6.010874670300879e-05,6.085821194330765e-05,0.0,5.9115929962108276e-05,0.0,0.0,0.0,0.0,0.0,0.0,6.158715487719763e-05,0.0,0.0,6.183332058028843e-05,6.094798358208135e-05,5.967225317239475e-05,0.0,5.888999110318074e-05,0.0,0.0,6.21018779728391e-05,0.0,6.019460993693067e-05,0.0,0.0,0.7830465177573397,0.7258094461833593,1.0,0.9776904238644691,0.304,0.5044,7.546e-05,7.546e-05,0.556,0.556,0.6861647515315018,0.6046045071839172,1.0,0.9880779334054279,0.304,0.5044,0.0,0.0,0.556,0.5005,0.7796603690168504,0.7444813550041974,1.0,0.9515864017578219,0.304,0.304,7.546e-05,0.0,0.556,0.556,0.7589771628113161,0.7418311361078651,1.0,1.0,0.5044,0.5044,0.0,7.546e-05,0.6834201142734992,0.6640341787789541,1.0,0.9684571849523544,0.304,0.5044,0.0,0.0,0.6491004691464761,0.7036187529747548,1.0,0.9765602091610204,0.5044,0.5044,0.0,0.0,0.6898994648871721,0.6744259031188828,1.0,0.939650753514264,0.5044,7.546e-05,0.0,0.5005,0.556,0.6372633289977307,0.6721546830563248,1.0,1.0,0.5044,0.304,0.0,0.0,0.556,0.556,0.6073242415419456,0.6568506780501477,1.0,1.0,0.5044,0.304,7.546e-05,0.0,0.5005,0.5005,0.6220023454371947,0.5775555787087024,1.0,0.9866662045823756,0.304,0.304,7.546e-05,0.0,0.556,0.5005,0.7716950588406811,0.7513717309901717,1.0,1.0,0.304,0.304,0.0,0.0,0.556,0.556,0.6850681808730359,0.6604394850465297,1.0,0.9169352132298011,7.546e-05,0.556,0.5005,0.7044183745203839,0.636375976833512,1.0,0.940936129060825,0.5044,0.304,0.0,0.0,0.556,0.5005,0.6440853119283452,0.6324208751145189,1.0,0.8667156067489326,0.304,0.5044,7.546e-05,7.546e-05,0.6251213226745314,0.6505026640201985,1.0,0.9887701505657331,0.304,0.5044,0.0,7.546e-05,0.796923751586113,0.6635031694157374,1.0,0.9012232831756093,0.304,0.5044,0.0,7.546e-05,0.7715475312030017,0.6125554895412432,1.0,0.8741425002099529,0.5044,0.304,7.546e-05,0.0,0.6465196931600968,0.7113340374462294,1.0,0.9783567570697123,0.5044,0.304,0.0,7.546e-05,0.6267477643726668,0.7464151412967086,1.0,0.8881342098628935,0.5044,0.304,7.546e-05,0.0,0.7349594159561526,0.5898381042105467,1.0,0.9831236598487865,0.304,0.304,7.546e-05,7.546e-05,0.6340080789673704,0.6482116670381479,1.0,0.8992934095442319,0.304,0.304,0.0,7.546e-05,0.5005,0.556,0.7899164098626725,0.7753436180652682,1.0,0.906259364359068,0.304,0.304,7.546e-05,0.0,0.6433977134608884,0.7553399453594032,1.0,0.9554631194467001,0.5044,0.304,0.0,0.0,0.556,0.556,0.6848005107943782,0.7319889250210139,1.0,0.9381392880887293,0.304,0.304,0.0,7.546e-05,0.7698500222936033,0.6204831378505429,1.0,1.0,0.304,0.304,0.0,7.546e-05,0.7294585182846698,0.7504850476497497,1.0,0.8786356286690434,0.5044,0.5044,7.546e-05,0.0,0.8000768920913572,0.6567008001799022,1.0,0.8983514359066684,0.304,0.5044,7.546e-05,7.546e-05
,91,1.0,0.6579894071662802,0.6988950137472342,0.7309879082947479,0.5804600346374162,0.7635765659865799,0.8076598699869192,0.0,1.0,0.7751757237372994,0.29794447756835424,0.6425249054314024,0.6897876748641267,0.6026017232984604,0.760228988267911,0.9422888321734924,0.515,0.8870536913196253,0.0,1.0,0.6984254248895585,0.2605141829004735,0.7151936012971276,0.7834740013575927,0.7679290614752992,0.632000597100626,0.7120530244174867,0.7010535610860612,0.9854003780669247,0.59,0.3418,0.8629780593219846,0.0,0.7258518724327553,0.252154458823732,0.8129075410015818,0.7403866401679478,0.7278708028291194,0.9242774938637816,0.0,0.25557053947196057,0.6216620189322337,0.6287922535029562,1.0,0.30130201054167105,0.515,0.0,0.7612975923476397,0.2683391748758937,0.6047251157604782,0.6351356690638911,0.6809458602732612,1.0,0.9505457286937897,0.0,1.0,0.7914455168103458,0.2769834431129398,0.7818769515304889,0.764106993200562,0.7803485843093158,0.6381432103600724,0.6393353282764851,0.7715158675887872,1.0,0.515,0.9221259709197351,0.0,1.0,0.8013636877221566,0.24439110348130325,0.6419750996553126,0.6983162151244735,0.7713290540456549,0.6351748308592249,0.7714804075551769,0.6385323821057172,1.0,0.3418,0.8721749601670348,0.0,1.0,0.6552318077049649,0.29139313288332647,0.707062179505444,0.7231247168883197,0.7601913392105553,0.7637834981993078,0.968726824117902,0.3418,0.8936120684172437,0.0,1.0,0.7184094055030743,0.2420213903287224,0.7091397588106423,0.6297354213189732,0.7531212408262454,0.5784301078394952,0.7006937328164304,0.9956805560780067,0.515,0.8873864978976166,0.0,1.0,0.6803141320311843,0.6755359864161384,0.6285739959268501,0.6574296637093597,0.8019636371402328,0.5166,0.9106012538453309,0.0,1.0,0.6895472665061904,0.6364226131028756,0.6095871001711561,0.6127470423492547,0.7517468469891132,1.0,0.3418,0.9284616671078727,0.0,1.0,0.721673066861012,0.24125634592459677,0.6604698728380332,0.7019699479900342,0.7701577641731057,0.6327268190347601,0.8230040277470971,0.515,0.7862851224199425,0.0,0.7399449799618062,0.8567418282233239,0.0,1.0,0.795480162349279,0.259062487618496,0.6334009499960954,0.5763723335222087,0.8720406533356605,0.0,0.821990310421925,0.2533521899230232,0.7388392496593642,0.7624583331241215,0.783895676537431,0.6447490471659538,0.8753635955766385,0.3418,0.8041753718872703,0.0,0.3418,0.0,0.6522260211706306,0.59737862932777,0.0,1.0,0.8077262395850673,0.29056979568806707,0.7629121737953647,0.7929354720819164,0.7096275321006006,0.6262307813512957,0.7235715629433557,0.703354068422942,0.8977925560507157,0.3418,0.8199182633710775,0.0,1.0,0.8060661245623981,0.27150903746504634,0.6363698569249687,0.823849553632781,0.7514638683660905,0.7943004665017142,0.7452970979764153,0.6677129166406017,0.9696789566218669,0.515,0.8490505861458282,0.0,0.6476387788090199,0.27242461971440357,0.7403783807787823,0.6615301643136193,0.8672407018145745,0.0,1.0,0.8234337881557885,0.24182524125918872,0.650503259500445,0.7881343544909858,0.6290321328497943,0.6961224440350297,0.6024706962315083,0.7939390525455738,0.919006284934533,0.59,0.8751197194079741,0.0,0.23433641801545355,0.7536997466302444,0.0,0.7788245431817497,0.0,1.0,0.2404476623534358,0.7705015768348216,0.6647084626939294,0.515,0.7722667078696142,0.0,0.6967411438274631,0.29471897222359394,0.6882106596906054,0.6424104140621677,0.0,0.0,0.0,0.0,0.0,0.0,0.0,0.0,0.0,0.0,0.0,0.0,0.0,0.0,0.0,0.0,0.0,0.0,0.0,0.0,0.0,0.0,0.0,0.0,0.0,0.0,0.0,0.7830465177573397,0.7258094461833593,1.0,0.9776904238644691,0.3418,0.515,0.0,0.0,0.59,0.59,0.6861647515315018,0.6046045071839172,1.0,0.9880779334054279,0.3418,0.515,0.0,0.0,0.59,0.5166,0.7796603690168504,0.7444813550041974,1.0,0.9515864017578219,0.3418,0.3418,0.0,0.0,0.59,0.59,0.7589771628113161,0.7418311361078651,1.0,1.0,0.515,0.515,0.0,0.0,0.6834201142734992,0.6640341787789541,1.0,0.9684571849523544,0.3418,0.515,0.0,0.0,0.6491004691464761,0.7036187529747548,1.0,0.9765602091610204,0.515,0.515,0.0,0.0,0.6898994648871721,0.6744259031188828,1.0,0.939650753514264,0.515,0.0,0.0,0.5166,0.59,0.6372633289977307,0.6721546830563248,1.0,1.0,0.515,0.3418,0.0,0.0,0.59,0.59,0.6073242415419456,0.6568506780501477,1.0,1.0,0.515,0.3418,0.0,0.0,0.5166,0.5166,0.6220023454371947,0.5775555787087024,1.0,0.9866662045823756,0.3418,0.3418,0.0,0.0,0.59,0.5166,0.7716950588406811,0.7513717309901717,1.0,1.0,0.3418,0.3418,0.0,0.0,0.59,0.59,0.6850681808730359,0.6604394850465297,1.0,0.9169352132298011,0.0,0.59,0.5166,0.7044183745203839,0.636375976833512,1.0,0.940936129060825,0.515,0.3418,0.0,0.0,0.59,0.5166,0.6440853119283452,0.6324208751145189,1.0,0.8667156067489326,0.3418,0.515,0.0,0.0,0.6251213226745314,0.6505026640201985,1.0,0.9887701505657331,0.3418,0.515,0.0,0.0,0.796923751586113,0.6635031694157374,1.0,0.9012232831756093,0.3418,0.515,0.0,0.0,0.7715475312030017,0.6125554895412432,1.0,0.8741425002099529,0.515,0.3418,0.0,0.0,0.6465196931600968,0.7113340374462294,1.0,0.9783567570697123,0.515,0.3418,0.0,0.0,0.6267477643726668,0.7464151412967086,1.0,0.8881342098628935,0.515,0.3418,0.0,0.0,0.7349594159561526,0.5898381042105467,1.0,0.9831236598487865,0.3418,0.3418,0.0,0.0,0.6340080789673704,0.6482116670381479,1.0,0.8992934095442319,0.3418,0.3418,0.0,0.0,0.5166,0.59,0.7899164098626725,0.7753436180652682,1.0,0.906259364359068,0.3418,0.3418,0.0,0.0,0.6433977134608884,0.7553399453594032,1.0,0.9554631194467001,0.515,0.3418,0.0,0.0,0.59,0.59,0.6848005107943782,0.7319889250210139,1.0,0.9381392880887293,0.3418,0.3418,0.0,0.0,0.7698500222936033,0.6204831378505429,1.0,1.0,0.3418,0.3418,0.0,0.0,0.7294585182846698,0.7504850476497497,1.0,0.8786356286690434,0.515,0.515,0.0,0.0,0.8000768920913572,0.6567008001799022,1.0,0.8983514359066684,0.3418,0.515,0.0,0.0
,92,1.0,0.6579894071662802,0.6988950137472342,0.7309879082947479,0.5804600346374162,0.7635765659865799,0.8076598699869192,0.0,1.0,0.7751757237372994,0.29794447756835424,0.6425249054314024,0.6897876748641267,0.6026017232984604,0.760228988267911,0.9422888321734924,0.488,0.8870536913196253,0.0,1.0,0.6984254248895585,0.2605141829004735,0.7151936012971276,0.7834740013575927,0.7679290614752992,0.632000597100626,0.7120530244174867,0.7010535610860612,0.9854003780669247,0.5913,0.3596,0.8629780593219846,0.0,0.7258518724327553,0.252154458823732,0.8129075410015818,0.7403866401679478,0.7278708028291194,0.9242774938637816,0.0,0.25557053947196057,0.6216620189322337,0.6287922535029562,1.0,0.30130201054167105,0.488,0.0,0.7612975923476397,0.2683391748758937,0.6047251157604782,0.6351356690638911,0.6809458602732612,1.0,0.9505457286937897,0.0,1.0,0.7914455168103458,0.2769834431129398,0.7818769515304889,0.764106993200562,0.7803485843093158,0.6381432103600724,0.6393353282764851,0.7715158675887872,1.0,0.488,0.9221259709197351,0.0,1.0,0.8013636877221566,0.24439110348130325,0.6419750996553126,0.6983162151244735,0.7713290540456549,0.6351748308592249,0.7714804075551769,0.6385323821057172,1.0,0.3596,0.8721749601670348,0.0,1.0,0.6552318077049649,0.29139313288332647,0.707062179505444,0.7231247168883197,0.7601913392105553,0.7637834981993078,0.968726824117902,0.3596,0.8936120684172437,0.0,1.0,0.7184094055030743,0.2420213903287224,0.7091397588106423,0.6297354213189732,0.7531212408262454,0.5784301078394952,0.7006937328164304,0.9956805560780067,0.488,0.8873864978976166,0.0,1.0,0.6803141320311843,0.6755359864161384,0.6285739959268501,0.6574296637093597,0.8019636371402328,0.538,0.9106012538453309,0.0,1.0,0.6895472665061904,0.6364226131028756,0.6095871001711561,0.6127470423492547,0.7517468469891132,1.0,0.3596,0.9284616671078727,0.0,1.0,0.721673066861012,0.24125634592459677,0.6604698728380332,0.7019699479900342,0.7701577641731057,0.6327268190347601,0.8230040277470971,0.488,0.7862851224199425,0.0,0.7399449799618062,0.8567418282233239,0.0,1.0,0.795480162349279,0.259062487618496,0.6334009499960954,0.5763723335222087,0.8720406533356605,0.0,0.821990310421925,0.2533521899230232,0.7388392496593642,0.7624583331241215,0.783895676537431,0.6447490471659538,0.8753635955766385,0.3596,0.8041753718872703,0.0,0.3596,0.0,0.6522260211706306,0.59737862932777,0.0,1.0,0.8077262395850673,0.29056979568806707,0.7629121737953647,0.7929354720819164,0.7096275321006006,0.6262307813512957,0.7235715629433557,0.703354068422942,0.8977925560507157,0.3596,0.8199182633710775,0.0,1.0,0.8060661245623981,0.27150903746504634,0.6363698569249687,0.823849553632781,0.7514638683660905,0.7943004665017142,0.7452970979764153,0.6677129166406017,0.9696789566218669,0.488,0.8490505861458282,0.0,0.6476387788090199,0.27242461971440357,0.7403783807787823,0.6615301643136193,0.8672407018145745,0.0,1.0,0.8234337881557885,0.24182524125918872,0.650503259500445,0.7881343544909858,0.6290321328497943,0.6961224440350297,0.6024706962315083,0.7939390525455738,0.919006284934533,0.5913,0.8751197194079741,0.0,0.23433641801545355,0.7536997466302444,0.0,0.7788245431817497,0.0,1.0,0.2404476623534358,0.7705015768348216,0.6647084626939294,0.488,0.7722667078696142,0.0,0.6967411438274631,0.29471897222359394,0.6882106596906054,0.6424104140621677,0.0,0.0,0.0,0.0,0.0,0.0,0.0,0.0,0.0,0.0,0.0,0.0,0.0,0.0,0.0,0.0,0.0,0.0,0.0,0.0,0.0,0.0,0.0,0.0,0.0,0.0,0.0,0.7830465177573397,0.7258094461833593,1.0,0.9776904238644691,0.3596,0.488,0.0,0.0,0.5913,0.5913,0.6861647515315018,0.6046045071839172,1.0,0.9880779334054279,0.3596,0.488,0.0,0.0,0.5913,0.538,0.7796603690168504,0.7444813550041974,1.0,0.9515864017578219,0.3596,0.3596,0.0,0.0,0.5913,0.5913,0.7589771628113161,0.7418311361078651,1.0,1.0,0.488,0.488,0.0,0.0,0.6834201142734992,0.6640341787789541,1.0,0.9684571849523544,0.3596,0.488,0.0,0.0,0.6491004691464761,0.7036187529747548,1.0,0.9765602091610204,0.488,0.488,0.0,0.0,0.6898994648871721,0.6744259031188828,1.0,0.939650753514264,0.488,0.0,0.0,0.538,0.5913,0.6372633289977307,0.6721546830563248,1.0,1.0,0.488,0.3596,0.0,0.0,0.5913,0.5913,0.6073242415419456,0.6568506780501477,1.0,1.0,0.488,0.3596,0.0,0.0,0.538,0.538,0.6220023454371947,0.5775555787087024,1.0,0.9866662045823756,0.3596,0.3596,0.0,0.0,0.5913,0.538,0.7716950588406811,0.7513717309901717,1.0,1.0,0.3596,0.3596,0.0,0.0,0.5913,0.5913,0.6850681808730359,0.6604394850465297,1.0,0.9169352132298011,0.0,0.5913,0.538,0.7044183745203839,0.636375976833512,1.0,0.940936129060825,0.488,0.3596,0.0,0.0,0.5913,0.538,0.6440853119283452,0.6324208751145189,1.0,0.8667156067489326,0.3596,0.488,0.0,0.0,0.6251213226745314,0.6505026640201985,1.0,0.9887701505657331,0.3596,0.488,0.0,0.0,0.796923751586113,0.6635031694157374,1.0,0.9012232831756093,0.3596,0.488,0.0,0.0,0.7715475312030017,0.6125554895412432,1.0,0.8741425002099529,0.488,0.3596,0.0,0.0,0.6465196931600968,0.7113340374462294,1.0,0.9783567570697123,0.488,0.3596,0.0,0.0,0.6267477643726668,0.7464151412967086,1.0,0.8881342098628935,0.488,0.3596,0.0,0.0,0.7349594159561526,0.5898381042105467,1.0,0.9831236598487865,0.3596,0.3596,0.0,0.0,0.6340080789673704,0.6482116670381479,1.0,0.8992934095442319,0.3596,0.3596,0.0,0.0,0.538,0.5913,0.7899164098626725,0.7753436180652682,1.0,0.906259364359068,0.3596,0.3596,0.0,0.0,0.6433977134608884,0.7553399453594032,1.0,0.9554631194467001,0.488,0.3596,0.0,0.0,0.5913,0.5913,0.6848005107943782,0.7319889250210139,1.0,0.9381392880887293,0.3596,0.3596,0.0,0.0,0.7698500222936033,0.6204831378505429,1.0,1.0,0.3596,0.3596,0.0,0.0,0.7294585182846698,0.7504850476497497,1.0,0.8786356286690434,0.488,0.488,0.0,0.0,0.8000768920913572,0.6567008001799022,1.0,0.8983514359066684,0.3596,0.488,0.0,0.0
,93,1.0,0.6579894071662802,0.6988950137472342,0.7309879082947479,0.5804600346374162,0.7635765659865799,0.8076598699869192,0.0,1.0,0.7751757237372994,0.29794447756835424,0.6425249054314024,0.6897876748641267,0.6026017232984604,0.760228988267911,0.9422888321734924,0.448,0.8870536913196253,0.0,1.0,0.6984254248895585,0.2605141829004735,0.7151936012971276,0.7834740013575927,0.7679290614752992,0.632000597100626,0.7120530244174867,0.7010535610860612,0.9854003780669247,0.572,0.3684,0.8629780593219846,0.0,0.7258518724327553,0.252154458823732,0.8129075410015818,0.7403866401679478,0.7278708028291194,0.9242774938637816,0.0,0.25557053947196057,0.6216620189322337,0.6287922535029562,1.0,0.30130201054167105,0.448,0.0,0.7612975923476397,0.2683391748758937,0.6047251157604782,0.6351356690638911,0.6809458602732612,1.0,0.9505457286937897,0.0,1.0,0.7914455168103458,0.2769834431129398,0.7818769515304889,0.764106993200562,0.7803485843093158,0.6381432103600724,0.6393353282764851,0.7715158675887872,1.0,0.448,0.9221259709197351,0.0,1.0,0.8013636877221566,0.24439110348130325,0.6419750996553126,0.6983162151244735,0.7713290540456549,0.6351748308592249,0.7714804075551769,0.6385323821057172,1.0,0.3684,0.8721749601670348,0.0,1.0,0.6552318077049649,0.29139313288332647,0.707062179505444,0.7231247168883197,0.7601913392105553,0.7637834981993078,0.968726824117902,0.3684,0.8936120684172437,0.0,1.0,0.7184094055030743,0.2420213903287224,0.7091397588106423,0.6297354213189732,0.7531212408262454,0.5784301078394952,0.7006937328164304,0.9956805560780067,0.448,0.8873864978976166,0.0,1.0,0.6803141320311843,0.6755359864161384,0.6285739959268501,0.6574296637093597,0.8019636371402328,0.546,0.9106012538453309,0.0,1.0,0.6895472665061904,0.6364226131028756,0.6095871001711561,0.6127470423492547,0.7517468469891132,1.0,0.3684,0.9284616671078727,0.0,1.0,0.721673066861012,0.24125634592459677,0.6604698728380332,0.7019699479900342,0.7701577641731057,0.6327268190347601,0.8230040277470971,0.448,0.7862851224199425,0.0,0.7399449799618062,0.8567418282233239,0.0,1.0,0.795480162349279,0.259062487618496,0.6334009499960954,0.5763723335222087,0.8720406533356605,0.0,0.821990310421925,0.2533521899230232,0.7388392496593642,0.7624583331241215,0.783895676537431,0.6447490471659538,0.8753635955766385,0.3684,0.8041753718872703,0.0,0.3684,0.0,0.6522260211706306,0.59737862932777,0.0,1.0,0.8077262395850673,0.29056979568806707,0.7629121737953647,0.7929354720819164,0.7096275321006006,0.6262307813512957,0.7235715629433557,0.703354068422942,0.8977925560507157,0.3684,0.8199182633710775,0.0,1.0,0.8060661245623981,0.27150903746504634,0.6363698569249687,0.823849553632781,0.7514638683660905,0.7943004665017142,0.7452970979764153,0.6677129166406017,0.9696789566218669,0.448,0.8490505861458282,0.0,0.6476387788090199,0.27242461971440357,0.7403783807787823,0.6615301643136193,0.8672407018145745,0.0,1.0,0.8234337881557885,0.24182524125918872,0.650503259500445,0.7881343544909858,0.6290321328497943,0.6961224440350297,0.6024706962315083,0.7939390525455738,0.919006284934533,0.572,0.8751197194079741,0.0,0.23433641801545355,0.7536997466302444,0.0,0.7788245431817497,0.0,1.0,0.2404476623534358,0.7705015768348216,0.6647084626939294,0.448,0.7722667078696142,0.0,0.6967411438274631,0.29471897222359394,0.6882106596906054,0.6424104140621677,0.0,0.0,0.0,0.0,0.0,0.0,0.0,0.0,0.0,0.0,0.0,0.0,0.0,0.0,0.0,0.0,0.0,0.0,0.0,0.0,0.0,0.0,0.0,0.0,0.0,0.0,0.0,0.7830465177573397,0.7258094461833593,1.0,0.9776904238644691,0.3684,0.448,0.0,0.0,0.572,0.572,0.6861647515315018,0.6046045071839172,1.0,0.9880779334054279,0.3684,0.448,0.0,0.0,0.572,0.546,0.7796603690168504,0.7444813550041974,1.0,0.9515864017578219,0.3684,0.3684,0.0,0.0,0.572,0.572,0.7589771628113161,0.7418311361078651,1.0,1.0,0.448,0.448,0.0,0.0,0.6834201142734992,0.6640341787789541,1.0,0.9684571849523544,0.3684,0.448,0.0,0.0,0.6491004691464761,0.7036187529747548,1.0,0.9765602091610204,0.448,0.448,0.0,0.0,0.6898994648871721,0.6744259031188828,1.0,0.939650753514264,0.448,0.0,0.0,0.546,0.572,0.6372633289977307,0.6721546830563248,1.0,1.0,0.448,0.3684,0.0,0.0,0.572,0.572,0.6073242415419456,0.6568506780501477,1.0,1.0,0.448,0.3684,0.0,0.0,0.546,0.546,0.6220023454371947,0.5775555787087024,1.0,0.9866662045823756,0.3684,0.3684,0.0,0.0,0.572,0.546,0.7716950588406811,0.7513717309901717,1.0,1.0,0.3684,0.3684,0.0,0.0,0.572,0.572,0.6850681808730359,0.6604394850465297,1.0,0.9169352132298011,0.0,0.572,0.546,0.7044183745203839,0.636375976833512,1.0,0.940936129060825,0.448,0.3684,0.0,0.0,0.572,0.546,0.6440853119283452,0.6324208751145189,1.0,0.8667156067489326,0.3684,0.448,0.0,0.0,0.6251213226745314,0.6505026640201985,1.0,0.9887701505657331,0.3684,0.448,0.0,0.0,0.796923751586113,0.6635031694157374,1.0,0.9012232831756093,0.3684,0.448,0.0,0.0,0.7715475312030017,0.6125554895412432,1.0,0.8741425002099529,0.448,0.3684,0.0,0.0,0.6465196931600968,0.7113340374462294,1.0,0.9783567570697123,0.448,0.3684,0.0,0.0,0.6267477643726668,0.7464151412967086,1.0,0.8881342098628935,0.448,0.3684,0.0,0.0,0.7349594159561526,0.5898381042105467,1.0,0.9831236598487865,0.3684,0.3684,0.0,0.0,0.6340080789673704,0.6482116670381479,1.0,0.8992934095442319,0.3684,0.3684,0.0,0.0,0.546,0.572,0.7899164098626725,0.7753436180652682,1.0,0.906259364359068,0.3684,0.3684,0.0,0.0,0.6433977134608884,0.7553399453594032,1.0,0.9554631194467001,0.448,0.3684,0.0,0.0,0.572,0.572,0.6848005107943782,0.7319889250210139,1.0,0.9381392880887293,0.3684,0.3684,0.0,0.0,0.7698500222936033,0.6204831378505429,1.0,1.0,0.3684,0.3684,0.0,0.0,0.7294585182846698,0.7504850476497497,1.0,0.8786356286690434,0.448,0.448,0.0,0.0,0.8000768920913572,0.6567008001799022,1.0,0.8983514359066684,0.3684,0.448,0.0,0.0
,94,1.0,0.6579894071662802,0.6988950137472342,0.7309879082947479,0.5804600346374162,0.7635765659865799,0.8076598699869192,0.0,1.0,0.7751757237372994,0.29794447756835424,0.6425249054314024,0.6897876748641267,0.6026017232984604,0.760228988267911,0.9422888321734924,0.4033,0.8870536913196253,0.0,1.0,0.6984254248895585,0.2605141829004735,0.7151936012971276,0.7834740013575927,0.7679290614752992,0.632000597100626,0.7120530244174867,0.7010535610860612,0.9854003780669247,0.5474,0.3762,0.8629780593219846,0.0,0.7258518724327553,0.252154458823732,0.8129075410015818,0.7403866401679478,0.7278708028291194,0.9242774938637816,0.0,0.25557053947196057,0.6216620189322337,0.6287922535029562,1.0,0.30130201054167105,0.4033,0.0,0.7612975923476397,0.2683391748758937,0.6047251157604782,0.6351356690638911,0.6809458602732612,1.0,0.9505457286937897,0.0,1.0,0.7914455168103458,0.2769834431129398,0.7818769515304889,0.764106993200562,0.7803485843093158,0.6381432103600724,0.6393353282764851,0.7715158675887872,1.0,0.4033,0.9221259709197351,0.0,1.0,0.8013636877221566,0.24439110348130325,0.6419750996553126,0.6983162151244735,0.7713290540456549,0.6351748308592249,0.7714804075551769,0.6385323821057172,1.0,0.3762,0.8721749601670348,0.0,1.0,0.6552318077049649,0.29139313288332647,0.707062179505444,0.7231247168883197,0.7601913392105553,0.7637834981993078,0.968726824117902,0.3762,0.8936120684172437,0.0,1.0,0.7184094055030743,0.2420213903287224,0.7091397588106423,0.6297354213189732,0.7531212408262454,0.5784301078394952,0.7006937328164304,0.9956805560780067,0.4033,0.8873864978976166,0.0,1.0,0.6803141320311843,0.6755359864161384,0.6285739959268501,0.6574296637093597,0.8019636371402328,0.554,0.9106012538453309,0.0,1.0,0.6895472665061904,0.6364226131028756,0.6095871001711561,0.6127470423492547,0.7517468469891132,1.0,0.3762,0.9284616671078727,0.0,1.0,0.721673066861012,0.24125634592459677,0.6604698728380332,0.7019699479900342,0.7701577641731057,0.6327268190347601,0.8230040277470971,0.4033,0.7862851224199425,0.0,0.7399449799618062,0.8567418282233239,0.0,1.0,0.795480162349279,0.259062487618496,0.6334009499960954,0.5763723335222087,0.8720406533356605,0.0,0.821990310421925,0.2533521899230232,0.7388392496593642,0.7624583331241215,0.783895676537431,0.6447490471659538,0.8753635955766385,0.3762,0.8041753718872703,0.0,0.3762,0.0,0.6522260211706306,0.59737862932777,0.0,1.0,0.8077262395850673,0.29056979568806707,0.7629121737953647,0.7929354720819164,0.7096275321006006,0.6262307813512957,0.7235715629433557,0.703354068422942,0.8977925560507157,0.3762,0.8199182633710775,0.0,1.0,0.8060661245623981,0.27150903746504634,0.6363698569249687,0.823849553632781,0.7514638683660905,0.7943004665017142,0.7452970979764153,0.6677129166406017,0.9696789566218669,0.4033,0.8490505861458282,0.0,0.6476387788090199,0.27242461971440357,0.7403783807787823,0.6615301643136193,0.8672407018145745,0.0,1.0,0.8234337881557885,0.24182524125918872,0.650503259500445,0.7881343544909858,0.6290321328497943,0.6961224440350297,0.6024706962315083,0.7939390525455738,0.919006284934533,0.5474,0.8751197194079741,0.0,0.23433641801545355,0.7536997466302444,0.0,0.7788245431817497,0.0,1.0,0.2404476623534358,0.7705015768348216,0.6647084626939294,0.4033,0.7722667078696142,0.0,0.6967411438274631,0.29471897222359394,0.6882106596906054,0.6424104140621677,0.0,0.0,0.0,0.0,0.0,0.0,0.0,0.0,0.0,0.0,0.0,0.0,0.0,0.0,0.0,0.0,0.0,0.0,0.0,0.0,0.0,0.0,0.0,0.0,0.0,0.0,0.0,0.7830465177573397,0.7258094461833593,1.0,0.9776904238644691,0.3762,0.4033,0.0,0.0,0.5474,0.5474,0.6861647515315018,0.6046045071839172,1.0,0.9880779334054279,0.3762,0.4033,0.0,0.0,0.5474,0.554,0.7796603690168504,0.7444813550041974,1.0,0.9515864017578219,0.3762,0.3762,0.0,0.0,0.5474,0.5474,0.7589771628113161,0.7418311361078651,1.0,1.0,0.4033,0.4033,0.0,0.0,0.6834201142734992,0.6640341787789541,1.0,0.9684571849523544,0.3762,0.4033,0.0,0.0,0.6491004691464761,0.7036187529747548,1.0,0.9765602091610204,0.4033,0.4033,0.0,0.0,0.6898994648871721,0.6744259031188828,1.0,0.939650753514264,0.4033,0.0,0.0,0.554,0.5474,0.6372633289977307,0.6721546830563248,1.0,1.0,0.4033,0.3762,0.0,0.0,0.5474,0.5474,0.6073242415419456,0.6568506780501477,1.0,1.0,0.4033,0.3762,0.0,0.0,0.554,0.554,0.6220023454371947,0.5775555787087024,1.0,0.9866662045823756,0.3762,0.3762,0.0,0.0,0.5474,0.554,0.7716950588406811,0.7513717309901717,1.0,1.0,0.3762,0.3762,0.0,0.0,0.5474,0.5474,0.6850681808730359,0.6604394850465297,1.0,0.9169352132298011,0.0,0.5474,0.554,0.7044183745203839,0.636375976833512,1.0,0.940936129060825,0.4033,0.3762,0.0,0.0,0.5474,0.554,0.6440853119283452,0.6324208751145189,1.0,0.8667156067489326,0.3762,0.4033,0.0,0.0,0.6251213226745314,0.6505026640201985,1.0,0.9887701505657331,0.3762,0.4033,0.0,0.0,0.796923751586113,0.6635031694157374,1.0,0.9012232831756093,0.3762,0.4033,0.0,0.0,0.7715475312030017,0.6125554895412432,1.0,0.8741425002099529,0.4033,0.3762,0.0,0.0,0.6465196931600968,0.7113340374462294,1.0,0.9783567570697123,0.4033,0.3762,0.0,0.0,0.6267477643726668,0.7464151412967086,1.0,0.8881342098628935,0.4033,0.3762,0.0,0.0,0.7349594159561526,0.5898381042105467,1.0,0.9831236598487865,0.3762,0.3762,0.0,0.0,0.6340080789673704,0.6482116670381479,1.0,0.8992934095442319,0.3762,0.3762,0.0,0.0,0.554,0.5474,0.7899164098626725,0.7753436180652682,1.0,0.906259364359068,0.3762,0.3762,0.0,0.0,0.6433977134608884,0.7553399453594032,1.0,0.9554631194467001,0.4033,0.3762,0.0,0.0,0.5474,0.5474,0.6848005107943782,0.7319889250210139,1.0,0.9381392880887293,0.3762,0.3762,0.0,0.0,0.7698500222936033,0.6204831378505429,1.0,1.0,0.3762,0.3762,0.0,0.0,0.7294585182846698,0.7504850476497497,1.0,0.8786356286690434,0.4033,0.4033,0.0,0.0,0.8000768920913572,0.6567008001799022,1.0,0.8983514359066684,0.3762,0.4033,0.0,0.0
,95,1.0,0.6579894071662802,0.6988950137472342,0.7309879082947479,0.5804600346374162,0.7635765659865799,0.8076598699869192,0.0,1.0,0.7751757237372994,0.29794447756835424,0.6425249054314024,0.6897876748641267,0.6026017232984604,0.760228988267911,0.9422888321734924,0.3633,0.8870536913196253,0.0,1.0,0.6984254248895585,0.2605141829004735,0.7151936012971276,0.7834740013575927,0.7679290614752992,0.632000597100626,0.7120530244174867,0.7010535610860612,0.9854003780669247,0.4858,0.39,0.8629780593219846,0.0,0.7258518724327553,0.252154458823732,0.8129075410015818,0.7403866401679478,0.7278708028291194,0.9242774938637816,0.0,0.25557053947196057,0.6216620189322337,0.6287922535029562,1.0,0.30130201054167105,0.3633,0.0,0.7612975923476397,0.2683391748758937,0.6047251157604782,0.6351356690638911,0.6809458602732612,1.0,0.9505457286937897,0.0,1.0,0.7914455168103458,0.2769834431129398,0.7818769515304889,0.764106993200562,0.7803485843093158,0.6381432103600724,0.6393353282764851,0.7715158675887872,1.0,0.3633,0.9221259709197351,0.0,1.0,0.8013636877221566,0.24439110348130325,0.6419750996553126,0.6983162151244735,0.7713290540456549,0.6351748308592249,0.7714804075551769,0.6385323821057172,1.0,0.39,0.8721749601670348,0.0,1.0,0.6552318077049649,0.29139313288332647,0.707062179505444,0.7231247168883197,0.7601913392105553,0.7637834981993078,0.968726824117902,0.39,0.8936120684172437,0.0,1.0,0.7184094055030743,0.2420213903287224,0.7091397588106423,0.6297354213189732,0.7531212408262454,0.5784301078394952,0.7006937328164304,0.9956805560780067,0.3633,0.8873864978976166,0.0,1.0,0.6803141320311843,0.6755359864161384,0.6285739959268501,0.6574296637093597,0.8019636371402328,0.575,0.9106012538453309,0.0,1.0,0.6895472665061904,0.6364226131028756,0.6095871001711561,0.6127470423492547,0.7517468469891132,1.0,0.39,0.9284616671078727,0.0,1.0,0.721673066861012,0.24125634592459677,0.6604698728380332,0.7019699479900342,0.7701577641731057,0.6327268190347601,0.8230040277470971,0.3633,0.7862851224199425,0.0,0.7399449799618062,0.8567418282233239,0.0,1.0,0.795480162349279,0.259062487618496,0.6334009499960954,0.5763723335222087,0.8720406533356605,0.0,0.821990310421925,0.2533521899230232,0.7388392496593642,0.7624583331241215,0.783895676537431,0.6447490471659538,0.8753635955766385,0.39,0.8041753718872703,0.0,0.39,0.0,0.6522260211706306,0.59737862932777,0.0,1.0,0.8077262395850673,0.29056979568806707,0.7629121737953647,0.7929354720819164,0.7096275321006006,0.6262307813512957,0.7235715629433557,0.703354068422942,0.8977925560507157,0.39,0.8199182633710775,0.0,1.0,0.8060661245623981,0.27150903746504634,0.6363698569249687,0.823849553632781,0.7514638683660905,0.7943004665017142,0.7452970979764153,0.6677129166406017,0.9696789566218669,0.3633,0.8490505861458282,0.0,0.6476387788090199,0.27242461971440357,0.7403783807787823,0.6615301643136193,0.8672407018145745,0.0,1.0,0.8234337881557885,0.24182524125918872,0.650503259500445,0.7881343544909858,0.6290321328497943,0.6961224440350297,0.6024706962315083,0.7939390525455738,0.919006284934533,0.4858,0.8751197194079741,0.0,0.23433641801545355,0.7536997466302444,0.0,0.7788245431817497,0.0,1.0,0.2404476623534358,0.7705015768348216,0.6647084626939294,0.3633,0.7722667078696142,0.0,0.6967411438274631,0.29471897222359394,0.6882106596906054,0.6424104140621677,0.0,0.0,0.0,0.0,0.0,0.0,0.0,0.0,0.0,0.0,0.0,0.0,0.0,0.0,0.0,0.0,0.0,0.0,0.0,0.0,0.0,0.0,0.0,0.0,0.0,0.0,0.0,0.7830465177573397,0.7258094461833593,1.0,0.9776904238644691,0.39,0.3633,0.0,0.0,0.4858,0.4858,0.6861647515315018,0.6046045071839172,1.0,0.9880779334054279,0.39,0.3633,0.0,0.0,0.4858,0.575,0.7796603690168504,0.7444813550041974,1.0,0.9515864017578219,0.39,0.39,0.0,0.0,0.4858,0.4858,0.7589771628113161,0.7418311361078651,1.0,1.0,0.3633,0.3633,0.0,0.0,0.6834201142734992,0.6640341787789541,1.0,0.9684571849523544,0.39,0.3633,0.0,0.0,0.6491004691464761,0.7036187529747548,1.0,0.9765602091610204,0.3633,0.3633,0.0,0.0,0.6898994648871721,0.6744259031188828,1.0,0.939650753514264,0.3633,0.0,0.0,0.575,0.4858,0.6372633289977307,0.6721546830563248,1.0,1.0,0.3633,0.39,0.0,0.0,0.4858,0.4858,0.6073242415419456,0.6568506780501477,1.0,1.0,0.3633,0.39,0.0,0.0,0.575,0.575,0.6220023454371947,0.5775555787087024,1.0,0.9866662045823756,0.39,0.39,0.0,0.0,0.4858,0.575,0.7716950588406811,0.7513717309901717,1.0,1.0,0.39,0.39,0.0,0.0,0.4858,0.4858,0.6850681808730359,0.6604394850465297,1.0,0.9169352132298011,0.0,0.4858,0.575,0.7044183745203839,0.636375976833512,1.0,0.940936129060825,0.3633,0.39,0.0,0.0,0.4858,0.575,0.6440853119283452,0.6324208751145189,1.0,0.8667156067489326,0.39,0.3633,0.0,0.0,0.6251213226745314,0.6505026640201985,1.0,0.9887701505657331,0.39,0.3633,0.0,0.0,0.796923751586113,0.6635031694157374,1.0,0.9012232831756093,0.39,0.3633,0.0,0.0,0.7715475312030017,0.6125554895412432,1.0,0.8741425002099529,0.3633,0.39,0.0,0.0,0.6465196931600968,0.7113340374462294,1.0,0.9783567570697123,0.3633,0.39,0.0,0.0,0.6267477643726668,0.7464151412967086,1.0,0.8881342098628935,0.3633,0.39,0.0,0.0,0.7349594159561526,0.5898381042105467,1.0,0.9831236598487865,0.39,0.39,0.0,0.0,0.6340080789673704,0.6482116670381479,1.0,0.8992934095442319,0.39,0.39,0.0,0.0,0.575,0.4858,0.7899164098626725,0.7753436180652682,1.0,0.906259364359068,0.39,0.39,0.0,0.0,0.6433977134608884,0.7553399453594032,1.0,0.9554631194467001,0.3633,0.39,0.0,0.0,0.4858,0.4858,0.6848005107943782,0.7319889250210139,1.0,0.9381392880887293,0.39,0.39,0.0,0.0,0.7698500222936033,0.6204831378505429,1.0,1.0,0.39,0.39,0.0,0.0,0.7294585182846698,0.7504850476497497,1.0,0.8786356286690434,0.3633,0.3633,0.0,0.0,0.8000768920913572,0.6567008001799022,1.0,0.8983514359066684,0.39,0.3633,0.0,0.0
,96,1.0,0.819453528464062,0.7524674320643321,0.7070939291281679,0.6503683071529858,0.7946997261963439,0.9120686696024087,0.0,1.0,0.7857904638618398,0.2700377642478078,0.7220565938355914,0.6775376934440801,0.7298123397923151,0.6313480856907829,0.9845592358780519,0.8096,0.8629784138512452,0.0,1.0,0.7838687061782301,0.2799035515526566,0.6842158697507936,0.6914351410895638,0.7178111722312127,0.6387932617071919,0.6553809246177034,0.6825895346595166,1.0,0.412,0.4446,0.792630711493883,0.0,0.6784517315834593,0.28452880635364025,0.7699494455149569,0.6286425921217724,0.7423087243208101,0.7763597658672227,0.0,0.2936597922092527,0.6940431729803206,0.714257229800576,1.0,0.24287871734484082,0.8096,0.0,0.7279308810286913,0.2758247777434081,0.7992549446326113,0.6371867890851313,0.8143106620018683,1.0,0.8254802079867691,0.0,1.0,0.6672922839195379,0.27437597291320687,0.6492128430497377,0.706283309794073,0.7370155869742353,0.6281349837523438,0.6715353650781896,0.8168782121220979,1.0,0.4446,0.7734075373636681,0.0,1.0,0.6784292688086933,0.27764498283803374,0.7849114924636464,0.8481716592541348,0.6738846912397987,0.7366584598900663,0.7103216211998198,0.7098946552969646,0.9993818204249862,0.4446,0.7743829887474716,0.0,1.0,0.6306277258289112,0.2616257684187064,0.8382610983040573,0.6635628883541519,0.699998100362135,0.712597396758068,0.8943557626130975,0.4446,0.7796061261065649,0.0,1.0,0.7798807975038475,0.2510587132963112,0.7778337354349729,0.6885718612721918,0.6526511935350083,0.691091418992088,0.6412006840494804,1.0,0.4446,0.7646707415099349,0.0,1.0,0.8206589679782588,0.7856036841971457,0.6727419940723133,0.6694088246310602,0.725372925745816,0.7417,0.889631132248521,0.0,1.0,0.8023100410496729,0.6458957854816727,0.7046811693897579,0.7943895704279562,0.6775245914010442,0.9855486205700036,0.8096,0.880566195054545,0.0,1.0,0.7745322537848132,0.2579181793282071,0.7173685114628301,0.7253849318690513,0.7251086116723353,0.7053952764200132,0.8116742284576836,0.4446,0.9414631643618054,0.0,0.6541586334578289,0.8119199022010348,0.0,1.0,0.7707391827739783,0.28363351641037177,0.7516241520976299,0.713546790943049,0.8218798761259575,0.0,0.7095103121630132,0.28140187329260935,0.6624106152248197,0.6467422581744323,0.7185387516481836,0.7214530563065938,0.886024333583841,0.4446,0.8064131921419672,0.0,0.8096,0.0,0.7606297370808037,0.7096773396126009,0.0,1.0,0.6312509329584501,0.2934454018660548,0.6417753148420571,0.7219769160213656,0.6874084202194615,0.6136447073614318,0.7557582658438425,0.8213237574561838,0.9365854239474188,0.8096,0.7690187911431601,0.0,1.0,0.6608789686190941,0.252141811895302,0.7662928408829061,0.8205468608184074,0.6869385266058786,0.7801619747655415,0.6011951540969421,0.8186753193311034,0.9892951443610722,0.4446,0.9065888290324774,0.0,0.7008272603613487,0.2905453941669638,0.8264490084042974,0.7170783979172106,0.8986268024343581,0.0,1.0,0.7952310291227841,0.26125169379558316,0.8036744411116343,0.7380218834959545,0.7174620850211116,0.7645622243877758,0.73425433843716,0.7917827334430517,1.0,0.7417,0.7755171624439471,0.0,0.2629554059748846,0.6473166761139917,0.0,0.8789890040185946,0.0,1.0,0.260848965351711,0.6935430146190957,0.6759040918999126,0.4446,0.7937480580884778,0.0,0.6715608441000742,0.2577045294199323,0.7410820719283235,0.7002362374287272,0.0,0.0,0.0,0.0,0.0,0.0,0.0,0.0,0.0,0.0,0.0,0.0,0.0,0.0,0.0,0.0,0.0,0.0,0.0,0.0,0.0,0.0,0.0,0.0,0.0,0.0,0.0,0.6667391378323451,0.747432912934511,1.0,1.0,0.4446,0.4446,0.0,0.0,0.412,0.7417,0.7167957640550929,0.7658128362612568,1.0,1.0,0.4446,0.8096,0.0,0.0,0.7417,0.7417,0.6067234995806572,0.7116571662185522,1.0,1.0,0.8096,0.8096,0.0,0.0,0.7417,0.7417,0.6394725220493322,0.7045352810528642,1.0,0.9215168295179252,0.8096,0.8096,0.0,0.0,0.734155148446053,0.7234268364887115,1.0,0.9603600146087451,0.8096,0.4446,0.0,0.0,0.6079358630591328,0.7260892427130394,1.0,1.0,0.8096,0.8096,0.0,0.0,0.6602224474903021,0.7115618980314486,1.0,1.0,0.4446,0.0,0.0,0.412,0.412,0.7745740555895014,0.5948841986415578,1.0,1.0,0.8096,0.4446,0.0,0.0,0.7417,0.412,0.602743982432316,0.6347048824550917,1.0,0.8863383619695636,0.4446,0.8096,0.0,0.0,0.412,0.412,0.7857743336469056,0.6850012142479318,1.0,1.0,0.4446,0.4446,0.0,0.0,0.412,0.412,0.620888687061388,0.7651298558699859,1.0,0.9049704963914179,0.8096,0.8096,0.0,0.0,0.412,0.412,0.7034861264145006,0.6372037608113408,1.0,1.0,0.0,0.7417,0.412,0.6218006818464141,0.7233332252938095,1.0,1.0,0.4446,0.8096,0.0,0.0,0.412,0.412,0.612626049933817,0.6285942130696389,1.0,1.0,0.4446,0.8096,0.0,0.0,0.7571462237187089,0.6520255326281177,1.0,0.987808910762875,0.4446,0.4446,0.0,0.0,0.6142983479002704,0.6270938861561165,1.0,0.8688415851034401,0.8096,0.4446,0.0,0.0,0.7355099954835591,0.7369540381087989,1.0,0.9574317929707638,0.8096,0.4446,0.0,0.0,0.6946495635899389,0.7020822979613849,1.0,0.9045678944757005,0.8096,0.4446,0.0,0.0,0.679481700906214,0.5934205497441423,1.0,0.9183133002869759,0.4446,0.8096,0.0,0.0,0.7431875980476461,0.6381929282504698,1.0,0.933277852625859,0.8096,0.8096,0.0,0.0,0.6091231818135239,0.6552139361315048,1.0,0.9550271876270418,0.8096,0.4446,0.0,0.0,0.7417,0.7417,0.6563644651525011,0.5782725817268592,1.0,0.8900539766050198,0.8096,0.4446,0.0,0.0,0.6890210837600579,0.6278196269947957,1.0,1.0,0.8096,0.8096,0.0,0.0,0.412,0.7417,0.7077675404922283,0.7460515975087186,1.0,0.8816642384210149,0.8096,0.8096,0.0,0.0,0.6306322886538644,0.7080395066140579,1.0,1.0,0.4446,0.4446,0.0,0.0,0.6592703452722715,0.7751756166098752,1.0,1.0,0.4446,0.8096,0.0,0.0,0.7066100965905711,0.7031999618115756,1.0,0.926404418014774,0.8096,0.8096,0.0,0.0
,97,1.0,0.819453528464062,0.7524674320643321,0.7070939291281679,0.6503683071529858,0.7946997261963439,0.9120686696024087,0.0,1.0,0.7857904638618398,0.2700377642478078,0.7220565938355914,0.6775376934440801,0.7298123397923151,0.6313480856907829,0.9845592358780519,0.8135,0.8629784138512452,0.0,1.0,0.7838687061782301,0.2799035515526566,0.6842158697507936,0.6914351410895638,0.7178111722312127,0.6387932617071919,0.6553809246177034,0.6825895346595166,1.0,0.407,0.42,0.792630711493883,0.0,0.6784517315834593,0.28452880635364025,0.7699494455149569,0.6286425921217724,0.7423087243208101,0.7763597658672227,0.0,0.2936597922092527,0.6940431729803206,0.714257229800576,1.0,0.24287871734484082,0.8135,0.0,0.7279308810286913,0.2758247777434081,0.7992549446326113,0.6371867890851313,0.8143106620018683,1.0,0.8254802079867691,0.0,1.0,0.6672922839195379,0.27437597291320687,0.6492128430497377,0.706283309794073,0.7370155869742353,0.6281349837523438,0.6715353650781896,0.8168782121220979,1.0,0.42,0.7734075373636681,0.0,1.0,0.6784292688086933,0.27764498283803374,0.7849114924636464,0.8481716592541348,0.6738846912397987,0.7366584598900663,0.7103216211998198,0.7098946552969646,0.9993818204249862,0.42,0.7743829887474716,0.0,1.0,0.6306277258289112,0.2616257684187064,0.8382610983040573,0.6635628883541519,0.699998100362135,0.712597396758068,0.8943557626130975,0.42,0.7796061261065649,0.0,1.0,0.7798807975038475,0.2510587132963112,0.7778337354349729,0.6885718612721918,0.6526511935350083,0.691091418992088,0.6412006840494804,1.0,0.42,0.7646707415099349,0.0,1.0,0.8206589679782588,0.7856036841971457,0.6727419940723133,0.6694088246310602,0.725372925745816,0.723,0.889631132248521,0.0,1.0,0.8023100410496729,0.6458957854816727,0.7046811693897579,0.7943895704279562,0.6775245914010442,0.9855486205700036,0.8135,0.880566195054545,0.0,1.0,0.7745322537848132,0.2579181793282071,0.7173685114628301,0.7253849318690513,0.7251086116723353,0.7053952764200132,0.8116742284576836,0.42,0.9414631643618054,0.0,0.6541586334578289,0.8119199022010348,0.0,1.0,0.7707391827739783,0.28363351641037177,0.7516241520976299,0.713546790943049,0.8218798761259575,0.0,0.7095103121630132,0.28140187329260935,0.6624106152248197,0.6467422581744323,0.7185387516481836,0.7214530563065938,0.886024333583841,0.42,0.8064131921419672,0.0,0.8135,0.0,0.7606297370808037,0.7096773396126009,0.0,1.0,0.6312509329584501,0.2934454018660548,0.6417753148420571,0.7219769160213656,0.6874084202194615,0.6136447073614318,0.7557582658438425,0.8213237574561838,0.9365854239474188,0.8135,0.7690187911431601,0.0,1.0,0.6608789686190941,0.252141811895302,0.7662928408829061,0.8205468608184074,0.6869385266058786,0.7801619747655415,0.6011951540969421,0.8186753193311034,0.9892951443610722,0.42,0.9065888290324774,0.0,0.7008272603613487,0.2905453941669638,0.8264490084042974,0.7170783979172106,0.8986268024343581,0.0,1.0,0.7952310291227841,0.26125169379558316,0.8036744411116343,0.7380218834959545,0.7174620850211116,0.7645622243877758,0.73425433843716,0.7917827334430517,1.0,0.723,0.7755171624439471,0.0,0.2629554059748846,0.6473166761139917,0.0,0.8789890040185946,0.0,1.0,0.260848965351711,0.6935430146190957,0.6759040918999126,0.42,0.7937480580884778,0.0,0.6715608441000742,0.2577045294199323,0.7410820719283235,0.7002362374287272,0.0,0.0,0.0,0.0,0.0,0.0,0.0,0.0,0.0,0.0,0.0,0.0,0.0,0.0,0.0,0.0,0.0,0.0,0.0,0.0,0.0,0.0,0.0,0.0,0.0,0.0,0.0,0.6667391378323451,0.747432912934511,1.0,1.0,0.42,0.42,0.0,0.0,0.407,0.723,0.7167957640550929,0.7658128362612568,1.0,1.0,0.42,0.8135,0.0,0.0,0.723,0.723,0.6067234995806572,0.7116571662185522,1.0,1.0,0.8135,0.8135,0.0,0.0,0.723,0.723,0.6394725220493322,0.7045352810528642,1.0,0.9215168295179252,0.8135,0.8135,0.0,0.0,0.734155148446053,0.7234268364887115,1.0,0.9603600146087451,0.8135,0.42,0.0,0.0,0.6079358630591328,0.7260892427130394,1.0,1.0,0.8135,0.8135,0.0,0.0,0.6602224474903021,0.7115618980314486,1.0,1.0,0.42,0.0,0.0,0.407,0.407,0.7745740555895014,0.5948841986415578,1.0,1.0,0.8135,0.42,0.0,0.0,0.723,0.407,0.602743982432316,0.6347048824550917,1.0,0.8863383619695636,0.42,0.8135,0.0,0.0,0.407,0.407,0.7857743336469056,0.6850012142479318,1.0,1.0,0.42,0.42,0.0,0.0,0.407,0.407,0.620888687061388,0.7651298558699859,1.0,0.9049704963914179,0.8135,0.8135,0.0,0.0,0.407,0.407,0.7034861264145006,0.6372037608113408,1.0,1.0,0.0,0.723,0.407,0.6218006818464141,0.7233332252938095,1.0,1.0,0.42,0.8135,0.0,0.0,0.407,0.407,0.612626049933817,0.6285942130696389,1.0,1.0,0.42,0.8135,0.0,0.0,0.7571462237187089,0.6520255326281177,1.0,0.987808910762875,0.42,0.42,0.0,0.0,0.6142983479002704,0.6270938861561165,1.0,0.8688415851034401,0.8135,0.42,0.0,0.0,0.7355099954835591,0.7369540381087989,1.0,0.9574317929707638,0.8135,0.42,0.0,0.0,0.6946495635899389,0.7020822979613849,1.0,0.9045678944757005,0.8135,0.42,0.0,0.0,0.679481700906214,0.5934205497441423,1.0,0.9183133002869759,0.42,0.8135,0.0,0.0,0.7431875980476461,0.6381929282504698,1.0,0.933277852625859,0.8135,0.8135,0.0,0.0,0.6091231818135239,0.6552139361315048,1.0,0.9550271876270418,0.8135,0.42,0.0,0.0,0.723,0.723,0.6563644651525011,0.5782725817268592,1.0,0.8900539766050198,0.8135,0.42,0.0,0.0,0.6890210837600579,0.6278196269947957,1.0,1.0,0.8135,0.8135,0.0,0.0,0.407,0.723,0.7077675404922283,0.7460515975087186,1.0,0.8816642384210149,0.8135,0.8135,0.0,0.0,0.6306322886538644,0.7080395066140579,1.0,1.0,0.42,0.42,0.0,0.0,0.6592703452722715,0.7751756166098752,1.0,1.0,0.42,0.8135,0.0,0.0,0.7066100965905711,0.7031999618115756,1.0,0.926404418014774,0.8135,0.8135,0.0,0.0
,98,1.0,0.819453528464062,0.7524674320643321,0.7070939291281679,0.6503683071529858,0.7946997261963439,0.9120686696024087,0.0,1.0,0.7857904638618398,0.2700377642478078,0.7220565938355914,0.6775376934440801,0.7298123397923151,0.6313480856907829,0.9845592358780519,0.812,0.8629784138512452,0.0,1.0,0.7838687061782301,0.2799035515526566,0.6842158697507936,0.6914351410895638,0.7178111722312127,0.6387932617071919,0.6553809246177034,0.6825895346595166,1.0,0.4133,0.4016,0.792630711493883,0.0,0.6784517315834593,0.28452880635364025,0.7699494455149569,0.6286425921217724,0.7423087243208101,0.7763597658672227,0.0,0.2936597922092527,0.6940431729803206,0.714257229800576,1.0,0.24287871734484082,0.812,0.0,0.7279308810286913,0.2758247777434081,0.7992549446326113,0.6371867890851313,0.8143106620018683,1.0,0.8254802079867691,0.0,1.0,0.6672922839195379,0.27437597291320687,0.6492128430497377,0.706283309794073,0.7370155869742353,0.6281349837523438,0.6715353650781896,0.8168782121220979,1.0,0.4016,0.7734075373636681,0.0,1.0,0.6784292688086933,0.27764498283803374,0.7849114924636464,0.8481716592541348,0.6738846912397987,0.7366584598900663,0.7103216211998198,0.7098946552969646,0.9993818204249862,0.4016,0.7743829887474716,0.0,1.0,0.6306277258289112,0.2616257684187064,0.8382610983040573,0.6635628883541519,0.699998100362135,0.712597396758068,0.8943557626130975,0.4016,0.7796061261065649,0.0,1.0,0.7798807975038475,0.2510587132963112,0.7778337354349729,0.6885718612721918,0.6526511935350083,0.691091418992088,0.6412006840494804,1.0,0.4016,0.7646707415099349,0.0,1.0,0.8206589679782588,0.7856036841971457,0.6727419940723133,0.6694088246310602,0.725372925745816,0.7256,0.889631132248521,0.0,1.0,0.8023100410496729,0.6458957854816727,0.7046811693897579,0.7943895704279562,0.6775245914010442,0.9855486205700036,0.812,0.880566195054545,0.0,1.0,0.7745322537848132,0.2579181793282071,0.7173685114628301,0.7253849318690513,0.7251086116723353,0.7053952764200132,0.8116742284576836,0.4016,0.9414631643618054,0.0,0.6541586334578289,0.8119199022010348,0.0,1.0,0.7707391827739783,0.28363351641037177,0.7516241520976299,0.713546790943049,0.8218798761259575,0.0,0.7095103121630132,0.28140187329260935,0.6624106152248197,0.6467422581744323,0.7185387516481836,0.7214530563065938,0.886024333583841,0.4016,0.8064131921419672,0.0,0.812,0.0,0.7606297370808037,0.7096773396126009,0.0,1.0,0.6312509329584501,0.2934454018660548,0.6417753148420571,0.7219769160213656,0.6874084202194615,0.6136447073614318,0.7557582658438425,0.8213237574561838,0.9365854239474188,0.812,0.7690187911431601,0.0,1.0,0.6608789686190941,0.252141811895302,0.7662928408829061,0.8205468608184074,0.6869385266058786,0.7801619747655415,0.6011951540969421,0.8186753193311034,0.9892951443610722,0.4016,0.9065888290324774,0.0,0.7008272603613487,0.2905453941669638,0.8264490084042974,0.7170783979172106,0.8986268024343581,0.0,1.0,0.7952310291227841,0.26125169379558316,0.8036744411116343,0.7380218834959545,0.7174620850211116,0.7645622243877758,0.73425433843716,0.7917827334430517,1.0,0.7256,0.7755171624439471,0.0,0.2629554059748846,0.6473166761139917,0.0,0.8789890040185946,0.0,1.0,0.260848965351711,0.6935430146190957,0.6759040918999126,0.4016,0.7937480580884778,0.0,0.6715608441000742,0.2577045294199323,0.7410820719283235,0.7002362374287272,0.0,0.0,0.0,0.0,0.0,0.0,0.0,0.0,0.0,0.0,0.0,0.0,0.0,0.0,0.0,0.0,0.0,0.0,0.0,0.0,0.0,0.0,0.0,0.0,0.0,0.0,0.0,0.6667391378323451,0.747432912934511,1.0,1.0,0.4016,0.4016,0.0,0.0,0.4133,0.7256,0.7167957640550929,0.7658128362612568,1.0,1.0,0.4016,0.812,0.0,0.0,0.7256,0.7256,0.6067234995806572,0.7116571662185522,1.0,1.0,0.812,0.812,0.0,0.0,0.7256,0.7256,0.6394725220493322,0.7045352810528642,1.0,0.9215168295179252,0.812,0.812,0.0,0.0,0.734155148446053,0.7234268364887115,1.0,0.9603600146087451,0.812,0.4016,0.0,0.0,0.6079358630591328,0.7260892427130394,1.0,1.0,0.812,0.812,0.0,0.0,0.6602224474903021,0.7115618980314486,1.0,1.0,0.4016,0.0,0.0,0.4133,0.4133,0.7745740555895014,0.5948841986415578,1.0,1.0,0.812,0.4016,0.0,0.0,0.7256,0.4133,0.602743982432316,0.6347048824550917,1.0,0.8863383619695636,0.4016,0.812,0.0,0.0,0.4133,0.4133,0.7857743336469056,0.6850012142479318,1.0,1.0,0.4016,0.4016,0.0,0.0,0.4133,0.4133,0.620888687061388,0.7651298558699859,1.0,0.9049704963914179,0.812,0.812,0.0,0.0,0.4133,0.4133,0.7034861264145006,0.6372037608113408,1.0,1.0,0.0,0.7256,0.4133,0.6218006818464141,0.7233332252938095,1.0,1.0,0.4016,0.812,0.0,0.0,0.4133,0.4133,0.612626049933817,0.6285942130696389,1.0,1.0,0.4016,0.812,0.0,0.0,0.7571462237187089,0.6520255326281177,1.0,0.987808910762875,0.4016,0.4016,0.0,0.0,0.6142983479002704,0.6270938861561165,1.0,0.8688415851034401,0.812,0.4016,0.0,0.0,0.7355099954835591,0.7369540381087989,1.0,0.9574317929707638,0.812,0.4016,0.0,0.0,0.6946495635899389,0.7020822979613849,1.0,0.9045678944757005,0.812,0.4016,0.0,0.0,0.679481700906214,0.5934205497441423,1.0,0.9183133002869759,0.4016,0.812,0.0,0.0,0.7431875980476461,0.6381929282504698,1.0,0.933277852625859,0.812,0.812,0.0,0.0,0.6091231818135239,0.6552139361315048,1.0,0.9550271876270418,0.812,0.4016,0.0,0.0,0.7256,0.7256,0.6563644651525011,0.5782725817268592,1.0,0.8900539766050198,0.812,0.4016,0.0,0.0,0.6890210837600579,0.6278196269947957,1.0,1.0,0.812,0.812,0.0,0.0,0.4133,0.7256,0.7077675404922283,0.7460515975087186,1.0,0.8816642384210149,0.812,0.812,0.0,0.0,0.6306322886538644,0.7080395066140579,1.0,1.0,0.4016,0.4016,0.0,0.0,0.6592703452722715,0.7751756166098752,1.0,1.0,0.4016,0.812,0.0,0.0,0.7066100965905711,0.7031999618115756,1.0,0.926404418014774,0.812,0.812,0.0,0.0
,99,1.0,0.819453528464062,0.7524674320643321,0.7070939291281679,0.6503683071529858,0.7946997261963439,0.9120686696024087,0.0,1.0,0.7857904638618398,0.2700377642478078,0.7220565938355914,0.6775376934440801,0.7298123397923151,0.6313480856907829,0.9845592358780519,0.801,0.8629784138512452,0.0,1.0,0.7838687061782301,0.2799035515526566,0.6842158697507936,0.6914351410895638,0.7178111722312127,0.6387932617071919,0.6553809246177034,0.6825895346595166,1.0,0.4453,0.3923,0.792630711493883,0.0,0.6784517315834593,0.28452880635364025,0.7699494455149569,0.6286425921217724,0.7423087243208101,0.7763597658672227,0.0,0.2936597922092527,0.6940431729803206,0.714257229800576,1.0,0.24287871734484082,0.801,0.0,0.7279308810286913,0.2758247777434081,0.7992549446326113,0.6371867890851313,0.8143106620018683,1.0,0.8254802079867691,0.0,1.0,0.6672922839195379,0.27437597291320687,0.6492128430497377,0.706283309794073,0.7370155869742353,0.6281349837523438,0.6715353650781896,0.8168782121220979,1.0,0.3923,0.7734075373636681,0.0,1.0,0.6784292688086933,0.27764498283803374,0.7849114924636464,0.8481716592541348,0.6738846912397987,0.7366584598900663,0.7103216211998198,0.7098946552969646,0.9993818204249862,0.3923,0.7743829887474716,0.0,1.0,0.6306277258289112,0.2616257684187064,0.8382610983040573,0.6635628883541519,0.699998100362135,0.712597396758068,0.8943557626130975,0.3923,0.7796061261065649,0.0,1.0,0.7798807975038475,0.2510587132963112,0.7778337354349729,0.6885718612721918,0.6526511935350083,0.691091418992088,0.6412006840494804,1.0,0.3923,0.7646707415099349,0.0,1.0,0.8206589679782588,0.7856036841971457,0.6727419940723133,0.6694088246310602,0.725372925745816,0.7134,0.889631132248521,0.0,1.0,0.8023100410496729,0.6458957854816727,0.7046811693897579,0.7943895704279562,0.6775245914010442,0.9855486205700036,0.801,0.880566195054545,0.0,1.0,0.7745322537848132,0.2579181793282071,0.7173685114628301,0.7253849318690513,0.7251086116723353,0.7053952764200132,0.8116742284576836,0.3923,0.9414631643618054,0.0,0.6541586334578289,0.8119199022010348,0.0,1.0,0.7707391827739783,0.28363351641037177,0.7516241520976299,0.713546790943049,0.8218798761259575,0.0,0.7095103121630132,0.28140187329260935,0.6624106152248197,0.6467422581744323,0.7185387516481836,0.7214530563065938,0.886024333583841,0.3923,0.8064131921419672,0.0,0.801,0.0,0.7606297370808037,0.7096773396126009,0.0,1.0,0.6312509329584501,0.2934454018660548,0.6417753148420571,0.7219769160213656,0.6874084202194615,0.6136447073614318,0.7557582658438425,0.8213237574561838,0.9365854239474188,0.801,0.7690187911431601,0.0,1.0,0.6608789686190941,0.252141811895302,0.7662928408829061,0.8205468608184074,0.6869385266058786,0.7801619747655415,0.6011951540969421,0.8186753193311034,0.9892951443610722,0.3923,0.9065888290324774,0.0,0.7008272603613487,0.2905453941669638,0.8264490084042974,0.7170783979172106,0.8986268024343581,0.0,1.0,0.7952310291227841,0.26125169379558316,0.8036744411116343,0.7380218834959545,0.7174620850211116,0.7645622243877758,0.73425433843716,0.7917827334430517,1.0,0.7134,0.7755171624439471,0.0,0.2629554059748846,0.6473166761139917,0.0,0.8789890040185946,0.0,1.0,0.260848965351711,0.6935430146190957,0.6759040918999126,0.3923,0.7937480580884778,0.0,0.6715608441000742,0.2577045294199323,0.7410820719283235,0.7002362374287272,0.0,0.0,0.0,0.0,0.0,0.0,0.0,0.0,0.0,0.0,0.0,0.0,0.0,0.0,0.0,0.0,0.0,0.0,0.0,0.0,0.0,0.0,0.0,0.0,0.0,0.0,0.0,0.6667391378323451,0.747432912934511,1.0,1.0,0.3923,0.3923,0.0,0.0,0.4453,0.7134,0.7167957640550929,0.7658128362612568,1.0,1.0,0.3923,0.801,0.0,0.0,0.7134,0.7134,0.6067234995806572,0.7116571662185522,1.0,1.0,0.801,0.801,0.0,0.0,0.7134,0.7134,0.6394725220493322,0.7045352810528642,1.0,0.9215168295179252,0.801,0.801,0.0,0.0,0.734155148446053,0.7234268364887115,1.0,0.9603600146087451,0.801,0.3923,0.0,0.0,0.6079358630591328,0.7260892427130394,1.0,1.0,0.801,0.801,0.0,0.0,0.6602224474903021,0.7115618980314486,1.0,1.0,0.3923,0.0,0.0,0.4453,0.4453,0.7745740555895014,0.5948841986415578,1.0,1.0,0.801,0.3923,0.0,0.0,0.7134,0.4453,0.602743982432316,0.6347048824550917,1.0,0.8863383619695636,0.3923,0.801,0.0,0.0,0.4453,0.4453,0.7857743336469056,0.6850012142479318,1.0,1.0,0.3923,0.3923,0.0,0.0,0.4453,0.4453,0.620888687061388,0.7651298558699859,1.0,0.9049704963914179,0.801,0.801,0.0,0.0,0.4453,0.4453,0.7034861264145006,0.6372037608113408,1.0,1.0,0.0,0.7134,0.4453,0.6218006818464141,0.7233332252938095,1.0,1.0,0.3923,0.801,0.0,0.0,0.4453,0.4453,0.612626049933817,0.6285942130696389,1.0,1.0,0.3923,0.801,0.0,0.0,0.7571462237187089,0.6520255326281177,1.0,0.987808910762875,0.3923,0.3923,0.0,0.0,0.6142983479002704,0.6270938861561165,1.0,0.8688415851034401,0.801,0.3923,0.0,0.0,0.7355099954835591,0.7369540381087989,1.0,0.9574317929707638,0.801,0.3923,0.0,0.0,0.6946495635899389,0.7020822979613849,1.0,0.9045678944757005,0.801,0.3923,0.0,0.0,0.679481700906214,0.5934205497441423,1.0,0.9183133002869759,0.3923,0.801,0.0,0.0,0.7431875980476461,0.6381929282504698,1.0,0.933277852625859,0.801,0.801,0.0,0.0,0.6091231818135239,0.6552139361315048,1.0,0.9550271876270418,0.801,0.3923,0.0,0.0,0.7134,0.7134,0.6563644651525011,0.5782725817268592,1.0,0.8900539766050198,0.801,0.3923,0.0,0.0,0.6890210837600579,0.6278196269947957,1.0,1.0,0.801,0.801,0.0,0.0,0.4453,0.7134,0.7077675404922283,0.7460515975087186,1.0,0.8816642384210149,0.801,0.801,0.0,0.0,0.6306322886538644,0.7080395066140579,1.0,1.0,0.3923,0.3923,0.0,0.0,0.6592703452722715,0.7751756166098752,1.0,1.0,0.3923,0.801,0.0,0.0,0.7066100965905711,0.7031999618115756,1.0,0.926404418014774,0.801,0.801,0.0,0.0
,100,1.0,0.819453528464062,0.7524674320643321,0.7070939291281679,0.6503683071529858,0.7946997261963439,0.9120686696024087,0.0,1.0,0.7857904638618398,0.2700377642478078,0.7220565938355914,0.6775376934440801,0.7298123397923151,0.6313480856907829,0.9845592358780519,0.7793,0.8629784138512452,0.0,1.0,0.7838687061782301,0.2799035515526566,0.6842158697507936,0.6914351410895638,0.7178111722312127,0.6387932617071919,0.6553809246177034,0.6825895346595166,1.0,0.4714,0.384,0.792630711493883,0.0,0.6784517315834593,0.28452880635364025,0.7699494455149569,0.6286425921217724,0.7423087243208101,0.7763597658672227,0.0,0.2936597922092527,0.6940431729803206,0.714257229800576,1.0,0.24287871734484082,0.7793,0.0,0.7279308810286913,0.2758247777434081,0.7992549446326113,0.6371867890851313,0.8143106620018683,1.0,0.8254802079867691,0.0,1.0,0.6672922839195379,0.27437597291320687,0.6492128430497377,0.706283309794073,0.7370155869742353,0.6281349837523438,0.6715353650781896,0.8168782121220979,1.0,0.384,0.7734075373636681,0.0,1.0,0.6784292688086933,0.27764498283803374,0.7849114924636464,0.8481716592541348,0.6738846912397987,0.7366584598900663,0.7103216211998198,0.7098946552969646,0.9993818204249862,0.384,0.7743829887474716,0.0,1.0,0.6306277258289112,0.2616257684187064,0.8382610983040573,0.6635628883541519,0.699998100362135,0.712597396758068,0.8943557626130975,0.384,0.7796061261065649,0.0,1.0,0.7798807975038475,0.2510587132963112,0.7778337354349729,0.6885718612721918,0.6526511935350083,0.691091418992088,0.6412006840494804,1.0,0.384,0.7646707415099349,0.0,1.0,0.8206589679782588,0.7856036841971457,0.6727419940723133,0.6694088246310602,0.725372925745816,0.702,0.889631132248521,0.0,1.0,0.8023100410496729,0.6458957854816727,0.7046811693897579,0.7943895704279562,0.6775245914010442,0.9855486205700036,0.7793,0.880566195054545,0.0,1.0,0.7745322537848132,0.2579181793282071,0.7173685114628301,0.7253849318690513,0.7251086116723353,0.7053952764200132,0.8116742284576836,0.384,0.9414631643618054,0.0,0.6541586334578289,0.8119199022010348,0.0,1.0,0.7707391827739783,0.28363351641037177,0.7516241520976299,0.713546790943049,0.8218798761259575,0.0,0.7095103121630132,0.28140187329260935,0.6624106152248197,0.6467422581744323,0.7185387516481836,0.7214530563065938,0.886024333583841,0.384,0.8064131921419672,0.0,0.7793,0.0,0.7606297370808037,0.7096773396126009,0.0,1.0,0.6312509329584501,0.2934454018660548,0.6417753148420571,0.7219769160213656,0.6874084202194615,0.6136447073614318,0.7557582658438425,0.8213237574561838,0.9365854239474188,0.7793,0.7690187911431601,0.0,1.0,0.6608789686190941,0.252141811895302,0.7662928408829061,0.8205468608184074,0.6869385266058786,0.7801619747655415,0.6011951540969421,0.8186753193311034,0.9892951443610722,0.384,0.9065888290324774,0.0,0.7008272603613487,0.2905453941669638,0.8264490084042974,0.7170783979172106,0.8986268024343581,0.0,1.0,0.7952310291227841,0.26125169379558316,0.8036744411116343,0.7380218834959545,0.7174620850211116,0.7645622243877758,0.73425433843716,0.7917827334430517,1.0,0.702,0.7755171624439471,0.0,0.2629554059748846,0.6473166761139917,0.0,0.8789890040185946,0.0,1.0,0.260848965351711,0.6935430146190957,0.6759040918999126,0.384,0.7937480580884778,0.0,0.6715608441000742,0.2577045294199323,0.7410820719283235,0.7002362374287272,0.0,0.0,0.0,0.0,0.0,0.0,0.0,0.0,0.0,0.0,0.0,0.0,0.0,0.0,0.0,0.0,0.0,0.0,0.0,0.0,0.0,0.0,0.0,0.0,0.0,0.0,0.0,0.6667391378323451,0.747432912934511,1.0,1.0,0.384,0.384,0.0,0.0,0.4714,0.702,0.7167957640550929,0.7658128362612568,1.0,1.0,0.384,0.7793,0.0,0.0,0.702,0.702,0.6067234995806572,0.7116571662185522,1.0,1.0,0.7793,0.7793,0.0,0.0,0.702,0.702,0.6394725220493322,0.7045352810528642,1.0,0.9215168295179252,0.7793,0.7793,0.0,0.0,0.734155148446053,0.7234268364887115,1.0,0.9603600146087451,0.7793,0.384,0.0,0.0,0.6079358630591328,0.7260892427130394,1.0,1.0,0.7793,0.7793,0.0,0.0,0.6602224474903021,0.7115618980314486,1.0,1.0,0.384,0.0,0.0,0.4714,0.4714,0.7745740555895014,0.5948841986415578,1.0,1.0,0.7793,0.384,0.0,0.0,0.702,0.4714,0.602743982432316,0.6347048824550917,1.0,0.8863383619695636,0.384,0.7793,0.0,0.0,0.4714,0.4714,0.7857743336469056,0.6850012142479318,1.0,1.0,0.384,0.384,0.0,0.0,0.4714,0.4714,0.620888687061388,0.7651298558699859,1.0,0.9049704963914179,0.7793,0.7793,0.0,0.0,0.4714,0.4714,0.7034861264145006,0.6372037608113408,1.0,1.0,0.0,0.702,0.4714,0.6218006818464141,0.7233332252938095,1.0,1.0,0.384,0.7793,0.0,0.0,0.4714,0.4714,0.612626049933817,0.6285942130696389,1.0,1.0,0.384,0.7793,0.0,0.0,0.7571462237187089,0.6520255326281177,1.0,0.987808910762875,0.384,0.384,0.0,0.0,0.6142983479002704,0.6270938861561165,1.0,0.8688415851034401,0.7793,0.384,0.0,0.0,0.7355099954835591,0.7369540381087989,1.0,0.9574317929707638,0.7793,0.384,0.0,0.0,0.6946495635899389,0.7020822979613849,1.0,0.9045678944757005,0.7793,0.384,0.0,0.0,0.679481700906214,0.5934205497441423,1.0,0.9183133002869759,0.384,0.7793,0.0,0.0,0.7431875980476461,0.6381929282504698,1.0,0.933277852625859,0.7793,0.7793,0.0,0.0,0.6091231818135239,0.6552139361315048,1.0,0.9550271876270418,0.7793,0.384,0.0,0.0,0.702,0.702,0.6563644651525011,0.5782725817268592,1.0,0.8900539766050198,0.7793,0.384,0.0,0.0,0.6890210837600579,0.6278196269947957,1.0,1.0,0.7793,0.7793,0.0,0.0,0.4714,0.702,0.7077675404922283,0.7460515975087186,1.0,0.8816642384210149,0.7793,0.7793,0.0,0.0,0.6306322886538644,0.7080395066140579,1.0,1.0,0.384,0.384,0.0,0.0,0.6592703452722715,0.7751756166098752,1.0,1.0,0.384,0.7793,0.0,0.0,0.7066100965905711,0.7031999618115756,1.0,0.926404418014774,0.7793,0.7793,0.0,0.0
,101,1.0,0.819453528464062,0.7524674320643321,0.7070939291281679,0.6503683071529858,0.7946997261963439,0.9120686696024087,0.0,1.0,0.7857904638618398,0.2700377642478078,0.7220565938355914,0.6775376934440801,0.7298123397923151,0.6313480856907829,0.9845592358780519,0.7573,0.8629784138512452,0.0,1.0,0.7838687061782301,0.2799035515526566,0.6842158697507936,0.6914351410895638,0.7178111722312127,0.6387932617071919,0.6553809246177034,0.6825895346595166,1.0,0.4856,0.3752,0.792630711493883,0.0,0.6784517315834593,0.28452880635364025,0.7699494455149569,0.6286425921217724,0.7423087243208101,0.7763597658672227,0.0,0.2936597922092527,0.6940431729803206,0.714257229800576,1.0,0.24287871734484082,0.7573,0.0,0.7279308810286913,0.2758247777434081,0.7992549446326113,0.6371867890851313,0.8143106620018683,1.0,0.8254802079867691,0.0,1.0,0.6672922839195379,0.27437597291320687,0.6492128430497377,0.706283309794073,0.7370155869742353,0.6281349837523438,0.6715353650781896,0.8168782121220979,1.0,0.3752,0.7734075373636681,0.0,1.0,0.6784292688086933,0.27764498283803374,0.7849114924636464,0.8481716592541348,0.6738846912397987,0.7366584598900663,0.7103216211998198,0.7098946552969646,0.9993818204249862,0.3752,0.7743829887474716,0.0,1.0,0.6306277258289112,0.2616257684187064,0.8382610983040573,0.6635628883541519,0.699998100362135,0.712597396758068,0.8943557626130975,0.3752,0.7796061261065649,0.0,1.0,0.7798807975038475,0.2510587132963112,0.7778337354349729,0.6885718612721918,0.6526511935350083,0.691091418992088,0.6412006840494804,1.0,0.3752,0.7646707415099349,0.0,1.0,0.8206589679782588,0.7856036841971457,0.6727419940723133,0.6694088246310602,0.725372925745816,0.699,0.889631132248521,0.0,1.0,0.8023100410496729,0.6458957854816727,0.7046811693897579,0.7943895704279562,0.6775245914010442,0.9855486205700036,0.7573,0.880566195054545,0.0,1.0,0.7745322537848132,0.2579181793282071,0.7173685114628301,0.7253849318690513,0.7251086116723353,0.7053952764200132,0.8116742284576836,0.3752,0.9414631643618054,0.0,0.6541586334578289,0.8119199022010348,0.0,1.0,0.7707391827739783,0.28363351641037177,0.7516241520976299,0.713546790943049,0.8218798761259575,0.0,0.7095103121630132,0.28140187329260935,0.6624106152248197,0.6467422581744323,0.7185387516481836,0.7214530563065938,0.886024333583841,0.3752,0.8064131921419672,0.0,0.7573,0.0,0.7606297370808037,0.7096773396126009,0.0,1.0,0.6312509329584501,0.2934454018660548,0.6417753148420571,0.7219769160213656,0.6874084202194615,0.6136447073614318,0.7557582658438425,0.8213237574561838,0.9365854239474188,0.7573,0.7690187911431601,0.0,1.0,0.6608789686190941,0.252141811895302,0.7662928408829061,0.8205468608184074,0.6869385266058786,0.7801619747655415,0.6011951540969421,0.8186753193311034,0.9892951443610722,0.3752,0.9065888290324774,0.0,0.7008272603613487,0.2905453941669638,0.8264490084042974,0.7170783979172106,0.8986268024343581,0.0,1.0,0.7952310291227841,0.26125169379558316,0.8036744411116343,0.7380218834959545,0.7174620850211116,0.7645622243877758,0.73425433843716,0.7917827334430517,1.0,0.699,0.7755171624439471,0.0,0.2629554059748846,0.6473166761139917,0.0,0.8789890040185946,0.0,1.0,0.260848965351711,0.6935430146190957,0.6759040918999126,0.3752,0.7937480580884778,0.0,0.6715608441000742,0.2577045294199323,0.7410820719283235,0.7002362374287272,0.0,0.0,0.0,0.0,0.0,0.0,0.0,0.0,0.0,0.0,0.0,0.0,0.0,0.0,0.0,0.0,0.0,0.0,0.0,0.0,0.0,0.0,0.0,0.0,0.0,0.0,0.0,0.6667391378323451,0.747432912934511,1.0,1.0,0.3752,0.3752,0.0,0.0,0.4856,0.699,0.7167957640550929,0.7658128362612568,1.0,1.0,0.3752,0.7573,0.0,0.0,0.699,0.699,0.6067234995806572,0.7116571662185522,1.0,1.0,0.7573,0.7573,0.0,0.0,0.699,0.699,0.6394725220493322,0.7045352810528642,1.0,0.9215168295179252,0.7573,0.7573,0.0,0.0,0.734155148446053,0.7234268364887115,1.0,0.9603600146087451,0.7573,0.3752,0.0,0.0,0.6079358630591328,0.7260892427130394,1.0,1.0,0.7573,0.7573,0.0,0.0,0.6602224474903021,0.7115618980314486,1.0,1.0,0.3752,0.0,0.0,0.4856,0.4856,0.7745740555895014,0.5948841986415578,1.0,1.0,0.7573,0.3752,0.0,0.0,0.699,0.4856,0.602743982432316,0.6347048824550917,1.0,0.8863383619695636,0.3752,0.7573,0.0,0.0,0.4856,0.4856,0.7857743336469056,0.6850012142479318,1.0,1.0,0.3752,0.3752,0.0,0.0,0.4856,0.4856,0.620888687061388,0.7651298558699859,1.0,0.9049704963914179,0.7573,0.7573,0.0,0.0,0.4856,0.4856,0.7034861264145006,0.6372037608113408,1.0,1.0,0.0,0.699,0.4856,0.6218006818464141,0.7233332252938095,1.0,1.0,0.3752,0.7573,0.0,0.0,0.4856,0.4856,0.612626049933817,0.6285942130696389,1.0,1.0,0.3752,0.7573,0.0,0.0,0.7571462237187089,0.6520255326281177,1.0,0.987808910762875,0.3752,0.3752,0.0,0.0,0.6142983479002704,0.6270938861561165,1.0,0.8688415851034401,0.7573,0.3752,0.0,0.0,0.7355099954835591,0.7369540381087989,1.0,0.9574317929707638,0.7573,0.3752,0.0,0.0,0.6946495635899389,0.7020822979613849,1.0,0.9045678944757005,0.7573,0.3752,0.0,0.0,0.679481700906214,0.5934205497441423,1.0,0.9183133002869759,0.3752,0.7573,0.0,0.0,0.7431875980476461,0.6381929282504698,1.0,0.933277852625859,0.7573,0.7573,0.0,0.0,0.6091231818135239,0.6552139361315048,1.0,0.9550271876270418,0.7573,0.3752,0.0,0.0,0.699,0.699,0.6563644651525011,0.5782725817268592,1.0,0.8900539766050198,0.7573,0.3752,0.0,0.0,0.6890210837600579,0.6278196269947957,1.0,1.0,0.7573,0.7573,0.0,0.0,0.4856,0.699,0.7077675404922283,0.7460515975087186,1.0,0.8816642384210149,0.7573,0.7573,0.0,0.0,0.6306322886538644,0.7080395066140579,1.0,1.0,0.3752,0.3752,0.0,0.0,0.6592703452722715,0.7751756166098752,1.0,1.0,0.3752,0.7573,0.0,0.0,0.7066100965905711,0.7031999618115756,1.0,0.926404418014774,0.7573,0.7573,0.0,0.0
,102,1.0,0.819453528464062,0.7524674320643321,0.7070939291281679,0.6503683071529858,0.7946997261963439,0.9120686696024087,0.0,1.0,0.7857904638618398,0.2700377642478078,0.7220565938355914,0.6775376934440801,0.7298123397923151,0.6313480856907829,0.9845592358780519,0.734,0.8629784138512452,0.0,1.0,0.7838687061782301,0.2799035515526566,0.6842158697507936,0.6914351410895638,0.7178111722312127,0.6387932617071919,0.6553809246177034,0.6825895346595166,1.0,0.487,0.3691,0.792630711493883,0.0,0.6784517315834593,0.28452880635364025,0.7699494455149569,0.6286425921217724,0.7423087243208101,0.7763597658672227,0.0,0.2936597922092527,0.6940431729803206,0.714257229800576,1.0,0.24287871734484082,0.734,0.0,0.7279308810286913,0.2758247777434081,0.7992549446326113,0.6371867890851313,0.8143106620018683,1.0,0.8254802079867691,0.0,1.0,0.6672922839195379,0.27437597291320687,0.6492128430497377,0.706283309794073,0.7370155869742353,0.6281349837523438,0.6715353650781896,0.8168782121220979,1.0,0.3691,0.7734075373636681,0.0,1.0,0.6784292688086933,0.27764498283803374,0.7849114924636464,0.8481716592541348,0.6738846912397987,0.7366584598900663,0.7103216211998198,0.7098946552969646,0.9993818204249862,0.3691,0.7743829887474716,0.0,1.0,0.6306277258289112,0.2616257684187064,0.8382610983040573,0.6635628883541519,0.699998100362135,0.712597396758068,0.8943557626130975,0.3691,0.7796061261065649,0.0,1.0,0.7798807975038475,0.2510587132963112,0.7778337354349729,0.6885718612721918,0.6526511935350083,0.691091418992088,0.6412006840494804,1.0,0.3691,0.7646707415099349,0.0,1.0,0.8206589679782588,0.7856036841971457,0.6727419940723133,0.6694088246310602,0.725372925745816,0.695,0.889631132248521,0.0,1.0,0.8023100410496729,0.6458957854816727,0.7046811693897579,0.7943895704279562,0.6775245914010442,0.9855486205700036,0.734,0.880566195054545,0.0,1.0,0.7745322537848132,0.2579181793282071,0.7173685114628301,0.7253849318690513,0.7251086116723353,0.7053952764200132,0.8116742284576836,0.3691,0.9414631643618054,0.0,0.6541586334578289,0.8119199022010348,0.0,1.0,0.7707391827739783,0.28363351641037177,0.7516241520976299,0.713546790943049,0.8218798761259575,0.0,0.7095103121630132,0.28140187329260935,0.6624106152248197,0.6467422581744323,0.7185387516481836,0.7214530563065938,0.886024333583841,0.3691,0.8064131921419672,0.0,0.734,0.0,0.7606297370808037,0.7096773396126009,0.0,1.0,0.6312509329584501,0.2934454018660548,0.6417753148420571,0.7219769160213656,0.6874084202194615,0.6136447073614318,0.7557582658438425,0.8213237574561838,0.9365854239474188,0.734,0.7690187911431601,0.0,1.0,0.6608789686190941,0.252141811895302,0.7662928408829061,0.8205468608184074,0.6869385266058786,0.7801619747655415,0.6011951540969421,0.8186753193311034,0.9892951443610722,0.3691,0.9065888290324774,0.0,0.7008272603613487,0.2905453941669638,0.8264490084042974,0.7170783979172106,0.8986268024343581,0.0,1.0,0.7952310291227841,0.26125169379558316,0.8036744411116343,0.7380218834959545,0.7174620850211116,0.7645622243877758,0.73425433843716,0.7917827334430517,1.0,0.695,0.7755171624439471,0.0,0.2629554059748846,0.6473166761139917,0.0,0.8789890040185946,0.0,1.0,0.260848965351711,0.6935430146190957,0.6759040918999126,0.3691,0.7937480580884778,0.0,0.6715608441000742,0.2577045294199323,0.7410820719283235,0.7002362374287272,0.0,0.0,0.0,0.0,0.0,0.0,0.0,0.0,0.0,0.0,0.0,0.0,0.0,0.0,0.0,0.0,0.0,0.0,0.0,0.0,0.0,0.0,0.0,0.0,0.0,0.0,0.0,0.6667391378323451,0.747432912934511,1.0,1.0,0.3691,0.3691,0.0,0.0,0.487,0.695,0.7167957640550929,0.7658128362612568,1.0,1.0,0.3691,0.734,0.0,0.0,0.695,0.695,0.6067234995806572,0.7116571662185522,1.0,1.0,0.734,0.734,0.0,0.0,0.695,0.695,0.6394725220493322,0.7045352810528642,1.0,0.9215168295179252,0.734,0.734,0.0,0.0,0.734155148446053,0.7234268364887115,1.0,0.9603600146087451,0.734,0.3691,0.0,0.0,0.6079358630591328,0.7260892427130394,1.0,1.0,0.734,0.734,0.0,0.0,0.6602224474903021,0.7115618980314486,1.0,1.0,0.3691,0.0,0.0,0.487,0.487,0.7745740555895014,0.5948841986415578,1.0,1.0,0.734,0.3691,0.0,0.0,0.695,0.487,0.602743982432316,0.6347048824550917,1.0,0.8863383619695636,0.3691,0.734,0.0,0.0,0.487,0.487,0.7857743336469056,0.6850012142479318,1.0,1.0,0.3691,0.3691,0.0,0.0,0.487,0.487,0.620888687061388,0.7651298558699859,1.0,0.9049704963914179,0.734,0.734,0.0,0.0,0.487,0.487,0.7034861264145006,0.6372037608113408,1.0,1.0,0.0,0.695,0.487,0.6218006818464141,0.7233332252938095,1.0,1.0,0.3691,0.734,0.0,0.0,0.487,0.487,0.612626049933817,0.6285942130696389,1.0,1.0,0.3691,0.734,0.0,0.0,0.7571462237187089,0.6520255326281177,1.0,0.987808910762875,0.3691,0.3691,0.0,0.0,0.6142983479002704,0.6270938861561165,1.0,0.8688415851034401,0.734,0.3691,0.0,0.0,0.7355099954835591,0.7369540381087989,1.0,0.9574317929707638,0.734,0.3691,0.0,0.0,0.6946495635899389,0.7020822979613849,1.0,0.9045678944757005,0.734,0.3691,0.0,0.0,0.679481700906214,0.5934205497441423,1.0,0.9183133002869759,0.3691,0.734,0.0,0.0,0.7431875980476461,0.6381929282504698,1.0,0.933277852625859,0.734,0.734,0.0,0.0,0.6091231818135239,0.6552139361315048,1.0,0.9550271876270418,0.734,0.3691,0.0,0.0,0.695,0.695,0.6563644651525011,0.5782725817268592,1.0,0.8900539766050198,0.734,0.3691,0.0,0.0,0.6890210837600579,0.6278196269947957,1.0,1.0,0.734,0.734,0.0,0.0,0.487,0.695,0.7077675404922283,0.7460515975087186,1.0,0.8816642384210149,0.734,0.734,0.0,0.0,0.6306322886538644,0.7080395066140579,1.0,1.0,0.3691,0.3691,0.0,0.0,0.6592703452722715,0.7751756166098752,1.0,1.0,0.3691,0.734,0.0,0.0,0.7066100965905711,0.7031999618115756,1.0,0.926404418014774,0.734,0.734,0.0,0.0
,103,1.0,0.819453528464062,0.7524674320643321,0.7070939291281679,0.6503683071529858,0.7946997261963439,0.9120686696024087,0.000603,1.0,0.7857904638618398,0.2700377642478078,0.7220565938355914,0.6775376934440801,0.7298123397923151,0.6313480856907829,0.9845592358780519,0.7134,0.8629784138512452,0.0,1.0,0.7838687061782301,0.2799035515526566,0.6842158697507936,0.6914351410895638,0.7178111722312127,0.6387932617071919,0.6553809246177034,0.6825895346595166,1.0,0.5034,0.363,0.792630711493883,0.0,0.6784517315834593,0.28452880635364025,0.7699494455149569,0.6286425921217724,0.7423087243208101,0.7763597658672227,0.000603,0.2936597922092527,0.6940431729803206,0.714257229800576,1.0,0.24287871734484082,0.7134,0.000603,0.7279308810286913,0.2758247777434081,0.7992549446326113,0.6371867890851313,0.8143106620018683,1.0,0.8254802079867691,0.000603,1.0,0.6672922839195379,0.27437597291320687,0.6492128430497377,0.706283309794073,0.7370155869742353,0.6281349837523438,0.6715353650781896,0.8168782121220979,1.0,0.363,0.7734075373636681,0.0,1.0,0.6784292688086933,0.27764498283803374,0.7849114924636464,0.8481716592541348,0.6738846912397987,0.7366584598900663,0.7103216211998198,0.7098946552969646,0.9993818204249862,0.363,0.7743829887474716,0.000603,1.0,0.6306277258289112,0.2616257684187064,0.8382610983040573,0.6635628883541519,0.699998100362135,0.712597396758068,0.8943557626130975,0.363,0.7796061261065649,0.0,1.0,0.7798807975038475,0.2510587132963112,0.7778337354349729,0.6885718612721918,0.6526511935350083,0.691091418992088,0.6412006840494804,1.0,0.363,0.7646707415099349,0.000603,1.0,0.8206589679782588,0.7856036841971457,0.6727419940723133,0.6694088246310602,0.725372925745816,0.698,0.889631132248521,0.000603,1.0,0.8023100410496729,0.6458957854816727,0.7046811693897579,0.7943895704279562,0.6775245914010442,0.9855486205700036,0.7134,0.880566195054545,0.0,1.0,0.7745322537848132,0.2579181793282071,0.7173685114628301,0.7253849318690513,0.7251086116723353,0.7053952764200132,0.8116742284576836,0.363,0.9414631643618054,0.000603,0.6541586334578289,0.8119199022010348,0.000603,1.0,0.7707391827739783,0.28363351641037177,0.7516241520976299,0.713546790943049,0.8218798761259575,0.000603,0.7095103121630132,0.28140187329260935,0.6624106152248197,0.6467422581744323,0.7185387516481836,0.7214530563065938,0.886024333583841,0.363,0.8064131921419672,0.0,0.7134,0.0,0.7606297370808037,0.7096773396126009,0.000603,1.0,0.6312509329584501,0.2934454018660548,0.6417753148420571,0.7219769160213656,0.6874084202194615,0.6136447073614318,0.7557582658438425,0.8213237574561838,0.9365854239474188,0.7134,0.7690187911431601,0.000603,1.0,0.6608789686190941,0.252141811895302,0.7662928408829061,0.8205468608184074,0.6869385266058786,0.7801619747655415,0.6011951540969421,0.8186753193311034,0.9892951443610722,0.363,0.9065888290324774,0.000603,0.7008272603613487,0.2905453941669638,0.8264490084042974,0.7170783979172106,0.8986268024343581,0.0,1.0,0.7952310291227841,0.26125169379558316,0.8036744411116343,0.7380218834959545,0.7174620850211116,0.7645622243877758,0.73425433843716,0.7917827334430517,1.0,0.698,0.7755171624439471,0.000603,0.2629554059748846,0.6473166761139917,0.0,0.8789890040185946,0.000603,1.0,0.260848965351711,0.6935430146190957,0.6759040918999126,0.363,0.7937480580884778,0.000603,0.6715608441000742,0.2577045294199323,0.7410820719283235,0.7002362374287272,0.0004913993658583863,0.0,0.0,0.0004863172780521404,0.0004938338547714968,0.0,0.0,0.00047495226438793375,0.000493894137679366,0.0,0.00047990071993644993,0.00048268943758541426,0.0,0.0,0.0,0.0,0.00048703464219447464,0.0004768402950298706,0.000485054485083582,0.0,0.0004960605692400038,0.0,0.0004962553991203548,0.0,0.000481014441982099,0.00047990381757902537,0.00047174251828043656,0.6667391378323451,0.747432912934511,1.0,1.0,0.363,0.363,0.000603,0.000603,0.5034,0.698,0.7167957640550929,0.7658128362612568,1.0,1.0,0.363,0.7134,0.0,0.000603,0.698,0.698,0.6067234995806572,0.7116571662185522,1.0,1.0,0.7134,0.7134,0.000603,0.000603,0.698,0.698,0.6394725220493322,0.7045352810528642,1.0,0.9215168295179252,0.7134,0.7134,0.0,0.000603,0.734155148446053,0.7234268364887115,1.0,0.9603600146087451,0.7134,0.363,0.0,0.000603,0.6079358630591328,0.7260892427130394,1.0,1.0,0.7134,0.7134,0.0,0.000603,0.6602224474903021,0.7115618980314486,1.0,1.0,0.363,0.0,0.0,0.5034,0.5034,0.7745740555895014,0.5948841986415578,1.0,1.0,0.7134,0.363,0.0,0.000603,0.698,0.5034,0.602743982432316,0.6347048824550917,1.0,0.8863383619695636,0.363,0.7134,0.0,0.000603,0.5034,0.5034,0.7857743336469056,0.6850012142479318,1.0,1.0,0.363,0.363,0.0,0.0,0.5034,0.5034,0.620888687061388,0.7651298558699859,1.0,0.9049704963914179,0.7134,0.7134,0.0,0.000603,0.5034,0.5034,0.7034861264145006,0.6372037608113408,1.0,1.0,0.000603,0.698,0.5034,0.6218006818464141,0.7233332252938095,1.0,1.0,0.363,0.7134,0.000603,0.0,0.5034,0.5034,0.612626049933817,0.6285942130696389,1.0,1.0,0.363,0.7134,0.0,0.000603,0.7571462237187089,0.6520255326281177,1.0,0.987808910762875,0.363,0.363,0.0,0.000603,0.6142983479002704,0.6270938861561165,1.0,0.8688415851034401,0.7134,0.363,0.000603,0.000603,0.7355099954835591,0.7369540381087989,1.0,0.9574317929707638,0.7134,0.363,0.000603,0.000603,0.6946495635899389,0.7020822979613849,1.0,0.9045678944757005,0.7134,0.363,0.0,0.0,0.679481700906214,0.5934205497441423,1.0,0.9183133002869759,0.363,0.7134,0.0,0.0,0.7431875980476461,0.6381929282504698,1.0,0.933277852625859,0.7134,0.7134,0.000603,0.0,0.6091231818135239,0.6552139361315048,1.0,0.9550271876270418,0.7134,0.363,0.000603,0.000603,0.698,0.698,0.6563644651525011,0.5782725817268592,1.0,0.8900539766050198,0.7134,0.363,0.000603,0.000603,0.6890210837600579,0.6278196269947957,1.0,1.0,0.7134,0.7134,0.0,0.000603,0.5034,0.698,0.7077675404922283,0.7460515975087186,1.0,0.8816642384210149,0.7134,0.7134,0.0,0.000603,0.6306322886538644,0.7080395066140579,1.0,1.0,0.363,0.363,0.000603,0.000603,0.6592703452722715,0.7751756166098752,1.0,1.0,0.363,0.7134,0.0,0.000603,0.7066100965905711,0.7031999618115756,1.0,0.926404418014774,0.7134,0.7134,0.0,0.0
,104,1.0,0.819453528464062,0.7524674320643321,0.7070939291281679,0.6503683071529858,0.7946997261963439,0.9120686696024087,0.1329,1.0,0.7857904638618398,0.2700377642478078,0.7220565938355914,0.6775376934440801,0.7298123397923151,0.6313480856907829,0.9845592358780519,0.677,0.8629784138512452,0.02524,1.0,0.7838687061782301,0.2799035515526566,0.6842158697507936,0.6914351410895638,0.7178111722312127,0.6387932617071919,0.6553809246177034,0.6825895346595166,1.0,0.51,0.3164,0.792630711493883,0.02524,0.6784517315834593,0.28452880635364025,0.7699494455149569,0.6286425921217724,0.7423087243208101,0.7763597658672227,0.1329,0.2936597922092527,0.6940431729803206,0.714257229800576,1.0,0.24287871734484082,0.677,0.1329,0.7279308810286913,0.2758247777434081,0.7992549446326113,0.6371867890851313,0.8143106620018683,1.0,0.8254802079867691,0.1329,1.0,0.6672922839195379,0.27437597291320687,0.6492128430497377,0.706283309794073,0.7370155869742353,0.6281349837523438,0.6715353650781896,0.8168782121220979,1.0,0.3164,0.7734075373636681,0.02524,1.0,0.6784292688086933,0.27764498283803374,0.7849114924636464,0.8481716592541348,0.6738846912397987,0.7366584598900663,0.7103216211998198,0.7098946552969646,0.9993818204249862,0.3164,0.7743829887474716,0.1329,1.0,0.6306277258289112,0.2616257684187064,0.8382610983040573,0.6635628883541519,0.699998100362135,0.712597396758068,0.8943557626130975,0.3164,0.7796061261065649,0.02524,1.0,0.7798807975038475,0.2510587132963112,0.7778337354349729,0.6885718612721918,0.6526511935350083,0.691091418992088,0.6412006840494804,1.0,0.3164,0.7646707415099349,0.1329,1.0,0.8206589679782588,0.7856036841971457,0.6727419940723133,0.6694088246310602,0.725372925745816,0.6875,0.889631132248521,0.1329,1.0,0.8023100410496729,0.6458957854816727,0.7046811693897579,0.7943895704279562,0.6775245914010442,0.9855486205700036,0.677,0.880566195054545,0.02524,1.0,0.7745322537848132,0.2579181793282071,0.7173685114628301,0.7253849318690513,0.7251086116723353,0.7053952764200132,0.8116742284576836,0.3164,0.9414631643618054,0.1329,0.6541586334578289,0.8119199022010348,0.1329,1.0,0.7707391827739783,0.28363351641037177,0.7516241520976299,0.713546790943049,0.8218798761259575,0.1329,0.7095103121630132,0.28140187329260935,0.6624106152248197,0.6467422581744323,0.7185387516481836,0.7214530563065938,0.886024333583841,0.3164,0.8064131921419672,0.02524,0.677,0.02524,0.7606297370808037,0.7096773396126009,0.1329,1.0,0.6312509329584501,0.2934454018660548,0.6417753148420571,0.7219769160213656,0.6874084202194615,0.6136447073614318,0.7557582658438425,0.8213237574561838,0.9365854239474188,0.677,0.7690187911431601,0.1329,1.0,0.6608789686190941,0.252141811895302,0.7662928408829061,0.8205468608184074,0.6869385266058786,0.7801619747655415,0.6011951540969421,0.8186753193311034,0.9892951443610722,0.3164,0.9065888290324774,0.1329,0.7008272603613487,0.2905453941669638,0.8264490084042974,0.7170783979172106,0.8986268024343581,0.02524,1.0,0.7952310291227841,0.26125169379558316,0.8036744411116343,0.7380218834959545,0.7174620850211116,0.7645622243877758,0.73425433843716,0.7917827334430517,1.0,0.6875,0.7755171624439471,0.1329,0.2629554059748846,0.6473166761139917,0.02524,0.8789890040185946,0.1329,1.0,0.260848965351711,0.6935430146190957,0.6759040918999126,0.3164,0.7937480580884778,0.1329,0.6715608441000742,0.2577045294199323,0.7410820719283235,0.7002362374287272,0.10830344232600256,0.01968303828915643,0.020105284478981474,0.10718336028711352,0.10883999883769804,0.01977320530405,0.019880727164694703,0.104678533892465,0.10885328507062642,0.019815899050989582,0.10576916364768522,0.1063837914678301,0.02059978517228291,0.019611654156839325,0.020215362523609413,0.020682123130751125,0.10734146591649366,0.10509465208867297,0.10690504322986408,0.019697632857729682,0.1093307622752844,0.019992398669105727,0.10937370239319263,0.019735608520591814,0.106014625770184,0.10576984636194439,0.10397111223792706,0.6667391378323451,0.747432912934511,1.0,1.0,0.3164,0.3164,0.1329,0.1329,0.51,0.6875,0.7167957640550929,0.7658128362612568,1.0,1.0,0.3164,0.677,0.02524,0.1329,0.6875,0.6875,0.6067234995806572,0.7116571662185522,1.0,1.0,0.677,0.677,0.1329,0.1329,0.6875,0.6875,0.6394725220493322,0.7045352810528642,1.0,0.9215168295179252,0.677,0.677,0.02524,0.1329,0.734155148446053,0.7234268364887115,1.0,0.9603600146087451,0.677,0.3164,0.02524,0.1329,0.6079358630591328,0.7260892427130394,1.0,1.0,0.677,0.677,0.02524,0.1329,0.6602224474903021,0.7115618980314486,1.0,1.0,0.3164,0.02524,0.02524,0.51,0.51,0.7745740555895014,0.5948841986415578,1.0,1.0,0.677,0.3164,0.02524,0.1329,0.6875,0.51,0.602743982432316,0.6347048824550917,1.0,0.8863383619695636,0.3164,0.677,0.02524,0.1329,0.51,0.51,0.7857743336469056,0.6850012142479318,1.0,1.0,0.3164,0.3164,0.02524,0.02524,0.51,0.51,0.620888687061388,0.7651298558699859,1.0,0.9049704963914179,0.677,0.677,0.02524,0.1329,0.51,0.51,0.7034861264145006,0.6372037608113408,1.0,1.0,0.1329,0.6875,0.51,0.6218006818464141,0.7233332252938095,1.0,1.0,0.3164,0.677,0.1329,0.02524,0.51,0.51,0.612626049933817,0.6285942130696389,1.0,1.0,0.3164,0.677,0.02524,0.1329,0.7571462237187089,0.6520255326281177,1.0,0.987808910762875,0.3164,0.3164,0.02524,0.1329,0.6142983479002704,0.6270938861561165,1.0,0.8688415851034401,0.677,0.3164,0.1329,0.1329,0.7355099954835591,0.7369540381087989,1.0,0.9574317929707638,0.677,0.3164,0.1329,0.1329,0.6946495635899389,0.7020822979613849,1.0,0.9045678944757005,0.677,0.3164,0.02524,0.02524,0.679481700906214,0.5934205497441423,1.0,0.9183133002869759,0.3164,0.677,0.02524,0.02524,0.7431875980476461,0.6381929282504698,1.0,0.933277852625859,0.677,0.677,0.1329,0.02524,0.6091231818135239,0.6552139361315048,1.0,0.9550271876270418,0.677,0.3164,0.1329,0.1329,0.6875,0.6875,0.6563644651525011,0.5782725817268592,1.0,0.8900539766050198,0.677,0.3164,0.1329,0.1329,0.6890210837600579,0.6278196269947957,1.0,1.0,0.677,0.677,0.02524,0.1329,0.51,0.6875,0.7077675404922283,0.7460515975087186,1.0,0.8816642384210149,0.677,0.677,0.02524,0.1329,0.6306322886538644,0.7080395066140579,1.0,1.0,0.3164,0.3164,0.1329,0.1329,0.6592703452722715,0.7751756166098752,1.0,1.0,0.3164,0.677,0.02524,0.1329,0.7066100965905711,0.7031999618115756,1.0,0.926404418014774,0.677,0.677,0.02524,0.02524
,105,1.0,0.819453528464062,0.7524674320643321,0.7070939291281679,0.6503683071529858,0.7946997261963439,0.9120686696024087,0.3962,1.0,0.7857904638618398,0.2700377642478078,0.7220565938355914,0.6775376934440801,0.7298123397923151,0.6313480856907829,0.9845592358780519,0.5215,0.8629784138512452,0.1067,1.0,0.7838687061782301,0.2799035515526566,0.6842158697507936,0.6914351410895638,0.7178111722312127,0.6387932617071919,0.6553809246177034,0.6825895346595166,1.0,0.4993,0.2238,0.792630711493883,0.1067,0.6784517315834593,0.28452880635364025,0.7699494455149569,0.6286425921217724,0.7423087243208101,0.7763597658672227,0.3962,0.2936597922092527,0.6940431729803206,0.714257229800576,1.0,0.24287871734484082,0.5215,0.3962,0.7279308810286913,0.2758247777434081,0.7992549446326113,0.6371867890851313,0.8143106620018683,1.0,0.8254802079867691,0.3962,1.0,0.6672922839195379,0.27437597291320687,0.6492128430497377,0.706283309794073,0.7370155869742353,0.6281349837523438,0.6715353650781896,0.8168782121220979,1.0,0.2238,0.7734075373636681,0.1067,1.0,0.6784292688086933,0.27764498283803374,0.7849114924636464,0.8481716592541348,0.6738846912397987,0.7366584598900663,0.7103216211998198,0.7098946552969646,0.9993818204249862,0.2238,0.7743829887474716,0.3962,1.0,0.6306277258289112,0.2616257684187064,0.8382610983040573,0.6635628883541519,0.699998100362135,0.712597396758068,0.8943557626130975,0.2238,0.7796061261065649,0.1067,1.0,0.7798807975038475,0.2510587132963112,0.7778337354349729,0.6885718612721918,0.6526511935350083,0.691091418992088,0.6412006840494804,1.0,0.2238,0.7646707415099349,0.3962,1.0,0.8206589679782588,0.7856036841971457,0.6727419940723133,0.6694088246310602,0.725372925745816,0.661,0.889631132248521,0.3962,1.0,0.8023100410496729,0.6458957854816727,0.7046811693897579,0.7943895704279562,0.6775245914010442,0.9855486205700036,0.5215,0.880566195054545,0.1067,1.0,0.7745322537848132,0.2579181793282071,0.7173685114628301,0.7253849318690513,0.7251086116723353,0.7053952764200132,0.8116742284576836,0.2238,0.9414631643618054,0.3962,0.6541586334578289,0.8119199022010348,0.3962,1.0,0.7707391827739783,0.28363351641037177,0.7516241520976299,0.713546790943049,0.8218798761259575,0.3962,0.7095103121630132,0.28140187329260935,0.6624106152248197,0.6467422581744323,0.7185387516481836,0.7214530563065938,0.886024333583841,0.2238,0.8064131921419672,0.1067,0.5215,0.1067,0.7606297370808037,0.7096773396126009,0.3962,1.0,0.6312509329584501,0.2934454018660548,0.6417753148420571,0.7219769160213656,0.6874084202194615,0.6136447073614318,0.7557582658438425,0.8213237574561838,0.9365854239474188,0.5215,0.7690187911431601,0.3962,1.0,0.6608789686190941,0.252141811895302,0.7662928408829061,0.8205468608184074,0.6869385266058786,0.7801619747655415,0.6011951540969421,0.8186753193311034,0.9892951443610722,0.2238,0.9065888290324774,0.3962,0.7008272603613487,0.2905453941669638,0.8264490084042974,0.7170783979172106,0.8986268024343581,0.1067,1.0,0.7952310291227841,0.26125169379558316,0.8036744411116343,0.7380218834959545,0.7174620850211116,0.7645622243877758,0.73425433843716,0.7917827334430517,1.0,0.661,0.7755171624439471,0.3962,0.2629554059748846,0.6473166761139917,0.1067,0.8789890040185946,0.3962,1.0,0.260848965351711,0.6935430146190957,0.6759040918999126,0.2238,0.7937480580884778,0.3962,0.6715608441000742,0.2577045294199323,0.7410820719283235,0.7002362374287272,0.32287301617428305,0.08320840671366843,0.08499341734973548,0.3195338400733964,0.324472592471753,0.08358958026712103,0.0840441199870414,0.3120664795198994,0.324512201241401,0.08377006453013425,0.31531785280069896,0.3171501744135011,0.08708387788758266,0.08290663623354817,0.08545876312476722,0.08743195475638452,0.3200051828150097,0.31330700645246223,0.31870412436171675,0.08327010403802525,0.3259356509666492,0.08451620198072825,0.32606366356796784,0.0834306429931516,0.3160496217467788,0.31531988810084555,0.3099575219613747,0.6667391378323451,0.747432912934511,1.0,1.0,0.2238,0.2238,0.3962,0.3962,0.4993,0.661,0.7167957640550929,0.7658128362612568,1.0,1.0,0.2238,0.5215,0.1067,0.3962,0.661,0.661,0.6067234995806572,0.7116571662185522,1.0,1.0,0.5215,0.5215,0.3962,0.3962,0.661,0.661,0.6394725220493322,0.7045352810528642,1.0,0.9215168295179252,0.5215,0.5215,0.1067,0.3962,0.734155148446053,0.7234268364887115,1.0,0.9603600146087451,0.5215,0.2238,0.1067,0.3962,0.6079358630591328,0.7260892427130394,1.0,1.0,0.5215,0.5215,0.1067,0.3962,0.6602224474903021,0.7115618980314486,1.0,1.0,0.2238,0.1067,0.1067,0.4993,0.4993,0.7745740555895014,0.5948841986415578,1.0,1.0,0.5215,0.2238,0.1067,0.3962,0.661,0.4993,0.602743982432316,0.6347048824550917,1.0,0.8863383619695636,0.2238,0.5215,0.1067,0.3962,0.4993,0.4993,0.7857743336469056,0.6850012142479318,1.0,1.0,0.2238,0.2238,0.1067,0.1067,0.4993,0.4993,0.620888687061388,0.7651298558699859,1.0,0.9049704963914179,0.5215,0.5215,0.1067,0.3962,0.4993,0.4993,0.7034861264145006,0.6372037608113408,1.0,1.0,0.3962,0.661,0.4993,0.6218006818464141,0.7233332252938095,1.0,1.0,0.2238,0.5215,0.3962,0.1067,0.4993,0.4993,0.612626049933817,0.6285942130696389,1.0,1.0,0.2238,0.5215,0.1067,0.3962,0.7571462237187089,0.6520255326281177,1.0,0.987808910762875,0.2238,0.2238,0.1067,0.3962,0.6142983479002704,0.6270938861561165,1.0,0.8688415851034401,0.5215,0.2238,0.3962,0.3962,0.7355099954835591,0.7369540381087989,1.0,0.9574317929707638,0.5215,0.2238,0.3962,0.3962,0.6946495635899389,0.7020822979613849,1.0,0.9045678944757005,0.5215,0.2238,0.1067,0.1067,0.679481700906214,0.5934205497441423,1.0,0.9183133002869759,0.2238,0.5215,0.1067,0.1067,0.7431875980476461,0.6381929282504698,1.0,0.933277852625859,0.5215,0.5215,0.3962,0.1067,0.6091231818135239,0.6552139361315048,1.0,0.9550271876270418,0.5215,0.2238,0.3962,0.3962,0.661,0.661,0.6563644651525011,0.5782725817268592,1.0,0.8900539766050198,0.5215,0.2238,0.3962,0.3962,0.6890210837600579,0.6278196269947957,1.0,1.0,0.5215,0.5215,0.1067,0.3962,0.4993,0.661,0.7077675404922283,0.7460515975087186,1.0,0.8816642384210149,0.5215,0.5215,0.1067,0.3962,0.6306322886538644,0.7080395066140579,1.0,1.0,0.2238,0.2238,0.3962,0.3962,0.6592703452722715,0.7751756166098752,1.0,1.0,0.2238,0.5215,0.1067,0.3962,0.7066100965905711,0.7031999618115756,1.0,0.926404418014774,0.5215,0.5215,0.1067,0.1067
,106,1.0,0.819453528464062,0.7524674320643321,0.7070939291281679,0.6503683071529858,0.7946997261963439,0.9120686696024087,0.4612,1.0,0.7857904638618398,0.2700377642478078,0.7220565938355914,0.6775376934440801,0.7298123397923151,0.6313480856907829,0.9845592358780519,0.3572,0.8629784138512452,0.1664,1.0,0.7838687061782301,0.2799035515526566,0.6842158697507936,0.6914351410895638,0.7178111722312127,0.6387932617071919,0.6553809246177034,0.6825895346595166,1.0,0.463,0.2052,0.792630711493883,0.1664,0.6784517315834593,0.28452880635364025,0.7699494455149569,0.6286425921217724,0.7423087243208101,0.7763597658672227,0.4612,0.2936597922092527,0.6940431729803206,0.714257229800576,1.0,0.24287871734484082,0.3572,0.4612,0.7279308810286913,0.2758247777434081,0.7992549446326113,0.6371867890851313,0.8143106620018683,1.0,0.8254802079867691,0.4612,1.0,0.6672922839195379,0.27437597291320687,0.6492128430497377,0.706283309794073,0.7370155869742353,0.6281349837523438,0.6715353650781896,0.8168782121220979,1.0,0.2052,0.7734075373636681,0.1664,1.0,0.6784292688086933,0.27764498283803374,0.7849114924636464,0.8481716592541348,0.6738846912397987,0.7366584598900663,0.7103216211998198,0.7098946552969646,0.9993818204249862,0.2052,0.7743829887474716,0.4612,1.0,0.6306277258289112,0.2616257684187064,0.8382610983040573,0.6635628883541519,0.699998100362135,0.712597396758068,0.8943557626130975,0.2052,0.7796061261065649,0.1664,1.0,0.7798807975038475,0.2510587132963112,0.7778337354349729,0.6885718612721918,0.6526511935350083,0.691091418992088,0.6412006840494804,1.0,0.2052,0.7646707415099349,0.4612,1.0,0.8206589679782588,0.7856036841971457,0.6727419940723133,0.6694088246310602,0.725372925745816,0.6006,0.889631132248521,0.4612,1.0,0.8023100410496729,0.6458957854816727,0.7046811693897579,0.7943895704279562,0.6775245914010442,0.9855486205700036,0.3572,0.880566195054545,0.1664,1.0,0.7745322537848132,0.2579181793282071,0.7173685114628301,0.7253849318690513,0.7251086116723353,0.7053952764200132,0.8116742284576836,0.2052,0.9414631643618054,0.4612,0.6541586334578289,0.8119199022010348,0.4612,1.0,0.7707391827739783,0.28363351641037177,0.7516241520976299,0.713546790943049,0.8218798761259575,0.4612,0.7095103121630132,0.28140187329260935,0.6624106152248197,0.6467422581744323,0.7185387516481836,0.7214530563065938,0.886024333583841,0.2052,0.8064131921419672,0.1664,0.3572,0.1664,0.7606297370808037,0.7096773396126009,0.4612,1.0,0.6312509329584501,0.2934454018660548,0.6417753148420571,0.7219769160213656,0.6874084202194615,0.6136447073614318,0.7557582658438425,0.8213237574561838,0.9365854239474188,0.3572,0.7690187911431601,0.4612,1.0,0.6608789686190941,0.252141811895302,0.7662928408829061,0.8205468608184074,0.6869385266058786,0.7801619747655415,0.6011951540969421,0.8186753193311034,0.9892951443610722,0.2052,0.9065888290324774,0.4612,0.7008272603613487,0.2905453941669638,0.8264490084042974,0.7170783979172106,0.8986268024343581,0.1664,1.0,0.7952310291227841,0.26125169379558316,0.8036744411116343,0.7380218834959545,0.7174620850211116,0.7645622243877758,0.73425433843716,0.7917827334430517,1.0,0.6006,0.7755171624439471,0.4612,0.2629554059748846,0.6473166761139917,0.1664,0.8789890040185946,0.4612,1.0,0.260848965351711,0.6935430146190957,0.6759040918999126,0.2052,0.7937480580884778,0.4612,0.6715608441000742,0.2577045294199323,0.7410820719283235,0.7002362374287272,0.37584309707112407,0.12976456304737044,0.1325483097188002,0.37195610055994555,0.3777050975466241,0.13035900802670045,0.1310678684708874,0.36326365561478446,0.37775120447383675,0.1306404755184099,0.36704844450197466,0.36918137415322233,0.13580840937669872,0.1292939481655334,0.13327402234265476,0.13635123965756682,0.3725047711112632,0.3647077016049359,0.37099026288648096,0.1298607808053177,0.3794081833059531,0.13180408631296325,0.3795571974698303,0.13011114333702367,0.3679002664048824,0.3670508137105249,0.3608087055239425,0.6667391378323451,0.747432912934511,1.0,1.0,0.2052,0.2052,0.4612,0.4612,0.463,0.6006,0.7167957640550929,0.7658128362612568,1.0,1.0,0.2052,0.3572,0.1664,0.4612,0.6006,0.6006,0.6067234995806572,0.7116571662185522,1.0,1.0,0.3572,0.3572,0.4612,0.4612,0.6006,0.6006,0.6394725220493322,0.7045352810528642,1.0,0.9215168295179252,0.3572,0.3572,0.1664,0.4612,0.734155148446053,0.7234268364887115,1.0,0.9603600146087451,0.3572,0.2052,0.1664,0.4612,0.6079358630591328,0.7260892427130394,1.0,1.0,0.3572,0.3572,0.1664,0.4612,0.6602224474903021,0.7115618980314486,1.0,1.0,0.2052,0.1664,0.1664,0.463,0.463,0.7745740555895014,0.5948841986415578,1.0,1.0,0.3572,0.2052,0.1664,0.4612,0.6006,0.463,0.602743982432316,0.6347048824550917,1.0,0.8863383619695636,0.2052,0.3572,0.1664,0.4612,0.463,0.463,0.7857743336469056,0.6850012142479318,1.0,1.0,0.2052,0.2052,0.1664,0.1664,0.463,0.463,0.620888687061388,0.7651298558699859,1.0,0.9049704963914179,0.3572,0.3572,0.1664,0.4612,0.463,0.463,0.7034861264145006,0.6372037608113408,1.0,1.0,0.4612,0.6006,0.463,0.6218006818464141,0.7233332252938095,1.0,1.0,0.2052,0.3572,0.4612,0.1664,0.463,0.463,0.612626049933817,0.6285942130696389,1.0,1.0,0.2052,0.3572,0.1664,0.4612,0.7571462237187089,0.6520255326281177,1.0,0.987808910762875,0.2052,0.2052,0.1664,0.4612,0.6142983479002704,0.6270938861561165,1.0,0.8688415851034401,0.3572,0.2052,0.4612,0.4612,0.7355099954835591,0.7369540381087989,1.0,0.9574317929707638,0.3572,0.2052,0.4612,0.4612,0.6946495635899389,0.7020822979613849,1.0,0.9045678944757005,0.3572,0.2052,0.1664,0.1664,0.679481700906214,0.5934205497441423,1.0,0.9183133002869759,0.2052,0.3572,0.1664,0.1664,0.7431875980476461,0.6381929282504698,1.0,0.933277852625859,0.3572,0.3572,0.4612,0.1664,0.6091231818135239,0.6552139361315048,1.0,0.9550271876270418,0.3572,0.2052,0.4612,0.4612,0.6006,0.6006,0.6563644651525011,0.5782725817268592,1.0,0.8900539766050198,0.3572,0.2052,0.4612,0.4612,0.6890210837600579,0.6278196269947957,1.0,1.0,0.3572,0.3572,0.1664,0.4612,0.463,0.6006,0.7077675404922283,0.7460515975087186,1.0,0.8816642384210149,0.3572,0.3572,0.1664,0.4612,0.6306322886538644,0.7080395066140579,1.0,1.0,0.2052,0.2052,0.4612,0.4612,0.6592703452722715,0.7751756166098752,1.0,1.0,0.2052,0.3572,0.1664,0.4612,0.7066100965905711,0.7031999618115756,1.0,0.926404418014774,0.3572,0.3572,0.1664,0.1664
,107,1.0,0.819453528464062,0.7524674320643321,0.7070939291281679,0.6503683071529858,0.7946997261963439,0.9120686696024087,0.4365,1.0,0.7857904638618398,0.2700377642478078,0.7220565938355914,0.6775376934440801,0.7298123397923151,0.6313480856907829,0.9845592358780519,0.3132,0.8629784138512452,0.1913,1.0,0.7838687061782301,0.2799035515526566,0.6842158697507936,0.6914351410895638,0.7178111722312127,0.6387932617071919,0.6553809246177034,0.6825895346595166,1.0,0.4292,0.2147,0.792630711493883,0.1913,0.6784517315834593,0.28452880635364025,0.7699494455149569,0.6286425921217724,0.7423087243208101,0.7763597658672227,0.4365,0.2936597922092527,0.6940431729803206,0.714257229800576,1.0,0.24287871734484082,0.3132,0.4365,0.7279308810286913,0.2758247777434081,0.7992549446326113,0.6371867890851313,0.8143106620018683,1.0,0.8254802079867691,0.4365,1.0,0.6672922839195379,0.27437597291320687,0.6492128430497377,0.706283309794073,0.7370155869742353,0.6281349837523438,0.6715353650781896,0.8168782121220979,1.0,0.2147,0.7734075373636681,0.1913,1.0,0.6784292688086933,0.27764498283803374,0.7849114924636464,0.8481716592541348,0.6738846912397987,0.7366584598900663,0.7103216211998198,0.7098946552969646,0.9993818204249862,0.2147,0.7743829887474716,0.4365,1.0,0.6306277258289112,0.2616257684187064,0.8382610983040573,0.6635628883541519,0.699998100362135,0.712597396758068,0.8943557626130975,0.2147,0.7796061261065649,0.1913,1.0,0.7798807975038475,0.2510587132963112,0.7778337354349729,0.6885718612721918,0.6526511935350083,0.691091418992088,0.6412006840494804,1.0,0.2147,0.7646707415099349,0.4365,1.0,0.8206589679782588,0.7856036841971457,0.6727419940723133,0.6694088246310602,0.725372925745816,0.5557,0.889631132248521,0.4365,1.0,0.8023100410496729,0.6458957854816727,0.7046811693897579,0.7943895704279562,0.6775245914010442,0.9855486205700036,0.3132,0.880566195054545,0.1913,1.0,0.7745322537848132,0.2579181793282071,0.7173685114628301,0.7253849318690513,0.7251086116723353,0.7053952764200132,0.8116742284576836,0.2147,0.9414631643618054,0.4365,0.6541586334578289,0.8119199022010348,0.4365,1.0,0.7707391827739783,0.28363351641037177,0.7516241520976299,0.713546790943049,0.8218798761259575,0.4365,0.7095103121630132,0.28140187329260935,0.6624106152248197,0.6467422581744323,0.7185387516481836,0.7214530563065938,0.886024333583841,0.2147,0.8064131921419672,0.1913,0.3132,0.1913,0.7606297370808037,0.7096773396126009,0.4365,1.0,0.6312509329584501,0.2934454018660548,0.6417753148420571,0.7219769160213656,0.6874084202194615,0.6136447073614318,0.7557582658438425,0.8213237574561838,0.9365854239474188,0.3132,0.7690187911431601,0.4365,1.0,0.6608789686190941,0.252141811895302,0.7662928408829061,0.8205468608184074,0.6869385266058786,0.7801619747655415,0.6011951540969421,0.8186753193311034,0.9892951443610722,0.2147,0.9065888290324774,0.4365,0.7008272603613487,0.2905453941669638,0.8264490084042974,0.7170783979172106,0.8986268024343581,0.1913,1.0,0.7952310291227841,0.26125169379558316,0.8036744411116343,0.7380218834959545,0.7174620850211116,0.7645622243877758,0.73425433843716,0.7917827334430517,1.0,0.5557,0.7755171624439471,0.4365,0.2629554059748846,0.6473166761139917,0.1913,0.8789890040185946,0.4365,1.0,0.260848965351711,0.6935430146190957,0.6759040918999126,0.2147,0.7937480580884778,0.4365,0.6715608441000742,0.2577045294199323,0.7410820719283235,0.7002362374287272,0.35571446633032444,0.14918245739760796,0.1523827623149428,0.35203564157505685,0.35747674561817305,0.14986585478069592,0.15068078869279306,0.34380872869872814,0.35752038324551116,0.15018944090547967,0.34739081965548985,0.34940951825212824,0.15613070140482252,0.14864141997636143,0.15321707015715058,0.15675476049574844,0.35255492755868684,0.3451754374469959,0.35112153024707055,0.14929307312534423,0.3590886210170176,0.15152717374801605,0.3592296545871225,0.14958089976185474,0.348197021434803,0.34739306197884673,0.34148525577016675,0.6667391378323451,0.747432912934511,1.0,1.0,0.2147,0.2147,0.4365,0.4365,0.4292,0.5557,0.7167957640550929,0.7658128362612568,1.0,1.0,0.2147,0.3132,0.1913,0.4365,0.5557,0.5557,0.6067234995806572,0.7116571662185522,1.0,1.0,0.3132,0.3132,0.4365,0.4365,0.5557,0.5557,0.6394725220493322,0.7045352810528642,1.0,0.9215168295179252,0.3132,0.3132,0.1913,0.4365,0.734155148446053,0.7234268364887115,1.0,0.9603600146087451,0.3132,0.2147,0.1913,0.4365,0.6079358630591328,0.7260892427130394,1.0,1.0,0.3132,0.3132,0.1913,0.4365,0.6602224474903021,0.7115618980314486,1.0,1.0,0.2147,0.1913,0.1913,0.4292,0.4292,0.7745740555895014,0.5948841986415578,1.0,1.0,0.3132,0.2147,0.1913,0.4365,0.5557,0.4292,0.602743982432316,0.6347048824550917,1.0,0.8863383619695636,0.2147,0.3132,0.1913,0.4365,0.4292,0.4292,0.7857743336469056,0.6850012142479318,1.0,1.0,0.2147,0.2147,0.1913,0.1913,0.4292,0.4292,0.620888687061388,0.7651298558699859,1.0,0.9049704963914179,0.3132,0.3132,0.1913,0.4365,0.4292,0.4292,0.7034861264145006,0.6372037608113408,1.0,1.0,0.4365,0.5557,0.4292,0.6218006818464141,0.7233332252938095,1.0,1.0,0.2147,0.3132,0.4365,0.1913,0.4292,0.4292,0.612626049933817,0.6285942130696389,1.0,1.0,0.2147,0.3132,0.1913,0.4365,0.7571462237187089,0.6520255326281177,1.0,0.987808910762875,0.2147,0.2147,0.1913,0.4365,0.6142983479002704,0.6270938861561165,1.0,0.8688415851034401,0.3132,0.2147,0.4365,0.4365,0.7355099954835591,0.7369540381087989,1.0,0.9574317929707638,0.3132,0.2147,0.4365,0.4365,0.6946495635899389,0.7020822979613849,1.0,0.9045678944757005,0.3132,0.2147,0.1913,0.1913,0.679481700906214,0.5934205497441423,1.0,0.9183133002869759,0.2147,0.3132,0.1913,0.1913,0.7431875980476461,0.6381929282504698,1.0,0.933277852625859,0.3132,0.3132,0.4365,0.1913,0.6091231818135239,0.6552139361315048,1.0,0.9550271876270418,0.3132,0.2147,0.4365,0.4365,0.5557,0.5557,0.6563644651525011,0.5782725817268592,1.0,0.8900539766050198,0.3132,0.2147,0.4365,0.4365,0.6890210837600579,0.6278196269947957,1.0,1.0,0.3132,0.3132,0.1913,0.4365,0.4292,0.5557,0.7077675404922283,0.7460515975087186,1.0,0.8816642384210149,0.3132,0.3132,0.1913,0.4365,0.6306322886538644,0.7080395066140579,1.0,1.0,0.2147,0.2147,0.4365,0.4365,0.6592703452722715,0.7751756166098752,1.0,1.0,0.2147,0.3132,0.1913,0.4365,0.7066100965905711,0.7031999618115756,1.0,0.926404418014774,0.3132,0.3132,0.1913,0.1913
,108,1.0,0.819453528464062,0.7524674320643321,0.7070939291281679,0.6503683071529858,0.7946997261963439,0.9120686696024087,0.391,1.0,0.7857904638618398,0.2700377642478078,0.7220565938355914,0.6775376934440801,0.7298123397923151,0.6313480856907829,0.9845592358780519,0.3164,0.8629784138512452,0.2047,1.0,0.7838687061782301,0.2799035515526566,0.6842158697507936,0.6914351410895638,0.7178111722312127,0.6387932617071919,0.6553809246177034,0.6825895346595166,1.0,0.4172,0.2278,0.792630711493883,0.2047,0.6784517315834593,0.28452880635364025,0.7699494455149569,0.6286425921217724,0.7423087243208101,0.7763597658672227,0.391,0.2936597922092527,0.6940431729803206,0.714257229800576,1.0,0.24287871734484082,0.3164,0.391,0.7279308810286913,0.2758247777434081,0.7992549446326113,0.6371867890851313,0.8143106620018683,1.0,0.8254802079867691,0.391,1.0,0.6672922839195379,0.27437597291320687,0.6492128430497377,0.706283309794073,0.7370155869742353,0.6281349837523438,0.6715353650781896,0.8168782121220979,1.0,0.2278,0.7734075373636681,0.2047,1.0,0.6784292688086933,0.27764498283803374,0.7849114924636464,0.8481716592541348,0.6738846912397987,0.7366584598900663,0.7103216211998198,0.7098946552969646,0.9993818204249862,0.2278,0.7743829887474716,0.391,1.0,0.6306277258289112,0.2616257684187064,0.8382610983040573,0.6635628883541519,0.699998100362135,0.712597396758068,0.8943557626130975,0.2278,0.7796061261065649,0.2047,1.0,0.7798807975038475,0.2510587132963112,0.7778337354349729,0.6885718612721918,0.6526511935350083,0.691091418992088,0.6412006840494804,1.0,0.2278,0.7646707415099349,0.391,1.0,0.8206589679782588,0.7856036841971457,0.6727419940723133,0.6694088246310602,0.725372925745816,0.5034,0.889631132248521,0.391,1.0,0.8023100410496729,0.6458957854816727,0.7046811693897579,0.7943895704279562,0.6775245914010442,0.9855486205700036,0.3164,0.880566195054545,0.2047,1.0,0.7745322537848132,0.2579181793282071,0.7173685114628301,0.7253849318690513,0.7251086116723353,0.7053952764200132,0.8116742284576836,0.2278,0.9414631643618054,0.391,0.6541586334578289,0.8119199022010348,0.391,1.0,0.7707391827739783,0.28363351641037177,0.7516241520976299,0.713546790943049,0.8218798761259575,0.391,0.7095103121630132,0.28140187329260935,0.6624106152248197,0.6467422581744323,0.7185387516481836,0.7214530563065938,0.886024333583841,0.2278,0.8064131921419672,0.2047,0.3164,0.2047,0.7606297370808037,0.7096773396126009,0.391,1.0,0.6312509329584501,0.2934454018660548,0.6417753148420571,0.7219769160213656,0.6874084202194615,0.6136447073614318,0.7557582658438425,0.8213237574561838,0.9365854239474188,0.3164,0.7690187911431601,0.391,1.0,0.6608789686190941,0.252141811895302,0.7662928408829061,0.8205468608184074,0.6869385266058786,0.7801619747655415,0.6011951540969421,0.8186753193311034,0.9892951443610722,0.2278,0.9065888290324774,0.391,0.7008272603613487,0.2905453941669638,0.8264490084042974,0.7170783979172106,0.8986268024343581,0.2047,1.0,0.7952310291227841,0.26125169379558316,0.8036744411116343,0.7380218834959545,0.7174620850211116,0.7645622243877758,0.73425433843716,0.7917827334430517,1.0,0.5034,0.7755171624439471,0.391,0.2629554059748846,0.6473166761139917,0.2047,0.8789890040185946,0.391,1.0,0.260848965351711,0.6935430146190957,0.6759040918999126,0.2278,0.7937480580884778,0.391,0.6715608441000742,0.2577045294199323,0.7410820719283235,0.7002362374287272,0.3186354097025358,0.15963224793147074,0.16305672475624042,0.31534005923447245,0.3202139920657633,0.16036351528284606,0.16123553290859768,0.30797070543230864,0.32025308098280614,0.160709767659967,0.3111794054645969,0.31298767843432335,0.16706719590991725,0.15905331243680704,0.1639494733986865,0.16773496849701885,0.31580521575130943,0.3091949508402644,0.3145212332797356,0.159750611964234,0.3216578483795049,0.16214120473716095,0.32178418085581884,0.16005860000654296,0.31190157017413056,0.31118141405207117,0.3058894272763693,0.6667391378323451,0.747432912934511,1.0,1.0,0.2278,0.2278,0.391,0.391,0.4172,0.5034,0.7167957640550929,0.7658128362612568,1.0,1.0,0.2278,0.3164,0.2047,0.391,0.5034,0.5034,0.6067234995806572,0.7116571662185522,1.0,1.0,0.3164,0.3164,0.391,0.391,0.5034,0.5034,0.6394725220493322,0.7045352810528642,1.0,0.9215168295179252,0.3164,0.3164,0.2047,0.391,0.734155148446053,0.7234268364887115,1.0,0.9603600146087451,0.3164,0.2278,0.2047,0.391,0.6079358630591328,0.7260892427130394,1.0,1.0,0.3164,0.3164,0.2047,0.391,0.6602224474903021,0.7115618980314486,1.0,1.0,0.2278,0.2047,0.2047,0.4172,0.4172,0.7745740555895014,0.5948841986415578,1.0,1.0,0.3164,0.2278,0.2047,0.391,0.5034,0.4172,0.602743982432316,0.6347048824550917,1.0,0.8863383619695636,0.2278,0.3164,0.2047,0.391,0.4172,0.4172,0.7857743336469056,0.6850012142479318,1.0,1.0,0.2278,0.2278,0.2047,0.2047,0.4172,0.4172,0.620888687061388,0.7651298558699859,1.0,0.9049704963914179,0.3164,0.3164,0.2047,0.391,0.4172,0.4172,0.7034861264145006,0.6372037608113408,1.0,1.0,0.391,0.5034,0.4172,0.6218006818464141,0.7233332252938095,1.0,1.0,0.2278,0.3164,0.391,0.2047,0.4172,0.4172,0.612626049933817,0.6285942130696389,1.0,1.0,0.2278,0.3164,0.2047,0.391,0.7571462237187089,0.6520255326281177,1.0,0.987808910762875,0.2278,0.2278,0.2047,0.391,0.6142983479002704,0.6270938861561165,1.0,0.8688415851034401,0.3164,0.2278,0.391,0.391,0.7355099954835591,0.7369540381087989,1.0,0.9574317929707638,0.3164,0.2278,0.391,0.391,0.6946495635899389,0.7020822979613849,1.0,0.9045678944757005,0.3164,0.2278,0.2047,0.2047,0.679481700906214,0.5934205497441423,1.0,0.9183133002869759,0.2278,0.3164,0.2047,0.2047,0.7431875980476461,0.6381929282504698,1.0,0.933277852625859,0.3164,0.3164,0.391,0.2047,0.6091231818135239,0.6552139361315048,1.0,0.9550271876270418,0.3164,0.2278,0.391,0.391,0.5034,0.5034,0.6563644651525011,0.5782725817268592,1.0,0.8900539766050198,0.3164,0.2278,0.391,0.391,0.6890210837600579,0.6278196269947957,1.0,1.0,0.3164,0.3164,0.2047,0.391,0.4172,0.5034,0.7077675404922283,0.7460515975087186,1.0,0.8816642384210149,0.3164,0.3164,0.2047,0.391,0.6306322886538644,0.7080395066140579,1.0,1.0,0.2278,0.2278,0.391,0.391,0.6592703452722715,0.7751756166098752,1.0,1.0,0.2278,0.3164,0.2047,0.391,0.7066100965905711,0.7031999618115756,1.0,0.926404418014774,0.3164,0.3164,0.2047,0.2047
,109,1.0,0.819453528464062,0.7524674320643321,0.7070939291281679,0.6503683071529858,0.7946997261963439,0.9120686696024087,0.3682,1.0,0.7857904638618398,0.2700377642478078,0.7220565938355914,0.6775376934440801,0.7298123397923151,0.6313480856907829,0.9845592358780519,0.3372,0.8629784138512452,0.2039,1.0,0.7838687061782301,0.2799035515526566,0.6842158697507936,0.6914351410895638,0.7178111722312127,0.6387932617071919,0.6553809246177034,0.6825895346595166,1.0,0.4224,0.2462,0.792630711493883,0.2039,0.6784517315834593,0.28452880635364025,0.7699494455149569,0.6286425921217724,0.7423087243208101,0.7763597658672227,0.3682,0.2936597922092527,0.6940431729803206,0.714257229800576,1.0,0.24287871734484082,0.3372,0.3682,0.7279308810286913,0.2758247777434081,0.7992549446326113,0.6371867890851313,0.8143106620018683,1.0,0.8254802079867691,0.3682,1.0,0.6672922839195379,0.27437597291320687,0.6492128430497377,0.706283309794073,0.7370155869742353,0.6281349837523438,0.6715353650781896,0.8168782121220979,1.0,0.2462,0.7734075373636681,0.2039,1.0,0.6784292688086933,0.27764498283803374,0.7849114924636464,0.8481716592541348,0.6738846912397987,0.7366584598900663,0.7103216211998198,0.7098946552969646,0.9993818204249862,0.2462,0.7743829887474716,0.3682,1.0,0.6306277258289112,0.2616257684187064,0.8382610983040573,0.6635628883541519,0.699998100362135,0.712597396758068,0.8943557626130975,0.2462,0.7796061261065649,0.2039,1.0,0.7798807975038475,0.2510587132963112,0.7778337354349729,0.6885718612721918,0.6526511935350083,0.691091418992088,0.6412006840494804,1.0,0.2462,0.7646707415099349,0.3682,1.0,0.8206589679782588,0.7856036841971457,0.6727419940723133,0.6694088246310602,0.725372925745816,0.4722,0.889631132248521,0.3682,1.0,0.8023100410496729,0.6458957854816727,0.7046811693897579,0.7943895704279562,0.6775245914010442,0.9855486205700036,0.3372,0.880566195054545,0.2039,1.0,0.7745322537848132,0.2579181793282071,0.7173685114628301,0.7253849318690513,0.7251086116723353,0.7053952764200132,0.8116742284576836,0.2462,0.9414631643618054,0.3682,0.6541586334578289,0.8119199022010348,0.3682,1.0,0.7707391827739783,0.28363351641037177,0.7516241520976299,0.713546790943049,0.8218798761259575,0.3682,0.7095103121630132,0.28140187329260935,0.6624106152248197,0.6467422581744323,0.7185387516481836,0.7214530563065938,0.886024333583841,0.2462,0.8064131921419672,0.2039,0.3372,0.2039,0.7606297370808037,0.7096773396126009,0.3682,1.0,0.6312509329584501,0.2934454018660548,0.6417753148420571,0.7219769160213656,0.6874084202194615,0.6136447073614318,0.7557582658438425,0.8213237574561838,0.9365854239474188,0.3372,0.7690187911431601,0.3682,1.0,0.6608789686190941,0.252141811895302,0.7662928408829061,0.8205468608184074,0.6869385266058786,0.7801619747655415,0.6011951540969421,0.8186753193311034,0.9892951443610722,0.2462,0.9065888290324774,0.3682,0.7008272603613487,0.2905453941669638,0.8264490084042974,0.7170783979172106,0.8986268024343581,0.2039,1.0,0.7952310291227841,0.26125169379558316,0.8036744411116343,0.7380218834959545,0.7174620850211116,0.7645622243877758,0.73425433843716,0.7917827334430517,1.0,0.4722,0.7755171624439471,0.3682,0.2629554059748846,0.6473166761139917,0.2039,0.8789890040185946,0.3682,1.0,0.260848965351711,0.6935430146190957,0.6759040918999126,0.2462,0.7937480580884778,0.3682,0.6715608441000742,0.2577045294199323,0.7410820719283235,0.7002362374287272,0.300055135172567,0.15900837983989685,0.1624194732672077,0.2969519432484214,0.3015416672087316,0.1597367892827177,0.16060539892556458,0.29001231135594896,0.3015784767720441,0.1600816884507439,0.29303390560630327,0.29473673452562116,0.16641427086483696,0.15843170691678043,0.1633087329066545,0.16707943369097283,0.2973899755489313,0.2911651685406275,0.2961808646895106,0.15912628128728537,0.3029013293435645,0.1615075312452717,0.30302029511793477,0.15943306566357648,0.2937139594325189,0.2930357970689837,0.2880523967344225,0.6667391378323451,0.747432912934511,1.0,1.0,0.2462,0.2462,0.3682,0.3682,0.4224,0.4722,0.7167957640550929,0.7658128362612568,1.0,1.0,0.2462,0.3372,0.2039,0.3682,0.4722,0.4722,0.6067234995806572,0.7116571662185522,1.0,1.0,0.3372,0.3372,0.3682,0.3682,0.4722,0.4722,0.6394725220493322,0.7045352810528642,1.0,0.9215168295179252,0.3372,0.3372,0.2039,0.3682,0.734155148446053,0.7234268364887115,1.0,0.9603600146087451,0.3372,0.2462,0.2039,0.3682,0.6079358630591328,0.7260892427130394,1.0,1.0,0.3372,0.3372,0.2039,0.3682,0.6602224474903021,0.7115618980314486,1.0,1.0,0.2462,0.2039,0.2039,0.4224,0.4224,0.7745740555895014,0.5948841986415578,1.0,1.0,0.3372,0.2462,0.2039,0.3682,0.4722,0.4224,0.602743982432316,0.6347048824550917,1.0,0.8863383619695636,0.2462,0.3372,0.2039,0.3682,0.4224,0.4224,0.7857743336469056,0.6850012142479318,1.0,1.0,0.2462,0.2462,0.2039,0.2039,0.4224,0.4224,0.620888687061388,0.7651298558699859,1.0,0.9049704963914179,0.3372,0.3372,0.2039,0.3682,0.4224,0.4224,0.7034861264145006,0.6372037608113408,1.0,1.0,0.3682,0.4722,0.4224,0.6218006818464141,0.7233332252938095,1.0,1.0,0.2462,0.3372,0.3682,0.2039,0.4224,0.4224,0.612626049933817,0.6285942130696389,1.0,1.0,0.2462,0.3372,0.2039,0.3682,0.7571462237187089,0.6520255326281177,1.0,0.987808910762875,0.2462,0.2462,0.2039,0.3682,0.6142983479002704,0.6270938861561165,1.0,0.8688415851034401,0.3372,0.2462,0.3682,0.3682,0.7355099954835591,0.7369540381087989,1.0,0.9574317929707638,0.3372,0.2462,0.3682,0.3682,0.6946495635899389,0.7020822979613849,1.0,0.9045678944757005,0.3372,0.2462,0.2039,0.2039,0.679481700906214,0.5934205497441423,1.0,0.9183133002869759,0.2462,0.3372,0.2039,0.2039,0.7431875980476461,0.6381929282504698,1.0,0.933277852625859,0.3372,0.3372,0.3682,0.2039,0.6091231818135239,0.6552139361315048,1.0,0.9550271876270418,0.3372,0.2462,0.3682,0.3682,0.4722,0.4722,0.6563644651525011,0.5782725817268592,1.0,0.8900539766050198,0.3372,0.2462,0.3682,0.3682,0.6890210837600579,0.6278196269947957,1.0,1.0,0.3372,0.3372,0.2039,0.3682,0.4224,0.4722,0.7077675404922283,0.7460515975087186,1.0,0.8816642384210149,0.3372,0.3372,0.2039,0.3682,0.6306322886538644,0.7080395066140579,1.0,1.0,0.2462,0.2462,0.3682,0.3682,0.6592703452722715,0.7751756166098752,1.0,1.0,0.2462,0.3372,0.2039,0.3682,0.7066100965905711,0.7031999618115756,1.0,0.926404418014774,0.3372,0.3372,0.2039,0.2039
,110,1.0,0.819453528464062,0.7524674320643321,0.7070939291281679,0.6503683071529858,0.7946997261963439,0.9120686696024087,0.3408,1.0,0.7857904638618398,0.2700377642478078,0.7220565938355914,0.6775376934440801,0.7298123397923151,0.6313480856907829,0.9845592358780519,0.355,0.8629784138512452,0.1757,1.0,0.7838687061782301,0.2799035515526566,0.6842158697507936,0.6914351410895638,0.7178111722312127,0.6387932617071919,0.6553809246177034,0.6825895346595166,1.0,0.4421,0.255,0.792630711493883,0.1757,0.6784517315834593,0.28452880635364025,0.7699494455149569,0.6286425921217724,0.7423087243208101,0.7763597658672227,0.3408,0.2936597922092527,0.6940431729803206,0.714257229800576,1.0,0.24287871734484082,0.355,0.3408,0.7279308810286913,0.2758247777434081,0.7992549446326113,0.6371867890851313,0.8143106620018683,1.0,0.8254802079867691,0.3408,1.0,0.6672922839195379,0.27437597291320687,0.6492128430497377,0.706283309794073,0.7370155869742353,0.6281349837523438,0.6715353650781896,0.8168782121220979,1.0,0.255,0.7734075373636681,0.1757,1.0,0.6784292688086933,0.27764498283803374,0.7849114924636464,0.8481716592541348,0.6738846912397987,0.7366584598900663,0.7103216211998198,0.7098946552969646,0.9993818204249862,0.255,0.7743829887474716,0.3408,1.0,0.6306277258289112,0.2616257684187064,0.8382610983040573,0.6635628883541519,0.699998100362135,0.712597396758068,0.8943557626130975,0.255,0.7796061261065649,0.1757,1.0,0.7798807975038475,0.2510587132963112,0.7778337354349729,0.6885718612721918,0.6526511935350083,0.691091418992088,0.6412006840494804,1.0,0.255,0.7646707415099349,0.3408,1.0,0.8206589679782588,0.7856036841971457,0.6727419940723133,0.6694088246310602,0.725372925745816,0.4578,0.889631132248521,0.3408,1.0,0.8023100410496729,0.6458957854816727,0.7046811693897579,0.7943895704279562,0.6775245914010442,0.9855486205700036,0.355,0.880566195054545,0.1757,1.0,0.7745322537848132,0.2579181793282071,0.7173685114628301,0.7253849318690513,0.7251086116723353,0.7053952764200132,0.8116742284576836,0.255,0.9414631643618054,0.3408,0.6541586334578289,0.8119199022010348,0.3408,1.0,0.7707391827739783,0.28363351641037177,0.7516241520976299,0.713546790943049,0.8218798761259575,0.3408,0.7095103121630132,0.28140187329260935,0.6624106152248197,0.6467422581744323,0.7185387516481836,0.7214530563065938,0.886024333583841,0.255,0.8064131921419672,0.1757,0.355,0.1757,0.7606297370808037,0.7096773396126009,0.3408,1.0,0.6312509329584501,0.2934454018660548,0.6417753148420571,0.7219769160213656,0.6874084202194615,0.6136447073614318,0.7557582658438425,0.8213237574561838,0.9365854239474188,0.355,0.7690187911431601,0.3408,1.0,0.6608789686190941,0.252141811895302,0.7662928408829061,0.8205468608184074,0.6869385266058786,0.7801619747655415,0.6011951540969421,0.8186753193311034,0.9892951443610722,0.255,0.9065888290324774,0.3408,0.7008272603613487,0.2905453941669638,0.8264490084042974,0.7170783979172106,0.8986268024343581,0.1757,1.0,0.7952310291227841,0.26125169379558316,0.8036744411116343,0.7380218834959545,0.7174620850211116,0.7645622243877758,0.73425433843716,0.7917827334430517,1.0,0.4578,0.7755171624439471,0.3408,0.2629554059748846,0.6473166761139917,0.1757,0.8789890040185946,0.3408,1.0,0.260848965351711,0.6935430146190957,0.6759040918999126,0.255,0.7937480580884778,0.3408,0.6715608441000742,0.2577045294199323,0.7410820719283235,0.7002362374287272,0.2777262087637447,0.13701702961191697,0.13995635827880526,0.27485394421255294,0.279102118915632,0.13764469777819272,0.13839317602364734,0.2684307325097974,0.27913618925560185,0.13794189632562873,0.2712274715660732,0.2728035826353386,0.143398663025757,0.13652011233584266,0.14072263056252668,0.14397183177785153,0.27525937986712595,0.26949779858404627,0.2741402462959946,0.13711862492484567,0.28036060032668864,0.13917054065617573,0.2804707131346881,0.13738298007400876,0.2718569184535644,0.2712292222735188,0.2666166670480477,0.6667391378323451,0.747432912934511,1.0,1.0,0.255,0.255,0.3408,0.3408,0.4421,0.4578,0.7167957640550929,0.7658128362612568,1.0,1.0,0.255,0.355,0.1757,0.3408,0.4578,0.4578,0.6067234995806572,0.7116571662185522,1.0,1.0,0.355,0.355,0.3408,0.3408,0.4578,0.4578,0.6394725220493322,0.7045352810528642,1.0,0.9215168295179252,0.355,0.355,0.1757,0.3408,0.734155148446053,0.7234268364887115,1.0,0.9603600146087451,0.355,0.255,0.1757,0.3408,0.6079358630591328,0.7260892427130394,1.0,1.0,0.355,0.355,0.1757,0.3408,0.6602224474903021,0.7115618980314486,1.0,1.0,0.255,0.1757,0.1757,0.4421,0.4421,0.7745740555895014,0.5948841986415578,1.0,1.0,0.355,0.255,0.1757,0.3408,0.4578,0.4421,0.602743982432316,0.6347048824550917,1.0,0.8863383619695636,0.255,0.355,0.1757,0.3408,0.4421,0.4421,0.7857743336469056,0.6850012142479318,1.0,1.0,0.255,0.255,0.1757,0.1757,0.4421,0.4421,0.620888687061388,0.7651298558699859,1.0,0.9049704963914179,0.355,0.355,0.1757,0.3408,0.4421,0.4421,0.7034861264145006,0.6372037608113408,1.0,1.0,0.3408,0.4578,0.4421,0.6218006818464141,0.7233332252938095,1.0,1.0,0.255,0.355,0.3408,0.1757,0.4421,0.4421,0.612626049933817,0.6285942130696389,1.0,1.0,0.255,0.355,0.1757,0.3408,0.7571462237187089,0.6520255326281177,1.0,0.987808910762875,0.255,0.255,0.1757,0.3408,0.6142983479002704,0.6270938861561165,1.0,0.8688415851034401,0.355,0.255,0.3408,0.3408,0.7355099954835591,0.7369540381087989,1.0,0.9574317929707638,0.355,0.255,0.3408,0.3408,0.6946495635899389,0.7020822979613849,1.0,0.9045678944757005,0.355,0.255,0.1757,0.1757,0.679481700906214,0.5934205497441423,1.0,0.9183133002869759,0.255,0.355,0.1757,0.1757,0.7431875980476461,0.6381929282504698,1.0,0.933277852625859,0.355,0.355,0.3408,0.1757,0.6091231818135239,0.6552139361315048,1.0,0.9550271876270418,0.355,0.255,0.3408,0.3408,0.4578,0.4578,0.6563644651525011,0.5782725817268592,1.0,0.8900539766050198,0.355,0.255,0.3408,0.3408,0.6890210837600579,0.6278196269947957,1.0,1.0,0.355,0.355,0.1757,0.3408,0.4421,0.4578,0.7077675404922283,0.7460515975087186,1.0,0.8816642384210149,0.355,0.355,0.1757,0.3408,0.6306322886538644,0.7080395066140579,1.0,1.0,0.255,0.255,0.3408,0.3408,0.6592703452722715,0.7751756166098752,1.0,1.0,0.255,0.355,0.1757,0.3408,0.7066100965905711,0.7031999618115756,1.0,0.926404418014774,0.355,0.355,0.1757,0.1757
,111,1.0,0.819453528464062,0.7524674320643321,0.7070939291281679,0.6503683071529858,0.7946997261963439,0.9120686696024087,0.2942,1.0,0.7857904638618398,0.2700377642478078,0.7220565938355914,0.6775376934440801,0.7298123397923151,0.6313480856907829,0.9845592358780519,0.3582,0.8629784138512452,0.1478,1.0,0.7838687061782301,0.2799035515526566,0.6842158697507936,0.6914351410895638,0.7178111722312127,0.6387932617071919,0.6553809246177034,0.6825895346595166,1.0,0.4634,0.2603,0.792630711493883,0.1478,0.6784517315834593,0.28452880635364025,0.7699494455149569,0.6286425921217724,0.7423087243208101,0.7763597658672227,0.2942,0.2936597922092527,0.6940431729803206,0.714257229800576,1.0,0.24287871734484082,0.3582,0.2942,0.7279308810286913,0.2758247777434081,0.7992549446326113,0.6371867890851313,0.8143106620018683,1.0,0.8254802079867691,0.2942,1.0,0.6672922839195379,0.27437597291320687,0.6492128430497377,0.706283309794073,0.7370155869742353,0.6281349837523438,0.6715353650781896,0.8168782121220979,1.0,0.2603,0.7734075373636681,0.1478,1.0,0.6784292688086933,0.27764498283803374,0.7849114924636464,0.8481716592541348,0.6738846912397987,0.7366584598900663,0.7103216211998198,0.7098946552969646,0.9993818204249862,0.2603,0.7743829887474716,0.2942,1.0,0.6306277258289112,0.2616257684187064,0.8382610983040573,0.6635628883541519,0.699998100362135,0.712597396758068,0.8943557626130975,0.2603,0.7796061261065649,0.1478,1.0,0.7798807975038475,0.2510587132963112,0.7778337354349729,0.6885718612721918,0.6526511935350083,0.691091418992088,0.6412006840494804,1.0,0.2603,0.7646707415099349,0.2942,1.0,0.8206589679782588,0.7856036841971457,0.6727419940723133,0.6694088246310602,0.725372925745816,0.4558,0.889631132248521,0.2942,1.0,0.8023100410496729,0.6458957854816727,0.7046811693897579,0.7943895704279562,0.6775245914010442,0.9855486205700036,0.3582,0.880566195054545,0.1478,1.0,0.7745322537848132,0.2579181793282071,0.7173685114628301,0.7253849318690513,0.7251086116723353,0.7053952764200132,0.8116742284576836,0.2603,0.9414631643618054,0.2942,0.6541586334578289,0.8119199022010348,0.2942,1.0,0.7707391827739783,0.28363351641037177,0.7516241520976299,0.713546790943049,0.8218798761259575,0.2942,0.7095103121630132,0.28140187329260935,0.6624106152248197,0.6467422581744323,0.7185387516481836,0.7214530563065938,0.886024333583841,0.2603,0.8064131921419672,0.1478,0.3582,0.1478,0.7606297370808037,0.7096773396126009,0.2942,1.0,0.6312509329584501,0.2934454018660548,0.6417753148420571,0.7219769160213656,0.6874084202194615,0.6136447073614318,0.7557582658438425,0.8213237574561838,0.9365854239474188,0.3582,0.7690187911431601,0.2942,1.0,0.6608789686190941,0.252141811895302,0.7662928408829061,0.8205468608184074,0.6869385266058786,0.7801619747655415,0.6011951540969421,0.8186753193311034,0.9892951443610722,0.2603,0.9065888290324774,0.2942,0.7008272603613487,0.2905453941669638,0.8264490084042974,0.7170783979172106,0.8986268024343581,0.1478,1.0,0.7952310291227841,0.26125169379558316,0.8036744411116343,0.7380218834959545,0.7174620850211116,0.7645622243877758,0.73425433843716,0.7917827334430517,1.0,0.4558,0.7755171624439471,0.2942,0.2629554059748846,0.6473166761139917,0.1478,0.8789890040185946,0.2942,1.0,0.260848965351711,0.6935430146190957,0.6759040918999126,0.2603,0.7937480580884778,0.2942,0.6715608441000742,0.2577045294199323,0.7410820719283235,0.7002362374287272,0.2397507353823172,0.11525962991827735,0.11773221259879008,0.23727121592527314,0.24093850758503213,0.11578762852371591,0.11641725336536754,0.23172629549407978,0.24096791924588634,0.11603763390397226,0.23414061659254323,0.23550121482193845,0.12062790207858215,0.11484161982491489,0.1183768059029109,0.12111005541699747,0.23762121348858115,0.2326474540593498,0.2366551069843944,0.11534509256626177,0.2420249079111262,0.11707117762653828,0.24211996421427595,0.11556746986305348,0.23468399474483173,0.2341421279133487,0.23016028006319145,0.6667391378323451,0.747432912934511,1.0,1.0,0.2603,0.2603,0.2942,0.2942,0.4634,0.4558,0.7167957640550929,0.7658128362612568,1.0,1.0,0.2603,0.3582,0.1478,0.2942,0.4558,0.4558,0.6067234995806572,0.7116571662185522,1.0,1.0,0.3582,0.3582,0.2942,0.2942,0.4558,0.4558,0.6394725220493322,0.7045352810528642,1.0,0.9215168295179252,0.3582,0.3582,0.1478,0.2942,0.734155148446053,0.7234268364887115,1.0,0.9603600146087451,0.3582,0.2603,0.1478,0.2942,0.6079358630591328,0.7260892427130394,1.0,1.0,0.3582,0.3582,0.1478,0.2942,0.6602224474903021,0.7115618980314486,1.0,1.0,0.2603,0.1478,0.1478,0.4634,0.4634,0.7745740555895014,0.5948841986415578,1.0,1.0,0.3582,0.2603,0.1478,0.2942,0.4558,0.4634,0.602743982432316,0.6347048824550917,1.0,0.8863383619695636,0.2603,0.3582,0.1478,0.2942,0.4634,0.4634,0.7857743336469056,0.6850012142479318,1.0,1.0,0.2603,0.2603,0.1478,0.1478,0.4634,0.4634,0.620888687061388,0.7651298558699859,1.0,0.9049704963914179,0.3582,0.3582,0.1478,0.2942,0.4634,0.4634,0.7034861264145006,0.6372037608113408,1.0,1.0,0.2942,0.4558,0.4634,0.6218006818464141,0.7233332252938095,1.0,1.0,0.2603,0.3582,0.2942,0.1478,0.4634,0.4634,0.612626049933817,0.6285942130696389,1.0,1.0,0.2603,0.3582,0.1478,0.2942,0.7571462237187089,0.6520255326281177,1.0,0.987808910762875,0.2603,0.2603,0.1478,0.2942,0.6142983479002704,0.6270938861561165,1.0,0.8688415851034401,0.3582,0.2603,0.2942,0.2942,0.7355099954835591,0.7369540381087989,1.0,0.9574317929707638,0.3582,0.2603,0.2942,0.2942,0.6946495635899389,0.7020822979613849,1.0,0.9045678944757005,0.3582,0.2603,0.1478,0.1478,0.679481700906214,0.5934205497441423,1.0,0.9183133002869759,0.2603,0.3582,0.1478,0.1478,0.7431875980476461,0.6381929282504698,1.0,0.933277852625859,0.3582,0.3582,0.2942,0.1478,0.6091231818135239,0.6552139361315048,1.0,0.9550271876270418,0.3582,0.2603,0.2942,0.2942,0.4558,0.4558,0.6563644651525011,0.5782725817268592,1.0,0.8900539766050198,0.3582,0.2603,0.2942,0.2942,0.6890210837600579,0.6278196269947957,1.0,1.0,0.3582,0.3582,0.1478,0.2942,0.4634,0.4558,0.7077675404922283,0.7460515975087186,1.0,0.8816642384210149,0.3582,0.3582,0.1478,0.2942,0.6306322886538644,0.7080395066140579,1.0,1.0,0.2603,0.2603,0.2942,0.2942,0.6592703452722715,0.7751756166098752,1.0,1.0,0.2603,0.3582,0.1478,0.2942,0.7066100965905711,0.7031999618115756,1.0,0.926404418014774,0.3582,0.3582,0.1478,0.1478
,112,1.0,0.819453528464062,0.7524674320643321,0.7070939291281679,0.6503683071529858,0.7946997261963439,0.9120686696024087,0.215,1.0,0.7857904638618398,0.2700377642478078,0.7220565938355914,0.6775376934440801,0.7298123397923151,0.6313480856907829,0.9845592358780519,0.3506,0.8629784138512452,0.1197,1.0,0.7838687061782301,0.2799035515526566,0.6842158697507936,0.6914351410895638,0.7178111722312127,0.6387932617071919,0.6553809246177034,0.6825895346595166,1.0,0.4946,0.2551,0.792630711493883,0.1197,0.6784517315834593,0.28452880635364025,0.7699494455149569,0.6286425921217724,0.7423087243208101,0.7763597658672227,0.215,0.2936597922092527,0.6940431729803206,0.714257229800576,1.0,0.24287871734484082,0.3506,0.215,0.7279308810286913,0.2758247777434081,0.7992549446326113,0.6371867890851313,0.8143106620018683,1.0,0.8254802079867691,0.215,1.0,0.6672922839195379,0.27437597291320687,0.6492128430497377,0.706283309794073,0.7370155869742353,0.6281349837523438,0.6715353650781896,0.8168782121220979,1.0,0.2551,0.7734075373636681,0.1197,1.0,0.6784292688086933,0.27764498283803374,0.7849114924636464,0.8481716592541348,0.6738846912397987,0.7366584598900663,0.7103216211998198,0.7098946552969646,0.9993818204249862,0.2551,0.7743829887474716,0.215,1.0,0.6306277258289112,0.2616257684187064,0.8382610983040573,0.6635628883541519,0.699998100362135,0.712597396758068,0.8943557626130975,0.2551,0.7796061261065649,0.1197,1.0,0.7798807975038475,0.2510587132963112,0.7778337354349729,0.6885718612721918,0.6526511935350083,0.691091418992088,0.6412006840494804,1.0,0.2551,0.7646707415099349,0.215,1.0,0.8206589679782588,0.7856036841971457,0.6727419940723133,0.6694088246310602,0.725372925745816,0.4622,0.889631132248521,0.215,1.0,0.8023100410496729,0.6458957854816727,0.7046811693897579,0.7943895704279562,0.6775245914010442,0.9855486205700036,0.3506,0.880566195054545,0.1197,1.0,0.7745322537848132,0.2579181793282071,0.7173685114628301,0.7253849318690513,0.7251086116723353,0.7053952764200132,0.8116742284576836,0.2551,0.9414631643618054,0.215,0.6541586334578289,0.8119199022010348,0.215,1.0,0.7707391827739783,0.28363351641037177,0.7516241520976299,0.713546790943049,0.8218798761259575,0.215,0.7095103121630132,0.28140187329260935,0.6624106152248197,0.6467422581744323,0.7185387516481836,0.7214530563065938,0.886024333583841,0.2551,0.8064131921419672,0.1197,0.3506,0.1197,0.7606297370808037,0.7096773396126009,0.215,1.0,0.6312509329584501,0.2934454018660548,0.6417753148420571,0.7219769160213656,0.6874084202194615,0.6136447073614318,0.7557582658438425,0.8213237574561838,0.9365854239474188,0.3506,0.7690187911431601,0.215,1.0,0.6608789686190941,0.252141811895302,0.7662928408829061,0.8205468608184074,0.6869385266058786,0.7801619747655415,0.6011951540969421,0.8186753193311034,0.9892951443610722,0.2551,0.9065888290324774,0.215,0.7008272603613487,0.2905453941669638,0.8264490084042974,0.7170783979172106,0.8986268024343581,0.1197,1.0,0.7952310291227841,0.26125169379558316,0.8036744411116343,0.7380218834959545,0.7174620850211116,0.7645622243877758,0.73425433843716,0.7917827334430517,1.0,0.4622,0.7755171624439471,0.215,0.2629554059748846,0.6473166761139917,0.1197,0.8789890040185946,0.215,1.0,0.260848965351711,0.6935430146190957,0.6759040918999126,0.2551,0.7937480580884778,0.215,0.6715608441000742,0.2577045294199323,0.7410820719283235,0.7002362374287272,0.1752087291203202,0.09334626320174426,0.09534875404651674,0.17339670776320099,0.176076747555343,0.09377387776920701,0.09428379721132948,0.16934450554461983,0.17609824146113381,0.09397635168001002,0.17110888024268117,0.17210319913907807,0.09769390987013725,0.09300772593398048,0.09587079612028712,0.09808439535463193,0.17365248436453076,0.17001768396587427,0.17294645819729706,0.09341547753844069,0.17687068389154362,0.09481339622392851,0.17694015059846815,0.09359557606635659,0.17150597848449634,0.1711099847089394,0.168200068706955,0.6667391378323451,0.747432912934511,1.0,1.0,0.2551,0.2551,0.215,0.215,0.4946,0.4622,0.7167957640550929,0.7658128362612568,1.0,1.0,0.2551,0.3506,0.1197,0.215,0.4622,0.4622,0.6067234995806572,0.7116571662185522,1.0,1.0,0.3506,0.3506,0.215,0.215,0.4622,0.4622,0.6394725220493322,0.7045352810528642,1.0,0.9215168295179252,0.3506,0.3506,0.1197,0.215,0.734155148446053,0.7234268364887115,1.0,0.9603600146087451,0.3506,0.2551,0.1197,0.215,0.6079358630591328,0.7260892427130394,1.0,1.0,0.3506,0.3506,0.1197,0.215,0.6602224474903021,0.7115618980314486,1.0,1.0,0.2551,0.1197,0.1197,0.4946,0.4946,0.7745740555895014,0.5948841986415578,1.0,1.0,0.3506,0.2551,0.1197,0.215,0.4622,0.4946,0.602743982432316,0.6347048824550917,1.0,0.8863383619695636,0.2551,0.3506,0.1197,0.215,0.4946,0.4946,0.7857743336469056,0.6850012142479318,1.0,1.0,0.2551,0.2551,0.1197,0.1197,0.4946,0.4946,0.620888687061388,0.7651298558699859,1.0,0.9049704963914179,0.3506,0.3506,0.1197,0.215,0.4946,0.4946,0.7034861264145006,0.6372037608113408,1.0,1.0,0.215,0.4622,0.4946,0.6218006818464141,0.7233332252938095,1.0,1.0,0.2551,0.3506,0.215,0.1197,0.4946,0.4946,0.612626049933817,0.6285942130696389,1.0,1.0,0.2551,0.3506,0.1197,0.215,0.7571462237187089,0.6520255326281177,1.0,0.987808910762875,0.2551,0.2551,0.1197,0.215,0.6142983479002704,0.6270938861561165,1.0,0.8688415851034401,0.3506,0.2551,0.215,0.215,0.7355099954835591,0.7369540381087989,1.0,0.9574317929707638,0.3506,0.2551,0.215,0.215,0.6946495635899389,0.7020822979613849,1.0,0.9045678944757005,0.3506,0.2551,0.1197,0.1197,0.679481700906214,0.5934205497441423,1.0,0.9183133002869759,0.2551,0.3506,0.1197,0.1197,0.7431875980476461,0.6381929282504698,1.0,0.933277852625859,0.3506,0.3506,0.215,0.1197,0.6091231818135239,0.6552139361315048,1.0,0.9550271876270418,0.3506,0.2551,0.215,0.215,0.4622,0.4622,0.6563644651525011,0.5782725817268592,1.0,0.8900539766050198,0.3506,0.2551,0.215,0.215,0.6890210837600579,0.6278196269947957,1.0,1.0,0.3506,0.3506,0.1197,0.215,0.4946,0.4622,0.7077675404922283,0.7460515975087186,1.0,0.8816642384210149,0.3506,0.3506,0.1197,0.215,0.6306322886538644,0.7080395066140579,1.0,1.0,0.2551,0.2551,0.215,0.215,0.6592703452722715,0.7751756166098752,1.0,1.0,0.2551,0.3506,0.1197,0.215,0.7066100965905711,0.7031999618115756,1.0,0.926404418014774,0.3506,0.3506,0.1197,0.1197
,113,1.0,0.819453528464062,0.7524674320643321,0.7070939291281679,0.6503683071529858,0.7946997261963439,0.9120686696024087,0.0674,1.0,0.7857904638618398,0.2700377642478078,0.7220565938355914,0.6775376934440801,0.7298123397923151,0.6313480856907829,0.9845592358780519,0.4268,0.8629784138512452,0.03604,1.0,0.7838687061782301,0.2799035515526566,0.6842158697507936,0.6914351410895638,0.7178111722312127,0.6387932617071919,0.6553809246177034,0.6825895346595166,1.0,0.5273,0.2512,0.792630711493883,0.03604,0.6784517315834593,0.28452880635364025,0.7699494455149569,0.6286425921217724,0.7423087243208101,0.7763597658672227,0.0674,0.2936597922092527,0.6940431729803206,0.714257229800576,1.0,0.24287871734484082,0.4268,0.0674,0.7279308810286913,0.2758247777434081,0.7992549446326113,0.6371867890851313,0.8143106620018683,1.0,0.8254802079867691,0.0674,1.0,0.6672922839195379,0.27437597291320687,0.6492128430497377,0.706283309794073,0.7370155869742353,0.6281349837523438,0.6715353650781896,0.8168782121220979,1.0,0.2512,0.7734075373636681,0.03604,1.0,0.6784292688086933,0.27764498283803374,0.7849114924636464,0.8481716592541348,0.6738846912397987,0.7366584598900663,0.7103216211998198,0.7098946552969646,0.9993818204249862,0.2512,0.7743829887474716,0.0674,1.0,0.6306277258289112,0.2616257684187064,0.8382610983040573,0.6635628883541519,0.699998100362135,0.712597396758068,0.8943557626130975,0.2512,0.7796061261065649,0.03604,1.0,0.7798807975038475,0.2510587132963112,0.7778337354349729,0.6885718612721918,0.6526511935350083,0.691091418992088,0.6412006840494804,1.0,0.2512,0.7646707415099349,0.0674,1.0,0.8206589679782588,0.7856036841971457,0.6727419940723133,0.6694088246310602,0.725372925745816,0.489,0.889631132248521,0.0674,1.0,0.8023100410496729,0.6458957854816727,0.7046811693897579,0.7943895704279562,0.6775245914010442,0.9855486205700036,0.4268,0.880566195054545,0.03604,1.0,0.7745322537848132,0.2579181793282071,0.7173685114628301,0.7253849318690513,0.7251086116723353,0.7053952764200132,0.8116742284576836,0.2512,0.9414631643618054,0.0674,0.6541586334578289,0.8119199022010348,0.0674,1.0,0.7707391827739783,0.28363351641037177,0.7516241520976299,0.713546790943049,0.8218798761259575,0.0674,0.7095103121630132,0.28140187329260935,0.6624106152248197,0.6467422581744323,0.7185387516481836,0.7214530563065938,0.886024333583841,0.2512,0.8064131921419672,0.03604,0.4268,0.03604,0.7606297370808037,0.7096773396126009,0.0674,1.0,0.6312509329584501,0.2934454018660548,0.6417753148420571,0.7219769160213656,0.6874084202194615,0.6136447073614318,0.7557582658438425,0.8213237574561838,0.9365854239474188,0.4268,0.7690187911431601,0.0674,1.0,0.6608789686190941,0.252141811895302,0.7662928408829061,0.8205468608184074,0.6869385266058786,0.7801619747655415,0.6011951540969421,0.8186753193311034,0.9892951443610722,0.2512,0.9065888290324774,0.0674,0.7008272603613487,0.2905453941669638,0.8264490084042974,0.7170783979172106,0.8986268024343581,0.03604,1.0,0.7952310291227841,0.26125169379558316,0.8036744411116343,0.7380218834959545,0.7174620850211116,0.7645622243877758,0.73425433843716,0.7917827334430517,1.0,0.489,0.7755171624439471,0.0674,0.2629554059748846,0.6473166761139917,0.03604,0.8789890040185946,0.0674,1.0,0.260848965351711,0.6935430146190957,0.6759040918999126,0.2512,0.7937480580884778,0.0674,0.6715608441000742,0.2577045294199323,0.7410820719283235,0.7002362374287272,0.05492589926841666,0.028105257525404034,0.028708179580922834,0.05435785164297556,0.05519801295455869,0.028234006305782964,0.028387535935641726,0.05308753336608082,0.05520475104409497,0.028294968375501765,0.053640644317938184,0.05395235173011098,0.02941427328086672,0.02800332867719847,0.028865359166041337,0.029531843012372053,0.05443803463334592,0.053298566973488025,0.05421670363952475,0.028126096996536364,0.05544690276413972,0.028546990809610553,0.055468679769008156,0.028180322150639026,0.053765129999325825,0.05364099055526751,0.05272876572487798,0.6667391378323451,0.747432912934511,1.0,1.0,0.2512,0.2512,0.0674,0.0674,0.5273,0.489,0.7167957640550929,0.7658128362612568,1.0,1.0,0.2512,0.4268,0.03604,0.0674,0.489,0.489,0.6067234995806572,0.7116571662185522,1.0,1.0,0.4268,0.4268,0.0674,0.0674,0.489,0.489,0.6394725220493322,0.7045352810528642,1.0,0.9215168295179252,0.4268,0.4268,0.03604,0.0674,0.734155148446053,0.7234268364887115,1.0,0.9603600146087451,0.4268,0.2512,0.03604,0.0674,0.6079358630591328,0.7260892427130394,1.0,1.0,0.4268,0.4268,0.03604,0.0674,0.6602224474903021,0.7115618980314486,1.0,1.0,0.2512,0.03604,0.03604,0.5273,0.5273,0.7745740555895014,0.5948841986415578,1.0,1.0,0.4268,0.2512,0.03604,0.0674,0.489,0.5273,0.602743982432316,0.6347048824550917,1.0,0.8863383619695636,0.2512,0.4268,0.03604,0.0674,0.5273,0.5273,0.7857743336469056,0.6850012142479318,1.0,1.0,0.2512,0.2512,0.03604,0.03604,0.5273,0.5273,0.620888687061388,0.7651298558699859,1.0,0.9049704963914179,0.4268,0.4268,0.03604,0.0674,0.5273,0.5273,0.7034861264145006,0.6372037608113408,1.0,1.0,0.0674,0.489,0.5273,0.6218006818464141,0.7233332252938095,1.0,1.0,0.2512,0.4268,0.0674,0.03604,0.5273,0.5273,0.612626049933817,0.6285942130696389,1.0,1.0,0.2512,0.4268,0.03604,0.0674,0.7571462237187089,0.6520255326281177,1.0,0.987808910762875,0.2512,0.2512,0.03604,0.0674,0.6142983479002704,0.6270938861561165,1.0,0.8688415851034401,0.4268,0.2512,0.0674,0.0674,0.7355099954835591,0.7369540381087989,1.0,0.9574317929707638,0.4268,0.2512,0.0674,0.0674,0.6946495635899389,0.7020822979613849,1.0,0.9045678944757005,0.4268,0.2512,0.03604,0.03604,0.679481700906214,0.5934205497441423,1.0,0.9183133002869759,0.2512,0.4268,0.03604,0.03604,0.7431875980476461,0.6381929282504698,1.0,0.933277852625859,0.4268,0.4268,0.0674,0.03604,0.6091231818135239,0.6552139361315048,1.0,0.9550271876270418,0.4268,0.2512,0.0674,0.0674,0.489,0.489,0.6563644651525011,0.5782725817268592,1.0,0.8900539766050198,0.4268,0.2512,0.0674,0.0674,0.6890210837600579,0.6278196269947957,1.0,1.0,0.4268,0.4268,0.03604,0.0674,0.5273,0.489,0.7077675404922283,0.7460515975087186,1.0,0.8816642384210149,0.4268,0.4268,0.03604,0.0674,0.6306322886538644,0.7080395066140579,1.0,1.0,0.2512,0.2512,0.0674,0.0674,0.6592703452722715,0.7751756166098752,1.0,1.0,0.2512,0.4268,0.03604,0.0674,0.7066100965905711,0.7031999618115756,1.0,0.926404418014774,0.4268,0.4268,0.03604,0.03604
,114,1.0,0.819453528464062,0.7524674320643321,0.7070939291281679,0.6503683071529858,0.7946997261963439,0.9120686696024087,7.546e-05,1.0,0.7857904638618398,0.2700377642478078,0.7220565938355914,0.6775376934440801,0.7298123397923151,0.6313480856907829,0.9845592358780519,0.5044,0.8629784138512452,0.0,1.0,0.7838687061782301,0.2799035515526566,0.6842158697507936,0.6914351410895638,0.7178111722312127,0.6387932617071919,0.6553809246177034,0.6825895346595166,1.0,0.556,0.304,0.792630711493883,0.0,0.6784517315834593,0.28452880635364025,0.7699494455149569,0.6286425921217724,0.7423087243208101,0.7763597658672227,7.546e-05,0.2936597922092527,0.6940431729803206,0.714257229800576,1.0,0.24287871734484082,0.5044,7.546e-05,0.7279308810286913,0.2758247777434081,0.7992549446326113,0.6371867890851313,0.8143106620018683,1.0,0.8254802079867691,7.546e-05,1.0,0.6672922839195379,0.27437597291320687,0.6492128430497377,0.706283309794073,0.7370155869742353,0.6281349837523438,0.6715353650781896,0.8168782121220979,1.0,0.304,0.7734075373636681,0.0,1.0,0.6784292688086933,0.27764498283803374,0.7849114924636464,0.8481716592541348,0.6738846912397987,0.7366584598900663,0.7103216211998198,0.7098946552969646,0.9993818204249862,0.304,0.7743829887474716,7.546e-05,1.0,0.6306277258289112,0.2616257684187064,0.8382610983040573,0.6635628883541519,0.699998100362135,0.712597396758068,0.8943557626130975,0.304,0.7796061261065649,0.0,1.0,0.7798807975038475,0.2510587132963112,0.7778337354349729,0.6885718612721918,0.6526511935350083,0.691091418992088,0.6412006840494804,1.0,0.304,0.7646707415099349,7.546e-05,1.0,0.8206589679782588,0.7856036841971457,0.6727419940723133,0.6694088246310602,0.725372925745816,0.5005,0.889631132248521,7.546e-05,1.0,0.8023100410496729,0.6458957854816727,0.7046811693897579,0.7943895704279562,0.6775245914010442,0.9855486205700036,0.5044,0.880566195054545,0.0,1.0,0.7745322537848132,0.2579181793282071,0.7173685114628301,0.7253849318690513,0.7251086116723353,0.7053952764200132,0.8116742284576836,0.304,0.9414631643618054,7.546e-05,0.6541586334578289,0.8119199022010348,7.546e-05,1.0,0.7707391827739783,0.28363351641037177,0.7516241520976299,0.713546790943049,0.8218798761259575,7.546e-05,0.7095103121630132,0.28140187329260935,0.6624106152248197,0.6467422581744323,0.7185387516481836,0.7214530563065938,0.886024333583841,0.304,0.8064131921419672,0.0,0.5044,0.0,0.7606297370808037,0.7096773396126009,7.546e-05,1.0,0.6312509329584501,0.2934454018660548,0.6417753148420571,0.7219769160213656,0.6874084202194615,0.6136447073614318,0.7557582658438425,0.8213237574561838,0.9365854239474188,0.5044,0.7690187911431601,7.546e-05,1.0,0.6608789686190941,0.252141811895302,0.7662928408829061,0.8205468608184074,0.6869385266058786,0.7801619747655415,0.6011951540969421,0.8186753193311034,0.9892951443610722,0.304,0.9065888290324774,7.546e-05,0.7008272603613487,0.2905453941669638,0.8264490084042974,0.7170783979172106,0.8986268024343581,0.0,1.0,0.7952310291227841,0.26125169379558316,0.8036744411116343,0.7380218834959545,0.7174620850211116,0.7645622243877758,0.73425433843716,0.7917827334430517,1.0,0.5005,0.7755171624439471,7.546e-05,0.2629554059748846,0.6473166761139917,0.0,0.8789890040185946,7.546e-05,1.0,0.260848965351711,0.6935430146190957,0.6759040918999126,0.304,0.7937480580884778,7.546e-05,0.6715608441000742,0.2577045294199323,0.7410820719283235,0.7002362374287272,6.149418929962493e-05,0.0,0.0,6.085821194330765e-05,6.179884358384271e-05,0.0,0.0,5.943598320184657e-05,6.180638744491701e-05,0.0,6.005523768889637e-05,6.040422049783642e-05,0.0,0.0,0.0,0.0,6.094798358208135e-05,5.967225317239475e-05,6.070018481659552e-05,0.0,6.207749677421341e-05,0.0,6.21018779728391e-05,0.0,6.019460993693067e-05,6.0055625330867756e-05,5.903431248663639e-05,0.6667391378323451,0.747432912934511,1.0,1.0,0.304,0.304,7.546e-05,7.546e-05,0.556,0.5005,0.7167957640550929,0.7658128362612568,1.0,1.0,0.304,0.5044,0.0,7.546e-05,0.5005,0.5005,0.6067234995806572,0.7116571662185522,1.0,1.0,0.5044,0.5044,7.546e-05,7.546e-05,0.5005,0.5005,0.6394725220493322,0.7045352810528642,1.0,0.9215168295179252,0.5044,0.5044,0.0,7.546e-05,0.734155148446053,0.7234268364887115,1.0,0.9603600146087451,0.5044,0.304,0.0,7.546e-05,0.6079358630591328,0.7260892427130394,1.0,1.0,0.5044,0.5044,0.0,7.546e-05,0.6602224474903021,0.7115618980314486,1.0,1.0,0.304,0.0,0.0,0.556,0.556,0.7745740555895014,0.5948841986415578,1.0,1.0,0.5044,0.304,0.0,7.546e-05,0.5005,0.556,0.602743982432316,0.6347048824550917,1.0,0.8863383619695636,0.304,0.5044,0.0,7.546e-05,0.556,0.556,0.7857743336469056,0.6850012142479318,1.0,1.0,0.304,0.304,0.0,0.0,0.556,0.556,0.620888687061388,0.7651298558699859,1.0,0.9049704963914179,0.5044,0.5044,0.0,7.546e-05,0.556,0.556,0.7034861264145006,0.6372037608113408,1.0,1.0,7.546e-05,0.5005,0.556,0.6218006818464141,0.7233332252938095,1.0,1.0,0.304,0.5044,7.546e-05,0.0,0.556,0.556,0.612626049933817,0.6285942130696389,1.0,1.0,0.304,0.5044,0.0,7.546e-05,0.7571462237187089,0.6520255326281177,1.0,0.987808910762875,0.304,0.304,0.0,7.546e-05,0.6142983479002704,0.6270938861561165,1.0,0.8688415851034401,0.5044,0.304,7.546e-05,7.546e-05,0.7355099954835591,0.7369540381087989,1.0,0.9574317929707638,0.5044,0.304,7.546e-05,7.546e-05,0.6946495635899389,0.7020822979613849,1.0,0.9045678944757005,0.5044,0.304,0.0,0.0,0.679481700906214,0.5934205497441423,1.0,0.9183133002869759,0.304,0.5044,0.0,0.0,0.7431875980476461,0.6381929282504698,1.0,0.933277852625859,0.5044,0.5044,7.546e-05,0.0,0.6091231818135239,0.6552139361315048,1.0,0.9550271876270418,0.5044,0.304,7.546e-05,7.546e-05,0.5005,0.5005,0.6563644651525011,0.5782725817268592,1.0,0.8900539766050198,0.5044,0.304,7.546e-05,7.546e-05,0.6890210837600579,0.6278196269947957,1.0,1.0,0.5044,0.5044,0.0,7.546e-05,0.556,0.5005,0.7077675404922283,0.7460515975087186,1.0,0.8816642384210149,0.5044,0.5044,0.0,7.546e-05,0.6306322886538644,0.7080395066140579,1.0,1.0,0.304,0.304,7.546e-05,7.546e-05,0.6592703452722715,0.7751756166098752,1.0,1.0,0.304,0.5044,0.0,7.546e-05,0.7066100965905711,0.7031999618115756,1.0,0.926404418014774,0.5044,0.5044,0.0,0.0
,115,1.0,0.819453528464062,0.7524674320643321,0.7070939291281679,0.6503683071529858,0.7946997261963439,0.9120686696024087,0.0,1.0,0.7857904638618398,0.2700377642478078,0.7220565938355914,0.6775376934440801,0.7298123397923151,0.6313480856907829,0.9845592358780519,0.515,0.8629784138512452,0.0,1.0,0.7838687061782301,0.2799035515526566,0.6842158697507936,0.6914351410895638,0.7178111722312127,0.6387932617071919,0.6553809246177034,0.6825895346595166,1.0,0.59,0.3418,0.792630711493883,0.0,0.6784517315834593,0.28452880635364025,0.7699494455149569,0.6286425921217724,0.7423087243208101,0.7763597658672227,0.0,0.2936597922092527,0.6940431729803206,0.714257229800576,1.0,0.24287871734484082,0.515,0.0,0.7279308810286913,0.2758247777434081,0.7992549446326113,0.6371867890851313,0.8143106620018683,1.0,0.8254802079867691,0.0,1.0,0.6672922839195379,0.27437597291320687,0.6492128430497377,0.706283309794073,0.7370155869742353,0.6281349837523438,0.6715353650781896,0.8168782121220979,1.0,0.3418,0.7734075373636681,0.0,1.0,0.6784292688086933,0.27764498283803374,0.7849114924636464,0.8481716592541348,0.6738846912397987,0.7366584598900663,0.7103216211998198,0.7098946552969646,0.9993818204249862,0.3418,0.7743829887474716,0.0,1.0,0.6306277258289112,0.2616257684187064,0.8382610983040573,0.6635628883541519,0.699998100362135,0.712597396758068,0.8943557626130975,0.3418,0.7796061261065649,0.0,1.0,0.7798807975038475,0.2510587132963112,0.7778337354349729,0.6885718612721918,0.6526511935350083,0.691091418992088,0.6412006840494804,1.0,0.3418,0.7646707415099349,0.0,1.0,0.8206589679782588,0.7856036841971457,0.6727419940723133,0.6694088246310602,0.725372925745816,0.5166,0.889631132248521,0.0,1.0,0.8023100410496729,0.6458957854816727,0.7046811693897579,0.7943895704279562,0.6775245914010442,0.9855486205700036,0.515,0.880566195054545,0.0,1.0,0.7745322537848132,0.2579181793282071,0.7173685114628301,0.7253849318690513,0.7251086116723353,0.7053952764200132,0.8116742284576836,0.3418,0.9414631643618054,0.0,0.6541586334578289,0.8119199022010348,0.0,1.0,0.7707391827739783,0.28363351641037177,0.7516241520976299,0.713546790943049,0.8218798761259575,0.0,0.7095103121630132,0.28140187329260935,0.6624106152248197,0.6467422581744323,0.7185387516481836,0.7214530563065938,0.886024333583841,0.3418,0.8064131921419672,0.0,0.515,0.0,0.7606297370808037,0.7096773396126009,0.0,1.0,0.6312509329584501,0.2934454018660548,0.6417753148420571,0.7219769160213656,0.6874084202194615,0.6136447073614318,0.7557582658438425,0.8213237574561838,0.9365854239474188,0.515,0.7690187911431601,0.0,1.0,0.6608789686190941,0.252141811895302,0.7662928408829061,0.8205468608184074,0.6869385266058786,0.7801619747655415,0.6011951540969421,0.8186753193311034,0.9892951443610722,0.3418,0.9065888290324774,0.0,0.7008272603613487,0.2905453941669638,0.8264490084042974,0.7170783979172106,0.8986268024343581,0.0,1.0,0.7952310291227841,0.26125169379558316,0.8036744411116343,0.7380218834959545,0.7174620850211116,0.7645622243877758,0.73425433843716,0.7917827334430517,1.0,0.5166,0.7755171624439471,0.0,0.2629554059748846,0.6473166761139917,0.0,0.8789890040185946,0.0,1.0,0.260848965351711,0.6935430146190957,0.6759040918999126,0.3418,0.7937480580884778,0.0,0.6715608441000742,0.2577045294199323,0.7410820719283235,0.7002362374287272,0.0,0.0,0.0,0.0,0.0,0.0,0.0,0.0,0.0,0.0,0.0,0.0,0.0,0.0,0.0,0.0,0.0,0.0,0.0,0.0,0.0,0.0,0.0,0.0,0.0,0.0,0.0,0.6667391378323451,0.747432912934511,1.0,1.0,0.3418,0.3418,0.0,0.0,0.59,0.5166,0.7167957640550929,0.7658128362612568,1.0,1.0,0.3418,0.515,0.0,0.0,0.5166,0.5166,0.6067234995806572,0.7116571662185522,1.0,1.0,0.515,0.515,0.0,0.0,0.5166,0.5166,0.6394725220493322,0.7045352810528642,1.0,0.9215168295179252,0.515,0.515,0.0,0.0,0.734155148446053,0.7234268364887115,1.0,0.9603600146087451,0.515,0.3418,0.0,0.0,0.6079358630591328,0.7260892427130394,1.0,1.0,0.515,0.515,0.0,0.0,0.6602224474903021,0.7115618980314486,1.0,1.0,0.3418,0.0,0.0,0.59,0.59,0.7745740555895014,0.5948841986415578,1.0,1.0,0.515,0.3418,0.0,0.0,0.5166,0.59,0.602743982432316,0.6347048824550917,1.0,0.8863383619695636,0.3418,0.515,0.0,0.0,0.59,0.59,0.7857743336469056,0.6850012142479318,1.0,1.0,0.3418,0.3418,0.0,0.0,0.59,0.59,0.620888687061388,0.7651298558699859,1.0,0.9049704963914179,0.515,0.515,0.0,0.0,0.59,0.59,0.7034861264145006,0.6372037608113408,1.0,1.0,0.0,0.5166,0.59,0.6218006818464141,0.7233332252938095,1.0,1.0,0.3418,0.515,0.0,0.0,0.59,0.59,0.612626049933817,0.6285942130696389,1.0,1.0,0.3418,0.515,0.0,0.0,0.7571462237187089,0.6520255326281177,1.0,0.987808910762875,0.3418,0.3418,0.0,0.0,0.6142983479002704,0.6270938861561165,1.0,0.8688415851034401,0.515,0.3418,0.0,0.0,0.7355099954835591,0.7369540381087989,1.0,0.9574317929707638,0.515,0.3418,0.0,0.0,0.6946495635899389,0.7020822979613849,1.0,0.9045678944757005,0.515,0.3418,0.0,0.0,0.679481700906214,0.5934205497441423,1.0,0.9183133002869759,0.3418,0.515,0.0,0.0,0.7431875980476461,0.6381929282504698,1.0,0.933277852625859,0.515,0.515,0.0,0.0,0.6091231818135239,0.6552139361315048,1.0,0.9550271876270418,0.515,0.3418,0.0,0.0,0.5166,0.5166,0.6563644651525011,0.5782725817268592,1.0,0.8900539766050198,0.515,0.3418,0.0,0.0,0.6890210837600579,0.6278196269947957,1.0,1.0,0.515,0.515,0.0,0.0,0.59,0.5166,0.7077675404922283,0.7460515975087186,1.0,0.8816642384210149,0.515,0.515,0.0,0.0,0.6306322886538644,0.7080395066140579,1.0,1.0,0.3418,0.3418,0.0,0.0,0.6592703452722715,0.7751756166098752,1.0,1.0,0.3418,0.515,0.0,0.0,0.7066100965905711,0.7031999618115756,1.0,0.926404418014774,0.515,0.515,0.0,0.0
,116,1.0,0.819453528464062,0.7524674320643321,0.7070939291281679,0.6503683071529858,0.7946997261963439,0.9120686696024087,0.0,1.0,0.7857904638618398,0.2700377642478078,0.7220565938355914,0.6775376934440801,0.7298123397923151,0.6313480856907829,0.9845592358780519,0.488,0.8629784138512452,0.0,1.0,0.7838687061782301,0.2799035515526566,0.6842158697507936,0.6914351410895638,0.7178111722312127,0.6387932617071919,0.6553809246177034,0.6825895346595166,1.0,0.5913,0.3596,0.792630711493883,0.0,0.6784517315834593,0.28452880635364025,0.7699494455149569,0.6286425921217724,0.7423087243208101,0.7763597658672227,0.0,0.2936597922092527,0.6940431729803206,0.714257229800576,1.0,0.24287871734484082,0.488,0.0,0.7279308810286913,0.2758247777434081,0.7992549446326113,0.6371867890851313,0.8143106620018683,1.0,0.8254802079867691,0.0,1.0,0.6672922839195379,0.27437597291320687,0.6492128430497377,0.706283309794073,0.7370155869742353,0.6281349837523438,0.6715353650781896,0.8168782121220979,1.0,0.3596,0.7734075373636681,0.0,1.0,0.6784292688086933,0.27764498283803374,0.7849114924636464,0.8481716592541348,0.6738846912397987,0.7366584598900663,0.7103216211998198,0.7098946552969646,0.9993818204249862,0.3596,0.7743829887474716,0.0,1.0,0.6306277258289112,0.2616257684187064,0.8382610983040573,0.6635628883541519,0.699998100362135,0.712597396758068,0.8943557626130975,0.3596,0.7796061261065649,0.0,1.0,0.7798807975038475,0.2510587132963112,0.7778337354349729,0.6885718612721918,0.6526511935350083,0.691091418992088,0.6412006840494804,1.0,0.3596,0.7646707415099349,0.0,1.0,0.8206589679782588,0.7856036841971457,0.6727419940723133,0.6694088246310602,0.725372925745816,0.538,0.889631132248521,0.0,1.0,0.8023100410496729,0.6458957854816727,0.7046811693897579,0.7943895704279562,0.6775245914010442,0.9855486205700036,0.488,0.880566195054545,0.0,1.0,0.7745322537848132,0.2579181793282071,0.7173685114628301,0.7253849318690513,0.7251086116723353,0.7053952764200132,0.8116742284576836,0.3596,0.9414631643618054,0.0,0.6541586334578289,0.8119199022010348,0.0,1.0,0.7707391827739783,0.28363351641037177,0.7516241520976299,0.713546790943049,0.8218798761259575,0.0,0.7095103121630132,0.28140187329260935,0.6624106152248197,0.6467422581744323,0.7185387516481836,0.7214530563065938,0.886024333583841,0.3596,0.8064131921419672,0.0,0.488,0.0,0.7606297370808037,0.7096773396126009,0.0,1.0,0.6312509329584501,0.2934454018660548,0.6417753148420571,0.7219769160213656,0.6874084202194615,0.6136447073614318,0.7557582658438425,0.8213237574561838,0.9365854239474188,0.488,0.7690187911431601,0.0,1.0,0.6608789686190941,0.252141811895302,0.7662928408829061,0.8205468608184074,0.6869385266058786,0.7801619747655415,0.6011951540969421,0.8186753193311034,0.9892951443610722,0.3596,0.9065888290324774,0.0,0.7008272603613487,0.2905453941669638,0.8264490084042974,0.7170783979172106,0.8986268024343581,0.0,1.0,0.7952310291227841,0.26125169379558316,0.8036744411116343,0.7380218834959545,0.7174620850211116,0.7645622243877758,0.73425433843716,0.7917827334430517,1.0,0.538,0.7755171624439471,0.0,0.2629554059748846,0.6473166761139917,0.0,0.8789890040185946,0.0,1.0,0.260848965351711,0.6935430146190957,0.6759040918999126,0.3596,0.7937480580884778,0.0,0.6715608441000742,0.2577045294199323,0.7410820719283235,0.7002362374287272,0.0,0.0,0.0,0.0,0.0,0.0,0.0,0.0,0.0,0.0,0.0,0.0,0.0,0.0,0.0,0.0,0.0,0.0,0.0,0.0,0.0,0.0,0.0,0.0,0.0,0.0,0.0,0.6667391378323451,0.747432912934511,1.0,1.0,0.3596,0.3596,0.0,0.0,0.5913,0.538,0.7167957640550929,0.7658128362612568,1.0,1.0,0.3596,0.488,0.0,0.0,0.538,0.538,0.6067234995806572,0.7116571662185522,1.0,1.0,0.488,0.488,0.0,0.0,0.538,0.538,0.6394725220493322,0.7045352810528642,1.0,0.9215168295179252,0.488,0.488,0.0,0.0,0.734155148446053,0.7234268364887115,1.0,0.9603600146087451,0.488,0.3596,0.0,0.0,0.6079358630591328,0.7260892427130394,1.0,1.0,0.488,0.488,0.0,0.0,0.6602224474903021,0.7115618980314486,1.0,1.0,0.3596,0.0,0.0,0.5913,0.5913,0.7745740555895014,0.5948841986415578,1.0,1.0,0.488,0.3596,0.0,0.0,0.538,0.5913,0.602743982432316,0.6347048824550917,1.0,0.8863383619695636,0.3596,0.488,0.0,0.0,0.5913,0.5913,0.7857743336469056,0.6850012142479318,1.0,1.0,0.3596,0.3596,0.0,0.0,0.5913,0.5913,0.620888687061388,0.7651298558699859,1.0,0.9049704963914179,0.488,0.488,0.0,0.0,0.5913,0.5913,0.7034861264145006,0.6372037608113408,1.0,1.0,0.0,0.538,0.5913,0.6218006818464141,0.7233332252938095,1.0,1.0,0.3596,0.488,0.0,0.0,0.5913,0.5913,0.612626049933817,0.6285942130696389,1.0,1.0,0.3596,0.488,0.0,0.0,0.7571462237187089,0.6520255326281177,1.0,0.987808910762875,0.3596,0.3596,0.0,0.0,0.6142983479002704,0.6270938861561165,1.0,0.8688415851034401,0.488,0.3596,0.0,0.0,0.7355099954835591,0.7369540381087989,1.0,0.9574317929707638,0.488,0.3596,0.0,0.0,0.6946495635899389,0.7020822979613849,1.0,0.9045678944757005,0.488,0.3596,0.0,0.0,0.679481700906214,0.5934205497441423,1.0,0.9183133002869759,0.3596,0.488,0.0,0.0,0.7431875980476461,0.6381929282504698,1.0,0.933277852625859,0.488,0.488,0.0,0.0,0.6091231818135239,0.6552139361315048,1.0,0.9550271876270418,0.488,0.3596,0.0,0.0,0.538,0.538,0.6563644651525011,0.5782725817268592,1.0,0.8900539766050198,0.488,0.3596,0.0,0.0,0.6890210837600579,0.6278196269947957,1.0,1.0,0.488,0.488,0.0,0.0,0.5913,0.538,0.7077675404922283,0.7460515975087186,1.0,0.8816642384210149,0.488,0.488,0.0,0.0,0.6306322886538644,0.7080395066140579,1.0,1.0,0.3596,0.3596,0.0,0.0,0.6592703452722715,0.7751756166098752,1.0,1.0,0.3596,0.488,0.0,0.0,0.7066100965905711,0.7031999618115756,1.0,0.926404418014774,0.488,0.488,0.0,0.0
,117,1.0,0.819453528464062,0.7524674320643321,0.7070939291281679,0.6503683071529858,0.7946997261963439,0.9120686696024087,0.0,1.0,0.7857904638618398,0.2700377642478078,0.7220565938355914,0.6775376934440801,0.7298123397923151,0.6313480856907829,0.9845592358780519,0.448,0.8629784138512452,0.0,1.0,0.7838687061782301,0.2799035515526566,0.6842158697507936,0.6914351410895638,0.7178111722312127,0.6387932617071919,0.6553809246177034,0.6825895346595166,1.0,0.572,0.3684,0.792630711493883,0.0,0.6784517315834593,0.28452880635364025,0.7699494455149569,0.6286425921217724,0.7423087243208101,0.7763597658672227,0.0,0.2936597922092527,0.6940431729803206,0.714257229800576,1.0,0.24287871734484082,0.448,0.0,0.7279308810286913,0.2758247777434081,0.7992549446326113,0.6371867890851313,0.8143106620018683,1.0,0.8254802079867691,0.0,1.0,0.6672922839195379,0.27437597291320687,0.6492128430497377,0.706283309794073,0.7370155869742353,0.6281349837523438,0.6715353650781896,0.8168782121220979,1.0,0.3684,0.7734075373636681,0.0,1.0,0.6784292688086933,0.27764498283803374,0.7849114924636464,0.8481716592541348,0.6738846912397987,0.7366584598900663,0.7103216211998198,0.7098946552969646,0.9993818204249862,0.3684,0.7743829887474716,0.0,1.0,0.6306277258289112,0.2616257684187064,0.8382610983040573,0.6635628883541519,0.699998100362135,0.712597396758068,0.8943557626130975,0.3684,0.7796061261065649,0.0,1.0,0.7798807975038475,0.2510587132963112,0.7778337354349729,0.6885718612721918,0.6526511935350083,0.691091418992088,0.6412006840494804,1.0,0.3684,0.7646707415099349,0.0,1.0,0.8206589679782588,0.7856036841971457,0.6727419940723133,0.6694088246310602,0.725372925745816,0.546,0.889631132248521,0.0,1.0,0.8023100410496729,0.6458957854816727,0.7046811693897579,0.7943895704279562,0.6775245914010442,0.9855486205700036,0.448,0.880566195054545,0.0,1.0,0.7745322537848132,0.2579181793282071,0.7173685114628301,0.7253849318690513,0.7251086116723353,0.7053952764200132,0.8116742284576836,0.3684,0.9414631643618054,0.0,0.6541586334578289,0.8119199022010348,0.0,1.0,0.7707391827739783,0.28363351641037177,0.7516241520976299,0.713546790943049,0.8218798761259575,0.0,0.7095103121630132,0.28140187329260935,0.6624106152248197,0.6467422581744323,0.7185387516481836,0.7214530563065938,0.886024333583841,0.3684,0.8064131921419672,0.0,0.448,0.0,0.7606297370808037,0.7096773396126009,0.0,1.0,0.6312509329584501,0.2934454018660548,0.6417753148420571,0.7219769160213656,0.6874084202194615,0.6136447073614318,0.7557582658438425,0.8213237574561838,0.9365854239474188,0.448,0.7690187911431601,0.0,1.0,0.6608789686190941,0.252141811895302,0.7662928408829061,0.8205468608184074,0.6869385266058786,0.7801619747655415,0.6011951540969421,0.8186753193311034,0.9892951443610722,0.3684,0.9065888290324774,0.0,0.7008272603613487,0.2905453941669638,0.8264490084042974,0.7170783979172106,0.8986268024343581,0.0,1.0,0.7952310291227841,0.26125169379558316,0.8036744411116343,0.7380218834959545,0.7174620850211116,0.7645622243877758,0.73425433843716,0.7917827334430517,1.0,0.546,0.7755171624439471,0.0,0.2629554059748846,0.6473166761139917,0.0,0.8789890040185946,0.0,1.0,0.260848965351711,0.6935430146190957,0.6759040918999126,0.3684,0.7937480580884778,0.0,0.6715608441000742,0.2577045294199323,0.7410820719283235,0.7002362374287272,0.0,0.0,0.0,0.0,0.0,0.0,0.0,0.0,0.0,0.0,0.0,0.0,0.0,0.0,0.0,0.0,0.0,0.0,0.0,0.0,0.0,0.0,0.0,0.0,0.0,0.0,0.0,0.6667391378323451,0.747432912934511,1.0,1.0,0.3684,0.3684,0.0,0.0,0.572,0.546,0.7167957640550929,0.7658128362612568,1.0,1.0,0.3684,0.448,0.0,0.0,0.546,0.546,0.6067234995806572,0.7116571662185522,1.0,1.0,0.448,0.448,0.0,0.0,0.546,0.546,0.6394725220493322,0.7045352810528642,1.0,0.9215168295179252,0.448,0.448,0.0,0.0,0.734155148446053,0.7234268364887115,1.0,0.9603600146087451,0.448,0.3684,0.0,0.0,0.6079358630591328,0.7260892427130394,1.0,1.0,0.448,0.448,0.0,0.0,0.6602224474903021,0.7115618980314486,1.0,1.0,0.3684,0.0,0.0,0.572,0.572,0.7745740555895014,0.5948841986415578,1.0,1.0,0.448,0.3684,0.0,0.0,0.546,0.572,0.602743982432316,0.6347048824550917,1.0,0.8863383619695636,0.3684,0.448,0.0,0.0,0.572,0.572,0.7857743336469056,0.6850012142479318,1.0,1.0,0.3684,0.3684,0.0,0.0,0.572,0.572,0.620888687061388,0.7651298558699859,1.0,0.9049704963914179,0.448,0.448,0.0,0.0,0.572,0.572,0.7034861264145006,0.6372037608113408,1.0,1.0,0.0,0.546,0.572,0.6218006818464141,0.7233332252938095,1.0,1.0,0.3684,0.448,0.0,0.0,0.572,0.572,0.612626049933817,0.6285942130696389,1.0,1.0,0.3684,0.448,0.0,0.0,0.7571462237187089,0.6520255326281177,1.0,0.987808910762875,0.3684,0.3684,0.0,0.0,0.6142983479002704,0.6270938861561165,1.0,0.8688415851034401,0.448,0.3684,0.0,0.0,0.7355099954835591,0.7369540381087989,1.0,0.9574317929707638,0.448,0.3684,0.0,0.0,0.6946495635899389,0.7020822979613849,1.0,0.9045678944757005,0.448,0.3684,0.0,0.0,0.679481700906214,0.5934205497441423,1.0,0.9183133002869759,0.3684,0.448,0.0,0.0,0.7431875980476461,0.6381929282504698,1.0,0.933277852625859,0.448,0.448,0.0,0.0,0.6091231818135239,0.6552139361315048,1.0,0.9550271876270418,0.448,0.3684,0.0,0.0,0.546,0.546,0.6563644651525011,0.5782725817268592,1.0,0.8900539766050198,0.448,0.3684,0.0,0.0,0.6890210837600579,0.6278196269947957,1.0,1.0,0.448,0.448,0.0,0.0,0.572,0.546,0.7077675404922283,0.7460515975087186,1.0,0.8816642384210149,0.448,0.448,0.0,0.0,0.6306322886538644,0.7080395066140579,1.0,1.0,0.3684,0.3684,0.0,0.0,0.6592703452722715,0.7751756166098752,1.0,1.0,0.3684,0.448,0.0,0.0,0.7066100965905711,0.7031999618115756,1.0,0.926404418014774,0.448,0.448,0.0,0.0
,118,1.0,0.819453528464062,0.7524674320643321,0.7070939291281679,0.6503683071529858,0.7946997261963439,0.9120686696024087,0.0,1.0,0.7857904638618398,0.2700377642478078,0.7220565938355914,0.6775376934440801,0.7298123397923151,0.6313480856907829,0.9845592358780519,0.4033,0.8629784138512452,0.0,1.0,0.7838687061782301,0.2799035515526566,0.6842158697507936,0.6914351410895638,0.7178111722312127,0.6387932617071919,0.6553809246177034,0.6825895346595166,1.0,0.5474,0.3762,0.792630711493883,0.0,0.6784517315834593,0.28452880635364025,0.7699494455149569,0.6286425921217724,0.7423087243208101,0.7763597658672227,0.0,0.2936597922092527,0.6940431729803206,0.714257229800576,1.0,0.24287871734484082,0.4033,0.0,0.7279308810286913,0.2758247777434081,0.7992549446326113,0.6371867890851313,0.8143106620018683,1.0,0.8254802079867691,0.0,1.0,0.6672922839195379,0.27437597291320687,0.6492128430497377,0.706283309794073,0.7370155869742353,0.6281349837523438,0.6715353650781896,0.8168782121220979,1.0,0.3762,0.7734075373636681,0.0,1.0,0.6784292688086933,0.27764498283803374,0.7849114924636464,0.8481716592541348,0.6738846912397987,0.7366584598900663,0.7103216211998198,0.7098946552969646,0.9993818204249862,0.3762,0.7743829887474716,0.0,1.0,0.6306277258289112,0.2616257684187064,0.8382610983040573,0.6635628883541519,0.699998100362135,0.712597396758068,0.8943557626130975,0.3762,0.7796061261065649,0.0,1.0,0.7798807975038475,0.2510587132963112,0.7778337354349729,0.6885718612721918,0.6526511935350083,0.691091418992088,0.6412006840494804,1.0,0.3762,0.7646707415099349,0.0,1.0,0.8206589679782588,0.7856036841971457,0.6727419940723133,0.6694088246310602,0.725372925745816,0.554,0.889631132248521,0.0,1.0,0.8023100410496729,0.6458957854816727,0.7046811693897579,0.7943895704279562,0.6775245914010442,0.9855486205700036,0.4033,0.880566195054545,0.0,1.0,0.7745322537848132,0.2579181793282071,0.7173685114628301,0.7253849318690513,0.7251086116723353,0.7053952764200132,0.8116742284576836,0.3762,0.9414631643618054,0.0,0.6541586334578289,0.8119199022010348,0.0,1.0,0.7707391827739783,0.28363351641037177,0.7516241520976299,0.713546790943049,0.8218798761259575,0.0,0.7095103121630132,0.28140187329260935,0.6624106152248197,0.6467422581744323,0.7185387516481836,0.7214530563065938,0.886024333583841,0.3762,0.8064131921419672,0.0,0.4033,0.0,0.7606297370808037,0.7096773396126009,0.0,1.0,0.6312509329584501,0.2934454018660548,0.6417753148420571,0.7219769160213656,0.6874084202194615,0.6136447073614318,0.7557582658438425,0.8213237574561838,0.9365854239474188,0.4033,0.7690187911431601,0.0,1.0,0.6608789686190941,0.252141811895302,0.7662928408829061,0.8205468608184074,0.6869385266058786,0.7801619747655415,0.6011951540969421,0.8186753193311034,0.9892951443610722,0.3762,0.9065888290324774,0.0,0.7008272603613487,0.2905453941669638,0.8264490084042974,0.7170783979172106,0.8986268024343581,0.0,1.0,0.7952310291227841,0.26125169379558316,0.8036744411116343,0.7380218834959545,0.7174620850211116,0.7645622243877758,0.73425433843716,0.7917827334430517,1.0,0.554,0.7755171624439471,0.0,0.2629554059748846,0.6473166761139917,0.0,0.8789890040185946,0.0,1.0,0.260848965351711,0.6935430146190957,0.6759040918999126,0.3762,0.7937480580884778,0.0,0.6715608441000742,0.2577045294199323,0.7410820719283235,0.7002362374287272,0.0,0.0,0.0,0.0,0.0,0.0,0.0,0.0,0.0,0.0,0.0,0.0,0.0,0.0,0.0,0.0,0.0,0.0,0.0,0.0,0.0,0.0,0.0,0.0,0.0,0.0,0.0,0.6667391378323451,0.747432912934511,1.0,1.0,0.3762,0.3762,0.0,0.0,0.5474,0.554,0.7167957640550929,0.7658128362612568,1.0,1.0,0.3762,0.4033,0.0,0.0,0.554,0.554,0.6067234995806572,0.7116571662185522,1.0,1.0,0.4033,0.4033,0.0,0.0,0.554,0.554,0.6394725220493322,0.7045352810528642,1.0,0.9215168295179252,0.4033,0.4033,0.0,0.0,0.734155148446053,0.7234268364887115,1.0,0.9603600146087451,0.4033,0.3762,0.0,0.0,0.6079358630591328,0.7260892427130394,1.0,1.0,0.4033,0.4033,0.0,0.0,0.6602224474903021,0.7115618980314486,1.0,1.0,0.3762,0.0,0.0,0.5474,0.5474,0.7745740555895014,0.5948841986415578,1.0,1.0,0.4033,0.3762,0.0,0.0,0.554,0.5474,0.602743982432316,0.6347048824550917,1.0,0.8863383619695636,0.3762,0.4033,0.0,0.0,0.5474,0.5474,0.7857743336469056,0.6850012142479318,1.0,1.0,0.3762,0.3762,0.0,0.0,0.5474,0.5474,0.620888687061388,0.7651298558699859,1.0,0.9049704963914179,0.4033,0.4033,0.0,0.0,0.5474,0.5474,0.7034861264145006,0.6372037608113408,1.0,1.0,0.0,0.554,0.5474,0.6218006818464141,0.7233332252938095,1.0,1.0,0.3762,0.4033,0.0,0.0,0.5474,0.5474,0.612626049933817,0.6285942130696389,1.0,1.0,0.3762,0.4033,0.0,0.0,0.7571462237187089,0.6520255326281177,1.0,0.987808910762875,0.3762,0.3762,0.0,0.0,0.6142983479002704,0.6270938861561165,1.0,0.8688415851034401,0.4033,0.3762,0.0,0.0,0.7355099954835591,0.7369540381087989,1.0,0.9574317929707638,0.4033,0.3762,0.0,0.0,0.6946495635899389,0.7020822979613849,1.0,0.9045678944757005,0.4033,0.3762,0.0,0.0,0.679481700906214,0.5934205497441423,1.0,0.9183133002869759,0.3762,0.4033,0.0,0.0,0.7431875980476461,0.6381929282504698,1.0,0.933277852625859,0.4033,0.4033,0.0,0.0,0.6091231818135239,0.6552139361315048,1.0,0.9550271876270418,0.4033,0.3762,0.0,0.0,0.554,0.554,0.6563644651525011,0.5782725817268592,1.0,0.8900539766050198,0.4033,0.3762,0.0,0.0,0.6890210837600579,0.6278196269947957,1.0,1.0,0.4033,0.4033,0.0,0.0,0.5474,0.554,0.7077675404922283,0.7460515975087186,1.0,0.8816642384210149,0.4033,0.4033,0.0,0.0,0.6306322886538644,0.7080395066140579,1.0,1.0,0.3762,0.3762,0.0,0.0,0.6592703452722715,0.7751756166098752,1.0,1.0,0.3762,0.4033,0.0,0.0,0.7066100965905711,0.7031999618115756,1.0,0.926404418014774,0.4033,0.4033,0.0,0.0
,119,1.0,0.819453528464062,0.7524674320643321,0.7070939291281679,0.6503683071529858,0.7946997261963439,0.9120686696024087,0.0,1.0,0.7857904638618398,0.2700377642478078,0.7220565938355914,0.6775376934440801,0.7298123397923151,0.6313480856907829,0.9845592358780519,0.3633,0.8629784138512452,0.0,1.0,0.7838687061782301,0.2799035515526566,0.6842158697507936,0.6914351410895638,0.7178111722312127,0.6387932617071919,0.6553809246177034,0.6825895346595166,1.0,0.4858,0.39,0.792630711493883,0.0,0.6784517315834593,0.28452880635364025,0.7699494455149569,0.6286425921217724,0.7423087243208101,0.7763597658672227,0.0,0.2936597922092527,0.6940431729803206,0.714257229800576,1.0,0.24287871734484082,0.3633,0.0,0.7279308810286913,0.2758247777434081,0.7992549446326113,0.6371867890851313,0.8143106620018683,1.0,0.8254802079867691,0.0,1.0,0.6672922839195379,0.27437597291320687,0.6492128430497377,0.706283309794073,0.7370155869742353,0.6281349837523438,0.6715353650781896,0.8168782121220979,1.0,0.39,0.7734075373636681,0.0,1.0,0.6784292688086933,0.27764498283803374,0.7849114924636464,0.8481716592541348,0.6738846912397987,0.7366584598900663,0.7103216211998198,0.7098946552969646,0.9993818204249862,0.39,0.7743829887474716,0.0,1.0,0.6306277258289112,0.2616257684187064,0.8382610983040573,0.6635628883541519,0.699998100362135,0.712597396758068,0.8943557626130975,0.39,0.7796061261065649,0.0,1.0,0.7798807975038475,0.2510587132963112,0.7778337354349729,0.6885718612721918,0.6526511935350083,0.691091418992088,0.6412006840494804,1.0,0.39,0.7646707415099349,0.0,1.0,0.8206589679782588,0.7856036841971457,0.6727419940723133,0.6694088246310602,0.725372925745816,0.575,0.889631132248521,0.0,1.0,0.8023100410496729,0.6458957854816727,0.7046811693897579,0.7943895704279562,0.6775245914010442,0.9855486205700036,0.3633,0.880566195054545,0.0,1.0,0.7745322537848132,0.2579181793282071,0.7173685114628301,0.7253849318690513,0.7251086116723353,0.7053952764200132,0.8116742284576836,0.39,0.9414631643618054,0.0,0.6541586334578289,0.8119199022010348,0.0,1.0,0.7707391827739783,0.28363351641037177,0.7516241520976299,0.713546790943049,0.8218798761259575,0.0,0.7095103121630132,0.28140187329260935,0.6624106152248197,0.6467422581744323,0.7185387516481836,0.7214530563065938,0.886024333583841,0.39,0.8064131921419672,0.0,0.3633,0.0,0.7606297370808037,0.7096773396126009,0.0,1.0,0.6312509329584501,0.2934454018660548,0.6417753148420571,0.7219769160213656,0.6874084202194615,0.6136447073614318,0.7557582658438425,0.8213237574561838,0.9365854239474188,0.3633,0.7690187911431601,0.0,1.0,0.6608789686190941,0.252141811895302,0.7662928408829061,0.8205468608184074,0.6869385266058786,0.7801619747655415,0.6011951540969421,0.8186753193311034,0.9892951443610722,0.39,0.9065888290324774,0.0,0.7008272603613487,0.2905453941669638,0.8264490084042974,0.7170783979172106,0.8986268024343581,0.0,1.0,0.7952310291227841,0.26125169379558316,0.8036744411116343,0.7380218834959545,0.7174620850211116,0.7645622243877758,0.73425433843716,0.7917827334430517,1.0,0.575,0.7755171624439471,0.0,0.2629554059748846,0.6473166761139917,0.0,0.8789890040185946,0.0,1.0,0.260848965351711,0.6935430146190957,0.6759040918999126,0.39,0.7937480580884778,0.0,0.6715608441000742,0.2577045294199323,0.7410820719283235,0.7002362374287272,0.0,0.0,0.0,0.0,0.0,0.0,0.0,0.0,0.0,0.0,0.0,0.0,0.0,0.0,0.0,0.0,0.0,0.0,0.0,0.0,0.0,0.0,0.0,0.0,0.0,0.0,0.0,0.6667391378323451,0.747432912934511,1.0,1.0,0.39,0.39,0.0,0.0,0.4858,0.575,0.7167957640550929,0.7658128362612568,1.0,1.0,0.39,0.3633,0.0,0.0,0.575,0.575,0.6067234995806572,0.7116571662185522,1.0,1.0,0.3633,0.3633,0.0,0.0,0.575,0.575,0.6394725220493322,0.7045352810528642,1.0,0.9215168295179252,0.3633,0.3633,0.0,0.0,0.734155148446053,0.7234268364887115,1.0,0.9603600146087451,0.3633,0.39,0.0,0.0,0.6079358630591328,0.7260892427130394,1.0,1.0,0.3633,0.3633,0.0,0.0,0.6602224474903021,0.7115618980314486,1.0,1.0,0.39,0.0,0.0,0.4858,0.4858,0.7745740555895014,0.5948841986415578,1.0,1.0,0.3633,0.39,0.0,0.0,0.575,0.4858,0.602743982432316,0.6347048824550917,1.0,0.8863383619695636,0.39,0.3633,0.0,0.0,0.4858,0.4858,0.7857743336469056,0.6850012142479318,1.0,1.0,0.39,0.39,0.0,0.0,0.4858,0.4858,0.620888687061388,0.7651298558699859,1.0,0.9049704963914179,0.3633,0.3633,0.0,0.0,0.4858,0.4858,0.7034861264145006,0.6372037608113408,1.0,1.0,0.0,0.575,0.4858,0.6218006818464141,0.7233332252938095,1.0,1.0,0.39,0.3633,0.0,0.0,0.4858,0.4858,0.612626049933817,0.6285942130696389,1.0,1.0,0.39,0.3633,0.0,0.0,0.7571462237187089,0.6520255326281177,1.0,0.987808910762875,0.39,0.39,0.0,0.0,0.6142983479002704,0.6270938861561165,1.0,0.8688415851034401,0.3633,0.39,0.0,0.0,0.7355099954835591,0.7369540381087989,1.0,0.9574317929707638,0.3633,0.39,0.0,0.0,0.6946495635899389,0.7020822979613849,1.0,0.9045678944757005,0.3633,0.39,0.0,0.0,0.679481700906214,0.5934205497441423,1.0,0.9183133002869759,0.39,0.3633,0.0,0.0,0.7431875980476461,0.6381929282504698,1.0,0.933277852625859,0.3633,0.3633,0.0,0.0,0.6091231818135239,0.6552139361315048,1.0,0.9550271876270418,0.3633,0.39,0.0,0.0,0.575,0.575,0.6563644651525011,0.5782725817268592,1.0,0.8900539766050198,0.3633,0.39,0.0,0.0,0.6890210837600579,0.6278196269947957,1.0,1.0,0.3633,0.3633,0.0,0.0,0.4858,0.575,0.7077675404922283,0.7460515975087186,1.0,0.8816642384210149,0.3633,0.3633,0.0,0.0,0.6306322886538644,0.7080395066140579,1.0,1.0,0.39,0.39,0.0,0.0,0.6592703452722715,0.7751756166098752,1.0,1.0,0.39,0.3633,0.0,0.0,0.7066100965905711,0.7031999618115756,1.0,0.926404418014774,0.3633,0.3633,0.0,0.0
,120,1.0,0.7200062235319811,0.6902979715592436,0.7780283645500766,0.5893663811458223,0.676448987587583,0.8868467156974715,0.0,1.0,0.7562545054237466,0.26091538025466765,0.6567249781286957,0.6530074247136426,0.7392440708365928,0.7332659050268051,1.0,0.4446,0.8399400626285749,0.0,1.0,0.7858829089967807,0.2572423302159439,0.8150574377976805,0.6878755959650097,0.7612568940942418,0.7950622751689711,0.657986291057848,0.652898407252231,1.0,0.7417,0.8096,0.9409075704459899,0.0,0.7384883995228695,0.27126138452940984,0.7269468513987332,0.7632551707016448,0.6759038256290042,0.9241720837500457,0.0,0.2728840021462723,0.693990773723667,0.7751458182620317,1.0,0.2589115534401562,0.8096,0.0,0.6630341675070435,0.26142113356830093,0.7884869942571767,0.6946010495049999,0.7442543858072213,0.9228929325509765,0.9325461204490425,0.0,1.0,0.7074675192042303,0.2897825972881416,0.6940434613591012,0.8061052018166212,0.72778021435756,0.6208775205700721,0.625599442966835,0.7622989177563683,0.9180864588853435,0.8096,0.906665740797902,0.0,1.0,0.7917362352178465,0.2390606405660101,0.7725969215768982,0.82760660689684,0.772602164822527,0.7432743087024192,0.58405581099078,0.6283628813447326,0.9205740091139506,0.4446,0.9073008832277851,0.0,1.0,0.8137252345825634,0.2721399422520431,0.7459191798242122,0.7840052906046194,0.6719904905319766,0.6746327390944329,1.0,0.4446,0.8155293251280923,0.0,1.0,0.6899373174376329,0.25974596283171797,0.8183320569850787,0.6849386821949068,0.6742261450238185,0.7640112209485963,0.7862377083867127,1.0,0.4446,0.8551049398733115,0.0,1.0,0.7271936566675511,0.7731271079945395,0.6717560628360981,0.5802633687459491,0.7200087229224705,0.7417,0.7929977289705824,0.0,1.0,0.7691715525348832,0.8132452773218886,0.7668868726101258,0.7280914310038655,0.7529082311173811,0.8730159828418825,0.8096,0.9441447852681512,0.0,1.0,0.7374496848195548,0.2983929179473973,0.781540577122514,0.7093454038826272,0.779770499364993,0.7064264414952981,0.7502001893488752,0.8096,0.9433424298702928,0.0,0.5826040854933594,0.914670991783938,0.0,1.0,0.82261674376616,0.23797306903587442,0.6345524248665112,0.6255766057117242,0.9346341025900003,0.0,0.6346869777361903,0.25586356277792743,0.7491893245516932,0.6136845438857563,0.7046231742063993,0.7443118353121085,0.9325217514351399,0.8096,0.7824618919200217,0.0,0.8096,0.0,0.6766463067203774,0.6541626075782567,0.0,1.0,0.7136115074077879,0.24347561279906826,0.6384280679370191,0.6957662067019845,0.6417117474209919,0.769907853982184,0.6088642810158804,0.7384012496522986,1.0,0.4446,0.7567450807686879,0.0,1.0,0.6581203715989015,0.26813808945668594,0.7442767987504108,0.730822957481909,0.7267342009542656,0.7828171272069456,0.6438666287530641,0.7910376497709825,1.0,0.8096,0.9434556990503695,0.0,0.7532057130093461,0.2777070845329786,0.7198929314544775,0.6526576554548664,0.7901244397000855,0.0,1.0,0.7141127670455987,0.2830487264146519,0.6882843977753166,0.7700437463838088,0.6856699750249071,0.7693978432573099,0.68952310235956,0.7443577546422704,0.9156069294170811,0.7417,0.8885531554443702,0.0,0.25114193750346236,0.6103378046779584,0.0,0.8172952010324597,0.0,1.0,0.27290363832587045,0.7962436990882084,0.6502661975760033,0.8096,0.7856351326693648,0.0,0.7217042781462675,0.2630435866757971,0.7295125673201504,0.7464730976849606,0.0,0.0,0.0,0.0,0.0,0.0,0.0,0.0,0.0,0.0,0.0,0.0,0.0,0.0,0.0,0.0,0.0,0.0,0.0,0.0,0.0,0.0,0.0,0.0,0.0,0.0,0.0,0.7516673341840344,0.7398400218142456,1.0,0.9638607215532803,0.8096,0.4446,0.0,0.0,0.7417,0.7417,0.6537567317442412,0.6840013197494732,1.0,0.8823278733888097,0.8096,0.4446,0.0,0.0,0.7417,0.412,0.675345962984788,0.6333835957737948,1.0,0.9749625940602187,0.8096,0.4446,0.0,0.0,0.7417,0.7417,0.6035663331208105,0.7632457008229241,1.0,1.0,0.8096,0.8096,0.0,0.0,0.6708709050737289,0.6258589744243133,1.0,0.8844298316080906,0.4446,0.4446,0.0,0.0,0.7760380369550045,0.6845025759180287,1.0,0.8728462828589578,0.4446,0.8096,0.0,0.0,0.7377083832411963,0.5890116323190631,1.0,1.0,0.8096,0.0,0.0,0.7417,0.7417,0.7621769111057197,0.7106539977369839,1.0,0.8963747905543019,0.8096,0.8096,0.0,0.0,0.7417,0.412,0.7047357211655356,0.6052935106352558,1.0,0.9612297589827521,0.4446,0.8096,0.0,0.0,0.412,0.7417,0.722529475340873,0.7204436769343838,1.0,1.0,0.4446,0.4446,0.0,0.0,0.7417,0.7417,0.7401642886159536,0.6414218481024961,1.0,1.0,0.8096,0.4446,0.0,0.0,0.7417,0.7417,0.7683910396287192,0.705144626729188,1.0,0.93497153198107,0.0,0.412,0.7417,0.623766838873907,0.6447833354215822,1.0,0.9584852814910788,0.4446,0.4446,0.0,0.0,0.7417,0.7417,0.6848702582507569,0.6791141138277159,1.0,1.0,0.4446,0.4446,0.0,0.0,0.6491129349063592,0.5873966508868946,1.0,1.0,0.4446,0.8096,0.0,0.0,0.7380408548784674,0.7114698352651441,1.0,0.9636951014866617,0.4446,0.4446,0.0,0.0,0.766629058344903,0.7382674420921255,1.0,0.8823597848901708,0.4446,0.4446,0.0,0.0,0.6487611359157202,0.6370496724880258,1.0,0.8740870564687059,0.4446,0.8096,0.0,0.0,0.6141935334896496,0.7327470585322939,1.0,0.9740044683953636,0.8096,0.8096,0.0,0.0,0.7732681001902557,0.6784116997792897,1.0,0.9874604198761363,0.8096,0.8096,0.0,0.0,0.6711348341830626,0.5803752109913429,1.0,0.9827425830908035,0.8096,0.8096,0.0,0.0,0.7417,0.412,0.7934296652031562,0.6284059744838587,1.0,0.8750876434309757,0.4446,0.8096,0.0,0.0,0.7582798375386324,0.7201190666087737,1.0,0.9003675622508334,0.8096,0.8096,0.0,0.0,0.412,0.412,0.6901202714244996,0.6157425989529733,1.0,1.0,0.4446,0.8096,0.0,0.0,0.6208599333986764,0.7079185489631774,1.0,1.0,0.8096,0.8096,0.0,0.0,0.7995293008282245,0.7486898262325785,1.0,0.9967417273108113,0.8096,0.8096,0.0,0.0,0.6208607029847099,0.6622675832426685,1.0,0.9068366809794567,0.8096,0.4446,0.0,0.0
,121,1.0,0.7200062235319811,0.6902979715592436,0.7780283645500766,0.5893663811458223,0.676448987587583,0.8868467156974715,0.0,1.0,0.7562545054237466,0.26091538025466765,0.6567249781286957,0.6530074247136426,0.7392440708365928,0.7332659050268051,1.0,0.42,0.8399400626285749,0.0,1.0,0.7858829089967807,0.2572423302159439,0.8150574377976805,0.6878755959650097,0.7612568940942418,0.7950622751689711,0.657986291057848,0.652898407252231,1.0,0.723,0.8135,0.9409075704459899,0.0,0.7384883995228695,0.27126138452940984,0.7269468513987332,0.7632551707016448,0.6759038256290042,0.9241720837500457,0.0,0.2728840021462723,0.693990773723667,0.7751458182620317,1.0,0.2589115534401562,0.8135,0.0,0.6630341675070435,0.26142113356830093,0.7884869942571767,0.6946010495049999,0.7442543858072213,0.9228929325509765,0.9325461204490425,0.0,1.0,0.7074675192042303,0.2897825972881416,0.6940434613591012,0.8061052018166212,0.72778021435756,0.6208775205700721,0.625599442966835,0.7622989177563683,0.9180864588853435,0.8135,0.906665740797902,0.0,1.0,0.7917362352178465,0.2390606405660101,0.7725969215768982,0.82760660689684,0.772602164822527,0.7432743087024192,0.58405581099078,0.6283628813447326,0.9205740091139506,0.42,0.9073008832277851,0.0,1.0,0.8137252345825634,0.2721399422520431,0.7459191798242122,0.7840052906046194,0.6719904905319766,0.6746327390944329,1.0,0.42,0.8155293251280923,0.0,1.0,0.6899373174376329,0.25974596283171797,0.8183320569850787,0.6849386821949068,0.6742261450238185,0.7640112209485963,0.7862377083867127,1.0,0.42,0.8551049398733115,0.0,1.0,0.7271936566675511,0.7731271079945395,0.6717560628360981,0.5802633687459491,0.7200087229224705,0.723,0.7929977289705824,0.0,1.0,0.7691715525348832,0.8132452773218886,0.7668868726101258,0.7280914310038655,0.7529082311173811,0.8730159828418825,0.8135,0.9441447852681512,0.0,1.0,0.7374496848195548,0.2983929179473973,0.781540577122514,0.7093454038826272,0.779770499364993,0.7064264414952981,0.7502001893488752,0.8135,0.9433424298702928,0.0,0.5826040854933594,0.914670991783938,0.0,1.0,0.82261674376616,0.23797306903587442,0.6345524248665112,0.6255766057117242,0.9346341025900003,0.0,0.6346869777361903,0.25586356277792743,0.7491893245516932,0.6136845438857563,0.7046231742063993,0.7443118353121085,0.9325217514351399,0.8135,0.7824618919200217,0.0,0.8135,0.0,0.6766463067203774,0.6541626075782567,0.0,1.0,0.7136115074077879,0.24347561279906826,0.6384280679370191,0.6957662067019845,0.6417117474209919,0.769907853982184,0.6088642810158804,0.7384012496522986,1.0,0.42,0.7567450807686879,0.0,1.0,0.6581203715989015,0.26813808945668594,0.7442767987504108,0.730822957481909,0.7267342009542656,0.7828171272069456,0.6438666287530641,0.7910376497709825,1.0,0.8135,0.9434556990503695,0.0,0.7532057130093461,0.2777070845329786,0.7198929314544775,0.6526576554548664,0.7901244397000855,0.0,1.0,0.7141127670455987,0.2830487264146519,0.6882843977753166,0.7700437463838088,0.6856699750249071,0.7693978432573099,0.68952310235956,0.7443577546422704,0.9156069294170811,0.723,0.8885531554443702,0.0,0.25114193750346236,0.6103378046779584,0.0,0.8172952010324597,0.0,1.0,0.27290363832587045,0.7962436990882084,0.6502661975760033,0.8135,0.7856351326693648,0.0,0.7217042781462675,0.2630435866757971,0.7295125673201504,0.7464730976849606,0.0,0.0,0.0,0.0,0.0,0.0,0.0,0.0,0.0,0.0,0.0,0.0,0.0,0.0,0.0,0.0,0.0,0.0,0.0,0.0,0.0,0.0,0.0,0.0,0.0,0.0,0.0,0.7516673341840344,0.7398400218142456,1.0,0.9638607215532803,0.8135,0.42,0.0,0.0,0.723,0.723,0.6537567317442412,0.6840013197494732,1.0,0.8823278733888097,0.8135,0.42,0.0,0.0,0.723,0.407,0.675345962984788,0.6333835957737948,1.0,0.9749625940602187,0.8135,0.42,0.0,0.0,0.723,0.723,0.6035663331208105,0.7632457008229241,1.0,1.0,0.8135,0.8135,0.0,0.0,0.6708709050737289,0.6258589744243133,1.0,0.8844298316080906,0.42,0.42,0.0,0.0,0.7760380369550045,0.6845025759180287,1.0,0.8728462828589578,0.42,0.8135,0.0,0.0,0.7377083832411963,0.5890116323190631,1.0,1.0,0.8135,0.0,0.0,0.723,0.723,0.7621769111057197,0.7106539977369839,1.0,0.8963747905543019,0.8135,0.8135,0.0,0.0,0.723,0.407,0.7047357211655356,0.6052935106352558,1.0,0.9612297589827521,0.42,0.8135,0.0,0.0,0.407,0.723,0.722529475340873,0.7204436769343838,1.0,1.0,0.42,0.42,0.0,0.0,0.723,0.723,0.7401642886159536,0.6414218481024961,1.0,1.0,0.8135,0.42,0.0,0.0,0.723,0.723,0.7683910396287192,0.705144626729188,1.0,0.93497153198107,0.0,0.407,0.723,0.623766838873907,0.6447833354215822,1.0,0.9584852814910788,0.42,0.42,0.0,0.0,0.723,0.723,0.6848702582507569,0.6791141138277159,1.0,1.0,0.42,0.42,0.0,0.0,0.6491129349063592,0.5873966508868946,1.0,1.0,0.42,0.8135,0.0,0.0,0.7380408548784674,0.7114698352651441,1.0,0.9636951014866617,0.42,0.42,0.0,0.0,0.766629058344903,0.7382674420921255,1.0,0.8823597848901708,0.42,0.42,0.0,0.0,0.6487611359157202,0.6370496724880258,1.0,0.8740870564687059,0.42,0.8135,0.0,0.0,0.6141935334896496,0.7327470585322939,1.0,0.9740044683953636,0.8135,0.8135,0.0,0.0,0.7732681001902557,0.6784116997792897,1.0,0.9874604198761363,0.8135,0.8135,0.0,0.0,0.6711348341830626,0.5803752109913429,1.0,0.9827425830908035,0.8135,0.8135,0.0,0.0,0.723,0.407,0.7934296652031562,0.6284059744838587,1.0,0.8750876434309757,0.42,0.8135,0.0,0.0,0.7582798375386324,0.7201190666087737,1.0,0.9003675622508334,0.8135,0.8135,0.0,0.0,0.407,0.407,0.6901202714244996,0.6157425989529733,1.0,1.0,0.42,0.8135,0.0,0.0,0.6208599333986764,0.7079185489631774,1.0,1.0,0.8135,0.8135,0.0,0.0,0.7995293008282245,0.7486898262325785,1.0,0.9967417273108113,0.8135,0.8135,0.0,0.0,0.6208607029847099,0.6622675832426685,1.0,0.9068366809794567,0.8135,0.42,0.0,0.0
,122,1.0,0.7200062235319811,0.6902979715592436,0.7780283645500766,0.5893663811458223,0.676448987587583,0.8868467156974715,0.0,1.0,0.7562545054237466,0.26091538025466765,0.6567249781286957,0.6530074247136426,0.7392440708365928,0.7332659050268051,1.0,0.4016,0.8399400626285749,0.0,1.0,0.7858829089967807,0.2572423302159439,0.8150574377976805,0.6878755959650097,0.7612568940942418,0.7950622751689711,0.657986291057848,0.652898407252231,1.0,0.7256,0.812,0.9409075704459899,0.0,0.7384883995228695,0.27126138452940984,0.7269468513987332,0.7632551707016448,0.6759038256290042,0.9241720837500457,0.0,0.2728840021462723,0.693990773723667,0.7751458182620317,1.0,0.2589115534401562,0.812,0.0,0.6630341675070435,0.26142113356830093,0.7884869942571767,0.6946010495049999,0.7442543858072213,0.9228929325509765,0.9325461204490425,0.0,1.0,0.7074675192042303,0.2897825972881416,0.6940434613591012,0.8061052018166212,0.72778021435756,0.6208775205700721,0.625599442966835,0.7622989177563683,0.9180864588853435,0.812,0.906665740797902,0.0,1.0,0.7917362352178465,0.2390606405660101,0.7725969215768982,0.82760660689684,0.772602164822527,0.7432743087024192,0.58405581099078,0.6283628813447326,0.9205740091139506,0.4016,0.9073008832277851,0.0,1.0,0.8137252345825634,0.2721399422520431,0.7459191798242122,0.7840052906046194,0.6719904905319766,0.6746327390944329,1.0,0.4016,0.8155293251280923,0.0,1.0,0.6899373174376329,0.25974596283171797,0.8183320569850787,0.6849386821949068,0.6742261450238185,0.7640112209485963,0.7862377083867127,1.0,0.4016,0.8551049398733115,0.0,1.0,0.7271936566675511,0.7731271079945395,0.6717560628360981,0.5802633687459491,0.7200087229224705,0.7256,0.7929977289705824,0.0,1.0,0.7691715525348832,0.8132452773218886,0.7668868726101258,0.7280914310038655,0.7529082311173811,0.8730159828418825,0.812,0.9441447852681512,0.0,1.0,0.7374496848195548,0.2983929179473973,0.781540577122514,0.7093454038826272,0.779770499364993,0.7064264414952981,0.7502001893488752,0.812,0.9433424298702928,0.0,0.5826040854933594,0.914670991783938,0.0,1.0,0.82261674376616,0.23797306903587442,0.6345524248665112,0.6255766057117242,0.9346341025900003,0.0,0.6346869777361903,0.25586356277792743,0.7491893245516932,0.6136845438857563,0.7046231742063993,0.7443118353121085,0.9325217514351399,0.812,0.7824618919200217,0.0,0.812,0.0,0.6766463067203774,0.6541626075782567,0.0,1.0,0.7136115074077879,0.24347561279906826,0.6384280679370191,0.6957662067019845,0.6417117474209919,0.769907853982184,0.6088642810158804,0.7384012496522986,1.0,0.4016,0.7567450807686879,0.0,1.0,0.6581203715989015,0.26813808945668594,0.7442767987504108,0.730822957481909,0.7267342009542656,0.7828171272069456,0.6438666287530641,0.7910376497709825,1.0,0.812,0.9434556990503695,0.0,0.7532057130093461,0.2777070845329786,0.7198929314544775,0.6526576554548664,0.7901244397000855,0.0,1.0,0.7141127670455987,0.2830487264146519,0.6882843977753166,0.7700437463838088,0.6856699750249071,0.7693978432573099,0.68952310235956,0.7443577546422704,0.9156069294170811,0.7256,0.8885531554443702,0.0,0.25114193750346236,0.6103378046779584,0.0,0.8172952010324597,0.0,1.0,0.27290363832587045,0.7962436990882084,0.6502661975760033,0.812,0.7856351326693648,0.0,0.7217042781462675,0.2630435866757971,0.7295125673201504,0.7464730976849606,0.0,0.0,0.0,0.0,0.0,0.0,0.0,0.0,0.0,0.0,0.0,0.0,0.0,0.0,0.0,0.0,0.0,0.0,0.0,0.0,0.0,0.0,0.0,0.0,0.0,0.0,0.0,0.7516673341840344,0.7398400218142456,1.0,0.9638607215532803,0.812,0.4016,0.0,0.0,0.7256,0.7256,0.6537567317442412,0.6840013197494732,1.0,0.8823278733888097,0.812,0.4016,0.0,0.0,0.7256,0.4133,0.675345962984788,0.6333835957737948,1.0,0.9749625940602187,0.812,0.4016,0.0,0.0,0.7256,0.7256,0.6035663331208105,0.7632457008229241,1.0,1.0,0.812,0.812,0.0,0.0,0.6708709050737289,0.6258589744243133,1.0,0.8844298316080906,0.4016,0.4016,0.0,0.0,0.7760380369550045,0.6845025759180287,1.0,0.8728462828589578,0.4016,0.812,0.0,0.0,0.7377083832411963,0.5890116323190631,1.0,1.0,0.812,0.0,0.0,0.7256,0.7256,0.7621769111057197,0.7106539977369839,1.0,0.8963747905543019,0.812,0.812,0.0,0.0,0.7256,0.4133,0.7047357211655356,0.6052935106352558,1.0,0.9612297589827521,0.4016,0.812,0.0,0.0,0.4133,0.7256,0.722529475340873,0.7204436769343838,1.0,1.0,0.4016,0.4016,0.0,0.0,0.7256,0.7256,0.7401642886159536,0.6414218481024961,1.0,1.0,0.812,0.4016,0.0,0.0,0.7256,0.7256,0.7683910396287192,0.705144626729188,1.0,0.93497153198107,0.0,0.4133,0.7256,0.623766838873907,0.6447833354215822,1.0,0.9584852814910788,0.4016,0.4016,0.0,0.0,0.7256,0.7256,0.6848702582507569,0.6791141138277159,1.0,1.0,0.4016,0.4016,0.0,0.0,0.6491129349063592,0.5873966508868946,1.0,1.0,0.4016,0.812,0.0,0.0,0.7380408548784674,0.7114698352651441,1.0,0.9636951014866617,0.4016,0.4016,0.0,0.0,0.766629058344903,0.7382674420921255,1.0,0.8823597848901708,0.4016,0.4016,0.0,0.0,0.6487611359157202,0.6370496724880258,1.0,0.8740870564687059,0.4016,0.812,0.0,0.0,0.6141935334896496,0.7327470585322939,1.0,0.9740044683953636,0.812,0.812,0.0,0.0,0.7732681001902557,0.6784116997792897,1.0,0.9874604198761363,0.812,0.812,0.0,0.0,0.6711348341830626,0.5803752109913429,1.0,0.9827425830908035,0.812,0.812,0.0,0.0,0.7256,0.4133,0.7934296652031562,0.6284059744838587,1.0,0.8750876434309757,0.4016,0.812,0.0,0.0,0.7582798375386324,0.7201190666087737,1.0,0.9003675622508334,0.812,0.812,0.0,0.0,0.4133,0.4133,0.6901202714244996,0.6157425989529733,1.0,1.0,0.4016,0.812,0.0,0.0,0.6208599333986764,0.7079185489631774,1.0,1.0,0.812,0.812,0.0,0.0,0.7995293008282245,0.7486898262325785,1.0,0.9967417273108113,0.812,0.812,0.0,0.0,0.6208607029847099,0.6622675832426685,1.0,0.9068366809794567,0.812,0.4016,0.0,0.0
,123,1.0,0.7200062235319811,0.6902979715592436,0.7780283645500766,0.5893663811458223,0.676448987587583,0.8868467156974715,0.0,1.0,0.7562545054237466,0.26091538025466765,0.6567249781286957,0.6530074247136426,0.7392440708365928,0.7332659050268051,1.0,0.3923,0.8399400626285749,0.0,1.0,0.7858829089967807,0.2572423302159439,0.8150574377976805,0.6878755959650097,0.7612568940942418,0.7950622751689711,0.657986291057848,0.652898407252231,1.0,0.7134,0.801,0.9409075704459899,0.0,0.7384883995228695,0.27126138452940984,0.7269468513987332,0.7632551707016448,0.6759038256290042,0.9241720837500457,0.0,0.2728840021462723,0.693990773723667,0.7751458182620317,1.0,0.2589115534401562,0.801,0.0,0.6630341675070435,0.26142113356830093,0.7884869942571767,0.6946010495049999,0.7442543858072213,0.9228929325509765,0.9325461204490425,0.0,1.0,0.7074675192042303,0.2897825972881416,0.6940434613591012,0.8061052018166212,0.72778021435756,0.6208775205700721,0.625599442966835,0.7622989177563683,0.9180864588853435,0.801,0.906665740797902,0.0,1.0,0.7917362352178465,0.2390606405660101,0.7725969215768982,0.82760660689684,0.772602164822527,0.7432743087024192,0.58405581099078,0.6283628813447326,0.9205740091139506,0.3923,0.9073008832277851,0.0,1.0,0.8137252345825634,0.2721399422520431,0.7459191798242122,0.7840052906046194,0.6719904905319766,0.6746327390944329,1.0,0.3923,0.8155293251280923,0.0,1.0,0.6899373174376329,0.25974596283171797,0.8183320569850787,0.6849386821949068,0.6742261450238185,0.7640112209485963,0.7862377083867127,1.0,0.3923,0.8551049398733115,0.0,1.0,0.7271936566675511,0.7731271079945395,0.6717560628360981,0.5802633687459491,0.7200087229224705,0.7134,0.7929977289705824,0.0,1.0,0.7691715525348832,0.8132452773218886,0.7668868726101258,0.7280914310038655,0.7529082311173811,0.8730159828418825,0.801,0.9441447852681512,0.0,1.0,0.7374496848195548,0.2983929179473973,0.781540577122514,0.7093454038826272,0.779770499364993,0.7064264414952981,0.7502001893488752,0.801,0.9433424298702928,0.0,0.5826040854933594,0.914670991783938,0.0,1.0,0.82261674376616,0.23797306903587442,0.6345524248665112,0.6255766057117242,0.9346341025900003,0.0,0.6346869777361903,0.25586356277792743,0.7491893245516932,0.6136845438857563,0.7046231742063993,0.7443118353121085,0.9325217514351399,0.801,0.7824618919200217,0.0,0.801,0.0,0.6766463067203774,0.6541626075782567,0.0,1.0,0.7136115074077879,0.24347561279906826,0.6384280679370191,0.6957662067019845,0.6417117474209919,0.769907853982184,0.6088642810158804,0.7384012496522986,1.0,0.3923,0.7567450807686879,0.0,1.0,0.6581203715989015,0.26813808945668594,0.7442767987504108,0.730822957481909,0.7267342009542656,0.7828171272069456,0.6438666287530641,0.7910376497709825,1.0,0.801,0.9434556990503695,0.0,0.7532057130093461,0.2777070845329786,0.7198929314544775,0.6526576554548664,0.7901244397000855,0.0,1.0,0.7141127670455987,0.2830487264146519,0.6882843977753166,0.7700437463838088,0.6856699750249071,0.7693978432573099,0.68952310235956,0.7443577546422704,0.9156069294170811,0.7134,0.8885531554443702,0.0,0.25114193750346236,0.6103378046779584,0.0,0.8172952010324597,0.0,1.0,0.27290363832587045,0.7962436990882084,0.6502661975760033,0.801,0.7856351326693648,0.0,0.7217042781462675,0.2630435866757971,0.7295125673201504,0.7464730976849606,0.0,0.0,0.0,0.0,0.0,0.0,0.0,0.0,0.0,0.0,0.0,0.0,0.0,0.0,0.0,0.0,0.0,0.0,0.0,0.0,0.0,0.0,0.0,0.0,0.0,0.0,0.0,0.7516673341840344,0.7398400218142456,1.0,0.9638607215532803,0.801,0.3923,0.0,0.0,0.7134,0.7134,0.6537567317442412,0.6840013197494732,1.0,0.8823278733888097,0.801,0.3923,0.0,0.0,0.7134,0.4453,0.675345962984788,0.6333835957737948,1.0,0.9749625940602187,0.801,0.3923,0.0,0.0,0.7134,0.7134,0.6035663331208105,0.7632457008229241,1.0,1.0,0.801,0.801,0.0,0.0,0.6708709050737289,0.6258589744243133,1.0,0.8844298316080906,0.3923,0.3923,0.0,0.0,0.7760380369550045,0.6845025759180287,1.0,0.8728462828589578,0.3923,0.801,0.0,0.0,0.7377083832411963,0.5890116323190631,1.0,1.0,0.801,0.0,0.0,0.7134,0.7134,0.7621769111057197,0.7106539977369839,1.0,0.8963747905543019,0.801,0.801,0.0,0.0,0.7134,0.4453,0.7047357211655356,0.6052935106352558,1.0,0.9612297589827521,0.3923,0.801,0.0,0.0,0.4453,0.7134,0.722529475340873,0.7204436769343838,1.0,1.0,0.3923,0.3923,0.0,0.0,0.7134,0.7134,0.7401642886159536,0.6414218481024961,1.0,1.0,0.801,0.3923,0.0,0.0,0.7134,0.7134,0.7683910396287192,0.705144626729188,1.0,0.93497153198107,0.0,0.4453,0.7134,0.623766838873907,0.6447833354215822,1.0,0.9584852814910788,0.3923,0.3923,0.0,0.0,0.7134,0.7134,0.6848702582507569,0.6791141138277159,1.0,1.0,0.3923,0.3923,0.0,0.0,0.6491129349063592,0.5873966508868946,1.0,1.0,0.3923,0.801,0.0,0.0,0.7380408548784674,0.7114698352651441,1.0,0.9636951014866617,0.3923,0.3923,0.0,0.0,0.766629058344903,0.7382674420921255,1.0,0.8823597848901708,0.3923,0.3923,0.0,0.0,0.6487611359157202,0.6370496724880258,1.0,0.8740870564687059,0.3923,0.801,0.0,0.0,0.6141935334896496,0.7327470585322939,1.0,0.9740044683953636,0.801,0.801,0.0,0.0,0.7732681001902557,0.6784116997792897,1.0,0.9874604198761363,0.801,0.801,0.0,0.0,0.6711348341830626,0.5803752109913429,1.0,0.9827425830908035,0.801,0.801,0.0,0.0,0.7134,0.4453,0.7934296652031562,0.6284059744838587,1.0,0.8750876434309757,0.3923,0.801,0.0,0.0,0.7582798375386324,0.7201190666087737,1.0,0.9003675622508334,0.801,0.801,0.0,0.0,0.4453,0.4453,0.6901202714244996,0.6157425989529733,1.0,1.0,0.3923,0.801,0.0,0.0,0.6208599333986764,0.7079185489631774,1.0,1.0,0.801,0.801,0.0,0.0,0.7995293008282245,0.7486898262325785,1.0,0.9967417273108113,0.801,0.801,0.0,0.0,0.6208607029847099,0.6622675832426685,1.0,0.9068366809794567,0.801,0.3923,0.0,0.0
,124,1.0,0.7200062235319811,0.6902979715592436,0.7780283645500766,0.5893663811458223,0.676448987587583,0.8868467156974715,0.0,1.0,0.7562545054237466,0.26091538025466765,0.6567249781286957,0.6530074247136426,0.7392440708365928,0.7332659050268051,1.0,0.384,0.8399400626285749,0.0,1.0,0.7858829089967807,0.2572423302159439,0.8150574377976805,0.6878755959650097,0.7612568940942418,0.7950622751689711,0.657986291057848,0.652898407252231,1.0,0.702,0.7793,0.9409075704459899,0.0,0.7384883995228695,0.27126138452940984,0.7269468513987332,0.7632551707016448,0.6759038256290042,0.9241720837500457,0.0,0.2728840021462723,0.693990773723667,0.7751458182620317,1.0,0.2589115534401562,0.7793,0.0,0.6630341675070435,0.26142113356830093,0.7884869942571767,0.6946010495049999,0.7442543858072213,0.9228929325509765,0.9325461204490425,0.0,1.0,0.7074675192042303,0.2897825972881416,0.6940434613591012,0.8061052018166212,0.72778021435756,0.6208775205700721,0.625599442966835,0.7622989177563683,0.9180864588853435,0.7793,0.906665740797902,0.0,1.0,0.7917362352178465,0.2390606405660101,0.7725969215768982,0.82760660689684,0.772602164822527,0.7432743087024192,0.58405581099078,0.6283628813447326,0.9205740091139506,0.384,0.9073008832277851,0.0,1.0,0.8137252345825634,0.2721399422520431,0.7459191798242122,0.7840052906046194,0.6719904905319766,0.6746327390944329,1.0,0.384,0.8155293251280923,0.0,1.0,0.6899373174376329,0.25974596283171797,0.8183320569850787,0.6849386821949068,0.6742261450238185,0.7640112209485963,0.7862377083867127,1.0,0.384,0.8551049398733115,0.0,1.0,0.7271936566675511,0.7731271079945395,0.6717560628360981,0.5802633687459491,0.7200087229224705,0.702,0.7929977289705824,0.0,1.0,0.7691715525348832,0.8132452773218886,0.7668868726101258,0.7280914310038655,0.7529082311173811,0.8730159828418825,0.7793,0.9441447852681512,0.0,1.0,0.7374496848195548,0.2983929179473973,0.781540577122514,0.7093454038826272,0.779770499364993,0.7064264414952981,0.7502001893488752,0.7793,0.9433424298702928,0.0,0.5826040854933594,0.914670991783938,0.0,1.0,0.82261674376616,0.23797306903587442,0.6345524248665112,0.6255766057117242,0.9346341025900003,0.0,0.6346869777361903,0.25586356277792743,0.7491893245516932,0.6136845438857563,0.7046231742063993,0.7443118353121085,0.9325217514351399,0.7793,0.7824618919200217,0.0,0.7793,0.0,0.6766463067203774,0.6541626075782567,0.0,1.0,0.7136115074077879,0.24347561279906826,0.6384280679370191,0.6957662067019845,0.6417117474209919,0.769907853982184,0.6088642810158804,0.7384012496522986,1.0,0.384,0.7567450807686879,0.0,1.0,0.6581203715989015,0.26813808945668594,0.7442767987504108,0.730822957481909,0.7267342009542656,0.7828171272069456,0.6438666287530641,0.7910376497709825,1.0,0.7793,0.9434556990503695,0.0,0.7532057130093461,0.2777070845329786,0.7198929314544775,0.6526576554548664,0.7901244397000855,0.0,1.0,0.7141127670455987,0.2830487264146519,0.6882843977753166,0.7700437463838088,0.6856699750249071,0.7693978432573099,0.68952310235956,0.7443577546422704,0.9156069294170811,0.702,0.8885531554443702,0.0,0.25114193750346236,0.6103378046779584,0.0,0.8172952010324597,0.0,1.0,0.27290363832587045,0.7962436990882084,0.6502661975760033,0.7793,0.7856351326693648,0.0,0.7217042781462675,0.2630435866757971,0.7295125673201504,0.7464730976849606,0.0,0.0,0.0,0.0,0.0,0.0,0.0,0.0,0.0,0.0,0.0,0.0,0.0,0.0,0.0,0.0,0.0,0.0,0.0,0.0,0.0,0.0,0.0,0.0,0.0,0.0,0.0,0.7516673341840344,0.7398400218142456,1.0,0.9638607215532803,0.7793,0.384,0.0,0.0,0.702,0.702,0.6537567317442412,0.6840013197494732,1.0,0.8823278733888097,0.7793,0.384,0.0,0.0,0.702,0.4714,0.675345962984788,0.6333835957737948,1.0,0.9749625940602187,0.7793,0.384,0.0,0.0,0.702,0.702,0.6035663331208105,0.7632457008229241,1.0,1.0,0.7793,0.7793,0.0,0.0,0.6708709050737289,0.6258589744243133,1.0,0.8844298316080906,0.384,0.384,0.0,0.0,0.7760380369550045,0.6845025759180287,1.0,0.8728462828589578,0.384,0.7793,0.0,0.0,0.7377083832411963,0.5890116323190631,1.0,1.0,0.7793,0.0,0.0,0.702,0.702,0.7621769111057197,0.7106539977369839,1.0,0.8963747905543019,0.7793,0.7793,0.0,0.0,0.702,0.4714,0.7047357211655356,0.6052935106352558,1.0,0.9612297589827521,0.384,0.7793,0.0,0.0,0.4714,0.702,0.722529475340873,0.7204436769343838,1.0,1.0,0.384,0.384,0.0,0.0,0.702,0.702,0.7401642886159536,0.6414218481024961,1.0,1.0,0.7793,0.384,0.0,0.0,0.702,0.702,0.7683910396287192,0.705144626729188,1.0,0.93497153198107,0.0,0.4714,0.702,0.623766838873907,0.6447833354215822,1.0,0.9584852814910788,0.384,0.384,0.0,0.0,0.702,0.702,0.6848702582507569,0.6791141138277159,1.0,1.0,0.384,0.384,0.0,0.0,0.6491129349063592,0.5873966508868946,1.0,1.0,0.384,0.7793,0.0,0.0,0.7380408548784674,0.7114698352651441,1.0,0.9636951014866617,0.384,0.384,0.0,0.0,0.766629058344903,0.7382674420921255,1.0,0.8823597848901708,0.384,0.384,0.0,0.0,0.6487611359157202,0.6370496724880258,1.0,0.8740870564687059,0.384,0.7793,0.0,0.0,0.6141935334896496,0.7327470585322939,1.0,0.9740044683953636,0.7793,0.7793,0.0,0.0,0.7732681001902557,0.6784116997792897,1.0,0.9874604198761363,0.7793,0.7793,0.0,0.0,0.6711348341830626,0.5803752109913429,1.0,0.9827425830908035,0.7793,0.7793,0.0,0.0,0.702,0.4714,0.7934296652031562,0.6284059744838587,1.0,0.8750876434309757,0.384,0.7793,0.0,0.0,0.7582798375386324,0.7201190666087737,1.0,0.9003675622508334,0.7793,0.7793,0.0,0.0,0.4714,0.4714,0.6901202714244996,0.6157425989529733,1.0,1.0,0.384,0.7793,0.0,0.0,0.6208599333986764,0.7079185489631774,1.0,1.0,0.7793,0.7793,0.0,0.0,0.7995293008282245,0.7486898262325785,1.0,0.9967417273108113,0.7793,0.7793,0.0,0.0,0.6208607029847099,0.6622675832426685,1.0,0.9068366809794567,0.7793,0.384,0.0,0.0
,125,1.0,0.7200062235319811,0.6902979715592436,0.7780283645500766,0.5893663811458223,0.676448987587583,0.8868467156974715,0.0,1.0,0.7562545054237466,0.26091538025466765,0.6567249781286957,0.6530074247136426,0.7392440708365928,0.7332659050268051,1.0,0.3752,0.8399400626285749,0.0,1.0,0.7858829089967807,0.2572423302159439,0.8150574377976805,0.6878755959650097,0.7612568940942418,0.7950622751689711,0.657986291057848,0.652898407252231,1.0,0.699,0.7573,0.9409075704459899,0.0,0.7384883995228695,0.27126138452940984,0.7269468513987332,0.7632551707016448,0.6759038256290042,0.9241720837500457,0.0,0.2728840021462723,0.693990773723667,0.7751458182620317,1.0,0.2589115534401562,0.7573,0.0,0.6630341675070435,0.26142113356830093,0.7884869942571767,0.6946010495049999,0.7442543858072213,0.9228929325509765,0.9325461204490425,0.0,1.0,0.7074675192042303,0.2897825972881416,0.6940434613591012,0.8061052018166212,0.72778021435756,0.6208775205700721,0.625599442966835,0.7622989177563683,0.9180864588853435,0.7573,0.906665740797902,0.0,1.0,0.7917362352178465,0.2390606405660101,0.7725969215768982,0.82760660689684,0.772602164822527,0.7432743087024192,0.58405581099078,0.6283628813447326,0.9205740091139506,0.3752,0.9073008832277851,0.0,1.0,0.8137252345825634,0.2721399422520431,0.7459191798242122,0.7840052906046194,0.6719904905319766,0.6746327390944329,1.0,0.3752,0.8155293251280923,0.0,1.0,0.6899373174376329,0.25974596283171797,0.8183320569850787,0.6849386821949068,0.6742261450238185,0.7640112209485963,0.7862377083867127,1.0,0.3752,0.8551049398733115,0.0,1.0,0.7271936566675511,0.7731271079945395,0.6717560628360981,0.5802633687459491,0.7200087229224705,0.699,0.7929977289705824,0.0,1.0,0.7691715525348832,0.8132452773218886,0.7668868726101258,0.7280914310038655,0.7529082311173811,0.8730159828418825,0.7573,0.9441447852681512,0.0,1.0,0.7374496848195548,0.2983929179473973,0.781540577122514,0.7093454038826272,0.779770499364993,0.7064264414952981,0.7502001893488752,0.7573,0.9433424298702928,0.0,0.5826040854933594,0.914670991783938,0.0,1.0,0.82261674376616,0.23797306903587442,0.6345524248665112,0.6255766057117242,0.9346341025900003,0.0,0.6346869777361903,0.25586356277792743,0.7491893245516932,0.6136845438857563,0.7046231742063993,0.7443118353121085,0.9325217514351399,0.7573,0.7824618919200217,0.0,0.7573,0.0,0.6766463067203774,0.6541626075782567,0.0,1.0,0.7136115074077879,0.24347561279906826,0.6384280679370191,0.6957662067019845,0.6417117474209919,0.769907853982184,0.6088642810158804,0.7384012496522986,1.0,0.3752,0.7567450807686879,0.0,1.0,0.6581203715989015,0.26813808945668594,0.7442767987504108,0.730822957481909,0.7267342009542656,0.7828171272069456,0.6438666287530641,0.7910376497709825,1.0,0.7573,0.9434556990503695,0.0,0.7532057130093461,0.2777070845329786,0.7198929314544775,0.6526576554548664,0.7901244397000855,0.0,1.0,0.7141127670455987,0.2830487264146519,0.6882843977753166,0.7700437463838088,0.6856699750249071,0.7693978432573099,0.68952310235956,0.7443577546422704,0.9156069294170811,0.699,0.8885531554443702,0.0,0.25114193750346236,0.6103378046779584,0.0,0.8172952010324597,0.0,1.0,0.27290363832587045,0.7962436990882084,0.6502661975760033,0.7573,0.7856351326693648,0.0,0.7217042781462675,0.2630435866757971,0.7295125673201504,0.7464730976849606,0.0,0.0,0.0,0.0,0.0,0.0,0.0,0.0,0.0,0.0,0.0,0.0,0.0,0.0,0.0,0.0,0.0,0.0,0.0,0.0,0.0,0.0,0.0,0.0,0.0,0.0,0.0,0.7516673341840344,0.7398400218142456,1.0,0.9638607215532803,0.7573,0.3752,0.0,0.0,0.699,0.699,0.6537567317442412,0.6840013197494732,1.0,0.8823278733888097,0.7573,0.3752,0.0,0.0,0.699,0.4856,0.675345962984788,0.6333835957737948,1.0,0.9749625940602187,0.7573,0.3752,0.0,0.0,0.699,0.699,0.6035663331208105,0.7632457008229241,1.0,1.0,0.7573,0.7573,0.0,0.0,0.6708709050737289,0.6258589744243133,1.0,0.8844298316080906,0.3752,0.3752,0.0,0.0,0.7760380369550045,0.6845025759180287,1.0,0.8728462828589578,0.3752,0.7573,0.0,0.0,0.7377083832411963,0.5890116323190631,1.0,1.0,0.7573,0.0,0.0,0.699,0.699,0.7621769111057197,0.7106539977369839,1.0,0.8963747905543019,0.7573,0.7573,0.0,0.0,0.699,0.4856,0.7047357211655356,0.6052935106352558,1.0,0.9612297589827521,0.3752,0.7573,0.0,0.0,0.4856,0.699,0.722529475340873,0.7204436769343838,1.0,1.0,0.3752,0.3752,0.0,0.0,0.699,0.699,0.7401642886159536,0.6414218481024961,1.0,1.0,0.7573,0.3752,0.0,0.0,0.699,0.699,0.7683910396287192,0.705144626729188,1.0,0.93497153198107,0.0,0.4856,0.699,0.623766838873907,0.6447833354215822,1.0,0.9584852814910788,0.3752,0.3752,0.0,0.0,0.699,0.699,0.6848702582507569,0.6791141138277159,1.0,1.0,0.3752,0.3752,0.0,0.0,0.6491129349063592,0.5873966508868946,1.0,1.0,0.3752,0.7573,0.0,0.0,0.7380408548784674,0.7114698352651441,1.0,0.9636951014866617,0.3752,0.3752,0.0,0.0,0.766629058344903,0.7382674420921255,1.0,0.8823597848901708,0.3752,0.3752,0.0,0.0,0.6487611359157202,0.6370496724880258,1.0,0.8740870564687059,0.3752,0.7573,0.0,0.0,0.6141935334896496,0.7327470585322939,1.0,0.9740044683953636,0.7573,0.7573,0.0,0.0,0.7732681001902557,0.6784116997792897,1.0,0.9874604198761363,0.7573,0.7573,0.0,0.0,0.6711348341830626,0.5803752109913429,1.0,0.9827425830908035,0.7573,0.7573,0.0,0.0,0.699,0.4856,0.7934296652031562,0.6284059744838587,1.0,0.8750876434309757,0.3752,0.7573,0.0,0.0,0.7582798375386324,0.7201190666087737,1.0,0.9003675622508334,0.7573,0.7573,0.0,0.0,0.4856,0.4856,0.6901202714244996,0.6157425989529733,1.0,1.0,0.3752,0.7573,0.0,0.0,0.6208599333986764,0.7079185489631774,1.0,1.0,0.7573,0.7573,0.0,0.0,0.7995293008282245,0.7486898262325785,1.0,0.9967417273108113,0.7573,0.7573,0.0,0.0,0.6208607029847099,0.6622675832426685,1.0,0.9068366809794567,0.7573,0.3752,0.0,0.0
,126,1.0,0.7200062235319811,0.6902979715592436,0.7780283645500766,0.5893663811458223,0.676448987587583,0.8868467156974715,0.0,1.0,0.7562545054237466,0.26091538025466765,0.6567249781286957,0.6530074247136426,0.7392440708365928,0.7332659050268051,1.0,0.3691,0.8399400626285749,0.0,1.0,0.7858829089967807,0.2572423302159439,0.8150574377976805,0.6878755959650097,0.7612568940942418,0.7950622751689711,0.657986291057848,0.652898407252231,1.0,0.695,0.734,0.9409075704459899,0.0,0.7384883995228695,0.27126138452940984,0.7269468513987332,0.7632551707016448,0.6759038256290042,0.9241720837500457,0.0,0.2728840021462723,0.693990773723667,0.7751458182620317,1.0,0.2589115534401562,0.734,0.0,0.6630341675070435,0.26142113356830093,0.7884869942571767,0.6946010495049999,0.7442543858072213,0.9228929325509765,0.9325461204490425,0.0,1.0,0.7074675192042303,0.2897825972881416,0.6940434613591012,0.8061052018166212,0.72778021435756,0.6208775205700721,0.625599442966835,0.7622989177563683,0.9180864588853435,0.734,0.906665740797902,0.0,1.0,0.7917362352178465,0.2390606405660101,0.7725969215768982,0.82760660689684,0.772602164822527,0.7432743087024192,0.58405581099078,0.6283628813447326,0.9205740091139506,0.3691,0.9073008832277851,0.0,1.0,0.8137252345825634,0.2721399422520431,0.7459191798242122,0.7840052906046194,0.6719904905319766,0.6746327390944329,1.0,0.3691,0.8155293251280923,0.0,1.0,0.6899373174376329,0.25974596283171797,0.8183320569850787,0.6849386821949068,0.6742261450238185,0.7640112209485963,0.7862377083867127,1.0,0.3691,0.8551049398733115,0.0,1.0,0.7271936566675511,0.7731271079945395,0.6717560628360981,0.5802633687459491,0.7200087229224705,0.695,0.7929977289705824,0.0,1.0,0.7691715525348832,0.8132452773218886,0.7668868726101258,0.7280914310038655,0.7529082311173811,0.8730159828418825,0.734,0.9441447852681512,0.0,1.0,0.7374496848195548,0.2983929179473973,0.781540577122514,0.7093454038826272,0.779770499364993,0.7064264414952981,0.7502001893488752,0.734,0.9433424298702928,0.0,0.5826040854933594,0.914670991783938,0.0,1.0,0.82261674376616,0.23797306903587442,0.6345524248665112,0.6255766057117242,0.9346341025900003,0.0,0.6346869777361903,0.25586356277792743,0.7491893245516932,0.6136845438857563,0.7046231742063993,0.7443118353121085,0.9325217514351399,0.734,0.7824618919200217,0.0,0.734,0.0,0.6766463067203774,0.6541626075782567,0.0,1.0,0.7136115074077879,0.24347561279906826,0.6384280679370191,0.6957662067019845,0.6417117474209919,0.769907853982184,0.6088642810158804,0.7384012496522986,1.0,0.3691,0.7567450807686879,0.0,1.0,0.6581203715989015,0.26813808945668594,0.7442767987504108,0.730822957481909,0.7267342009542656,0.7828171272069456,0.6438666287530641,0.7910376497709825,1.0,0.734,0.9434556990503695,0.0,0.7532057130093461,0.2777070845329786,0.7198929314544775,0.6526576554548664,0.7901244397000855,0.0,1.0,0.7141127670455987,0.2830487264146519,0.6882843977753166,0.7700437463838088,0.6856699750249071,0.7693978432573099,0.68952310235956,0.7443577546422704,0.9156069294170811,0.695,0.8885531554443702,0.0,0.25114193750346236,0.6103378046779584,0.0,0.8172952010324597,0.0,1.0,0.27290363832587045,0.7962436990882084,0.6502661975760033,0.734,0.7856351326693648,0.0,0.7217042781462675,0.2630435866757971,0.7295125673201504,0.7464730976849606,0.0,0.0,0.0,0.0,0.0,0.0,0.0,0.0,0.0,0.0,0.0,0.0,0.0,0.0,0.0,0.0,0.0,0.0,0.0,0.0,0.0,0.0,0.0,0.0,0.0,0.0,0.0,0.7516673341840344,0.7398400218142456,1.0,0.9638607215532803,0.734,0.3691,0.0,0.0,0.695,0.695,0.6537567317442412,0.6840013197494732,1.0,0.8823278733888097,0.734,0.3691,0.0,0.0,0.695,0.487,0.675345962984788,0.6333835957737948,1.0,0.9749625940602187,0.734,0.3691,0.0,0.0,0.695,0.695,0.6035663331208105,0.7632457008229241,1.0,1.0,0.734,0.734,0.0,0.0,0.6708709050737289,0.6258589744243133,1.0,0.8844298316080906,0.3691,0.3691,0.0,0.0,0.7760380369550045,0.6845025759180287,1.0,0.8728462828589578,0.3691,0.734,0.0,0.0,0.7377083832411963,0.5890116323190631,1.0,1.0,0.734,0.0,0.0,0.695,0.695,0.7621769111057197,0.7106539977369839,1.0,0.8963747905543019,0.734,0.734,0.0,0.0,0.695,0.487,0.7047357211655356,0.6052935106352558,1.0,0.9612297589827521,0.3691,0.734,0.0,0.0,0.487,0.695,0.722529475340873,0.7204436769343838,1.0,1.0,0.3691,0.3691,0.0,0.0,0.695,0.695,0.7401642886159536,0.6414218481024961,1.0,1.0,0.734,0.3691,0.0,0.0,0.695,0.695,0.7683910396287192,0.705144626729188,1.0,0.93497153198107,0.0,0.487,0.695,0.623766838873907,0.6447833354215822,1.0,0.9584852814910788,0.3691,0.3691,0.0,0.0,0.695,0.695,0.6848702582507569,0.6791141138277159,1.0,1.0,0.3691,0.3691,0.0,0.0,0.6491129349063592,0.5873966508868946,1.0,1.0,0.3691,0.734,0.0,0.0,0.7380408548784674,0.7114698352651441,1.0,0.9636951014866617,0.3691,0.3691,0.0,0.0,0.766629058344903,0.7382674420921255,1.0,0.8823597848901708,0.3691,0.3691,0.0,0.0,0.6487611359157202,0.6370496724880258,1.0,0.8740870564687059,0.3691,0.734,0.0,0.0,0.6141935334896496,0.7327470585322939,1.0,0.9740044683953636,0.734,0.734,0.0,0.0,0.7732681001902557,0.6784116997792897,1.0,0.9874604198761363,0.734,0.734,0.0,0.0,0.6711348341830626,0.5803752109913429,1.0,0.9827425830908035,0.734,0.734,0.0,0.0,0.695,0.487,0.7934296652031562,0.6284059744838587,1.0,0.8750876434309757,0.3691,0.734,0.0,0.0,0.7582798375386324,0.7201190666087737,1.0,0.9003675622508334,0.734,0.734,0.0,0.0,0.487,0.487,0.6901202714244996,0.6157425989529733,1.0,1.0,0.3691,0.734,0.0,0.0,0.6208599333986764,0.7079185489631774,1.0,1.0,0.734,0.734,0.0,0.0,0.7995293008282245,0.7486898262325785,1.0,0.9967417273108113,0.734,0.734,0.0,0.0,0.6208607029847099,0.6622675832426685,1.0,0.9068366809794567,0.734,0.3691,0.0,0.0
,127,1.0,0.7200062235319811,0.6902979715592436,0.7780283645500766,0.5893663811458223,0.676448987587583,0.8868467156974715,0.0,1.0,0.7562545054237466,0.26091538025466765,0.6567249781286957,0.6530074247136426,0.7392440708365928,0.7332659050268051,1.0,0.363,0.8399400626285749,0.0,1.0,0.7858829089967807,0.2572423302159439,0.8150574377976805,0.6878755959650097,0.7612568940942418,0.7950622751689711,0.657986291057848,0.652898407252231,1.0,0.698,0.7134,0.9409075704459899,0.000603,0.7384883995228695,0.27126138452940984,0.7269468513987332,0.7632551707016448,0.6759038256290042,0.9241720837500457,0.000603,0.2728840021462723,0.693990773723667,0.7751458182620317,1.0,0.2589115534401562,0.7134,0.000603,0.6630341675070435,0.26142113356830093,0.7884869942571767,0.6946010495049999,0.7442543858072213,0.9228929325509765,0.9325461204490425,0.000603,1.0,0.7074675192042303,0.2897825972881416,0.6940434613591012,0.8061052018166212,0.72778021435756,0.6208775205700721,0.625599442966835,0.7622989177563683,0.9180864588853435,0.7134,0.906665740797902,0.0,1.0,0.7917362352178465,0.2390606405660101,0.7725969215768982,0.82760660689684,0.772602164822527,0.7432743087024192,0.58405581099078,0.6283628813447326,0.9205740091139506,0.363,0.9073008832277851,0.0,1.0,0.8137252345825634,0.2721399422520431,0.7459191798242122,0.7840052906046194,0.6719904905319766,0.6746327390944329,1.0,0.363,0.8155293251280923,0.0,1.0,0.6899373174376329,0.25974596283171797,0.8183320569850787,0.6849386821949068,0.6742261450238185,0.7640112209485963,0.7862377083867127,1.0,0.363,0.8551049398733115,0.0,1.0,0.7271936566675511,0.7731271079945395,0.6717560628360981,0.5802633687459491,0.7200087229224705,0.698,0.7929977289705824,0.0,1.0,0.7691715525348832,0.8132452773218886,0.7668868726101258,0.7280914310038655,0.7529082311173811,0.8730159828418825,0.7134,0.9441447852681512,0.0,1.0,0.7374496848195548,0.2983929179473973,0.781540577122514,0.7093454038826272,0.779770499364993,0.7064264414952981,0.7502001893488752,0.7134,0.9433424298702928,0.0,0.5826040854933594,0.914670991783938,0.000603,1.0,0.82261674376616,0.23797306903587442,0.6345524248665112,0.6255766057117242,0.9346341025900003,0.000603,0.6346869777361903,0.25586356277792743,0.7491893245516932,0.6136845438857563,0.7046231742063993,0.7443118353121085,0.9325217514351399,0.7134,0.7824618919200217,0.000603,0.7134,0.000603,0.6766463067203774,0.6541626075782567,0.000603,1.0,0.7136115074077879,0.24347561279906826,0.6384280679370191,0.6957662067019845,0.6417117474209919,0.769907853982184,0.6088642810158804,0.7384012496522986,1.0,0.363,0.7567450807686879,0.0,1.0,0.6581203715989015,0.26813808945668594,0.7442767987504108,0.730822957481909,0.7267342009542656,0.7828171272069456,0.6438666287530641,0.7910376497709825,1.0,0.7134,0.9434556990503695,0.0,0.7532057130093461,0.2777070845329786,0.7198929314544775,0.6526576554548664,0.7901244397000855,0.000603,1.0,0.7141127670455987,0.2830487264146519,0.6882843977753166,0.7700437463838088,0.6856699750249071,0.7693978432573099,0.68952310235956,0.7443577546422704,0.9156069294170811,0.698,0.8885531554443702,0.0,0.25114193750346236,0.6103378046779584,0.0,0.8172952010324597,0.000603,1.0,0.27290363832587045,0.7962436990882084,0.6502661975760033,0.7134,0.7856351326693648,0.000603,0.7217042781462675,0.2630435866757971,0.7295125673201504,0.7464730976849606,0.0,0.0,0.0004803283098583926,0.0004863172780521404,0.0,0.0,0.0,0.00047495226438793375,0.000493894137679366,0.0,0.00047990071993644993,0.0,0.0004921422527292627,0.0,0.0004829581458691156,0.0004941093600571683,0.00048703464219447464,0.0,0.000485054485083582,0.00047058924775003955,0.0004960605692400038,0.0004776313945115195,0.0,0.0,0.000481014441982099,0.0,0.0,0.7516673341840344,0.7398400218142456,1.0,0.9638607215532803,0.7134,0.363,0.000603,0.000603,0.698,0.698,0.6537567317442412,0.6840013197494732,1.0,0.8823278733888097,0.7134,0.363,0.000603,0.000603,0.698,0.5034,0.675345962984788,0.6333835957737948,1.0,0.9749625940602187,0.7134,0.363,0.000603,0.0,0.698,0.698,0.6035663331208105,0.7632457008229241,1.0,1.0,0.7134,0.7134,0.000603,0.0,0.6708709050737289,0.6258589744243133,1.0,0.8844298316080906,0.363,0.363,0.000603,0.000603,0.7760380369550045,0.6845025759180287,1.0,0.8728462828589578,0.363,0.7134,0.0,0.000603,0.7377083832411963,0.5890116323190631,1.0,1.0,0.7134,0.000603,0.000603,0.698,0.698,0.7621769111057197,0.7106539977369839,1.0,0.8963747905543019,0.7134,0.7134,0.000603,0.000603,0.698,0.5034,0.7047357211655356,0.6052935106352558,1.0,0.9612297589827521,0.363,0.7134,0.0,0.0,0.5034,0.698,0.722529475340873,0.7204436769343838,1.0,1.0,0.363,0.363,0.0,0.0,0.698,0.698,0.7401642886159536,0.6414218481024961,1.0,1.0,0.7134,0.363,0.0,0.000603,0.698,0.698,0.7683910396287192,0.705144626729188,1.0,0.93497153198107,0.0,0.5034,0.698,0.623766838873907,0.6447833354215822,1.0,0.9584852814910788,0.363,0.363,0.000603,0.0,0.698,0.698,0.6848702582507569,0.6791141138277159,1.0,1.0,0.363,0.363,0.0,0.0,0.6491129349063592,0.5873966508868946,1.0,1.0,0.363,0.7134,0.000603,0.000603,0.7380408548784674,0.7114698352651441,1.0,0.9636951014866617,0.363,0.363,0.0,0.0,0.766629058344903,0.7382674420921255,1.0,0.8823597848901708,0.363,0.363,0.0,0.000603,0.6487611359157202,0.6370496724880258,1.0,0.8740870564687059,0.363,0.7134,0.000603,0.000603,0.6141935334896496,0.7327470585322939,1.0,0.9740044683953636,0.7134,0.7134,0.0,0.000603,0.7732681001902557,0.6784116997792897,1.0,0.9874604198761363,0.7134,0.7134,0.0,0.000603,0.6711348341830626,0.5803752109913429,1.0,0.9827425830908035,0.7134,0.7134,0.0,0.0,0.698,0.5034,0.7934296652031562,0.6284059744838587,1.0,0.8750876434309757,0.363,0.7134,0.000603,0.0,0.7582798375386324,0.7201190666087737,1.0,0.9003675622508334,0.7134,0.7134,0.0,0.000603,0.5034,0.5034,0.6901202714244996,0.6157425989529733,1.0,1.0,0.363,0.7134,0.0,0.000603,0.6208599333986764,0.7079185489631774,1.0,1.0,0.7134,0.7134,0.000603,0.000603,0.7995293008282245,0.7486898262325785,1.0,0.9967417273108113,0.7134,0.7134,0.000603,0.000603,0.6208607029847099,0.6622675832426685,1.0,0.9068366809794567,0.7134,0.363,0.0,0.0
,128,1.0,0.7200062235319811,0.6902979715592436,0.7780283645500766,0.5893663811458223,0.676448987587583,0.8868467156974715,0.02524,1.0,0.7562545054237466,0.26091538025466765,0.6567249781286957,0.6530074247136426,0.7392440708365928,0.7332659050268051,1.0,0.3164,0.8399400626285749,0.02524,1.0,0.7858829089967807,0.2572423302159439,0.8150574377976805,0.6878755959650097,0.7612568940942418,0.7950622751689711,0.657986291057848,0.652898407252231,1.0,0.6875,0.677,0.9409075704459899,0.1329,0.7384883995228695,0.27126138452940984,0.7269468513987332,0.7632551707016448,0.6759038256290042,0.9241720837500457,0.1329,0.2728840021462723,0.693990773723667,0.7751458182620317,1.0,0.2589115534401562,0.677,0.1329,0.6630341675070435,0.26142113356830093,0.7884869942571767,0.6946010495049999,0.7442543858072213,0.9228929325509765,0.9325461204490425,0.1329,1.0,0.7074675192042303,0.2897825972881416,0.6940434613591012,0.8061052018166212,0.72778021435756,0.6208775205700721,0.625599442966835,0.7622989177563683,0.9180864588853435,0.677,0.906665740797902,0.02524,1.0,0.7917362352178465,0.2390606405660101,0.7725969215768982,0.82760660689684,0.772602164822527,0.7432743087024192,0.58405581099078,0.6283628813447326,0.9205740091139506,0.3164,0.9073008832277851,0.02524,1.0,0.8137252345825634,0.2721399422520431,0.7459191798242122,0.7840052906046194,0.6719904905319766,0.6746327390944329,1.0,0.3164,0.8155293251280923,0.02524,1.0,0.6899373174376329,0.25974596283171797,0.8183320569850787,0.6849386821949068,0.6742261450238185,0.7640112209485963,0.7862377083867127,1.0,0.3164,0.8551049398733115,0.02524,1.0,0.7271936566675511,0.7731271079945395,0.6717560628360981,0.5802633687459491,0.7200087229224705,0.6875,0.7929977289705824,0.02524,1.0,0.7691715525348832,0.8132452773218886,0.7668868726101258,0.7280914310038655,0.7529082311173811,0.8730159828418825,0.677,0.9441447852681512,0.02524,1.0,0.7374496848195548,0.2983929179473973,0.781540577122514,0.7093454038826272,0.779770499364993,0.7064264414952981,0.7502001893488752,0.677,0.9433424298702928,0.02524,0.5826040854933594,0.914670991783938,0.1329,1.0,0.82261674376616,0.23797306903587442,0.6345524248665112,0.6255766057117242,0.9346341025900003,0.1329,0.6346869777361903,0.25586356277792743,0.7491893245516932,0.6136845438857563,0.7046231742063993,0.7443118353121085,0.9325217514351399,0.677,0.7824618919200217,0.1329,0.677,0.1329,0.6766463067203774,0.6541626075782567,0.1329,1.0,0.7136115074077879,0.24347561279906826,0.6384280679370191,0.6957662067019845,0.6417117474209919,0.769907853982184,0.6088642810158804,0.7384012496522986,1.0,0.3164,0.7567450807686879,0.02524,1.0,0.6581203715989015,0.26813808945668594,0.7442767987504108,0.730822957481909,0.7267342009542656,0.7828171272069456,0.6438666287530641,0.7910376497709825,1.0,0.677,0.9434556990503695,0.02524,0.7532057130093461,0.2777070845329786,0.7198929314544775,0.6526576554548664,0.7901244397000855,0.1329,1.0,0.7141127670455987,0.2830487264146519,0.6882843977753166,0.7700437463838088,0.6856699750249071,0.7693978432573099,0.68952310235956,0.7443577546422704,0.9156069294170811,0.6875,0.8885531554443702,0.02524,0.25114193750346236,0.6103378046779584,0.02524,0.8172952010324597,0.1329,1.0,0.27290363832587045,0.7962436990882084,0.6502661975760033,0.677,0.7856351326693648,0.1329,0.7217042781462675,0.2630435866757971,0.7295125673201504,0.7464730976849606,0.020568689874404102,0.01968303828915643,0.10586340361555617,0.10718336028711352,0.02067059120138073,0.01977320530405,0.019880727164694703,0.104678533892465,0.10885328507062642,0.019815899050989582,0.10576916364768522,0.020204115098931767,0.1084671731139619,0.019611654156839325,0.10644301423881501,0.10890071965439083,0.10734146591649366,0.01995928531766822,0.10690504322986408,0.10371693370809329,0.1093307622752844,0.10526900884010106,0.02077195070281552,0.019735608520591814,0.106014625770184,0.02008751634443549,0.019745905740295555,0.7516673341840344,0.7398400218142456,1.0,0.9638607215532803,0.677,0.3164,0.1329,0.1329,0.6875,0.6875,0.6537567317442412,0.6840013197494732,1.0,0.8823278733888097,0.677,0.3164,0.1329,0.1329,0.6875,0.51,0.675345962984788,0.6333835957737948,1.0,0.9749625940602187,0.677,0.3164,0.1329,0.02524,0.6875,0.6875,0.6035663331208105,0.7632457008229241,1.0,1.0,0.677,0.677,0.1329,0.02524,0.6708709050737289,0.6258589744243133,1.0,0.8844298316080906,0.3164,0.3164,0.1329,0.1329,0.7760380369550045,0.6845025759180287,1.0,0.8728462828589578,0.3164,0.677,0.02524,0.1329,0.7377083832411963,0.5890116323190631,1.0,1.0,0.677,0.1329,0.1329,0.6875,0.6875,0.7621769111057197,0.7106539977369839,1.0,0.8963747905543019,0.677,0.677,0.1329,0.1329,0.6875,0.51,0.7047357211655356,0.6052935106352558,1.0,0.9612297589827521,0.3164,0.677,0.02524,0.02524,0.51,0.6875,0.722529475340873,0.7204436769343838,1.0,1.0,0.3164,0.3164,0.02524,0.02524,0.6875,0.6875,0.7401642886159536,0.6414218481024961,1.0,1.0,0.677,0.3164,0.02524,0.1329,0.6875,0.6875,0.7683910396287192,0.705144626729188,1.0,0.93497153198107,0.02524,0.51,0.6875,0.623766838873907,0.6447833354215822,1.0,0.9584852814910788,0.3164,0.3164,0.1329,0.02524,0.6875,0.6875,0.6848702582507569,0.6791141138277159,1.0,1.0,0.3164,0.3164,0.02524,0.02524,0.6491129349063592,0.5873966508868946,1.0,1.0,0.3164,0.677,0.1329,0.1329,0.7380408548784674,0.7114698352651441,1.0,0.9636951014866617,0.3164,0.3164,0.02524,0.02524,0.766629058344903,0.7382674420921255,1.0,0.8823597848901708,0.3164,0.3164,0.02524,0.1329,0.6487611359157202,0.6370496724880258,1.0,0.8740870564687059,0.3164,0.677,0.1329,0.1329,0.6141935334896496,0.7327470585322939,1.0,0.9740044683953636,0.677,0.677,0.02524,0.1329,0.7732681001902557,0.6784116997792897,1.0,0.9874604198761363,0.677,0.677,0.02524,0.1329,0.6711348341830626,0.5803752109913429,1.0,0.9827425830908035,0.677,0.677,0.02524,0.02524,0.6875,0.51,0.7934296652031562,0.6284059744838587,1.0,0.8750876434309757,0.3164,0.677,0.1329,0.02524,0.7582798375386324,0.7201190666087737,1.0,0.9003675622508334,0.677,0.677,0.02524,0.1329,0.51,0.51,0.6901202714244996,0.6157425989529733,1.0,1.0,0.3164,0.677,0.02524,0.1329,0.6208599333986764,0.7079185489631774,1.0,1.0,0.677,0.677,0.1329,0.1329,0.7995293008282245,0.7486898262325785,1.0,0.9967417273108113,0.677,0.677,0.1329,0.1329,0.6208607029847099,0.6622675832426685,1.0,0.9068366809794567,0.677,0.3164,0.02524,0.02524
,129,1.0,0.7200062235319811,0.6902979715592436,0.7780283645500766,0.5893663811458223,0.676448987587583,0.8868467156974715,0.1067,1.0,0.7562545054237466,0.26091538025466765,0.6567249781286957,0.6530074247136426,0.7392440708365928,0.7332659050268051,1.0,0.2238,0.8399400626285749,0.1067,1.0,0.7858829089967807,0.2572423302159439,0.8150574377976805,0.6878755959650097,0.7612568940942418,0.7950622751689711,0.657986291057848,0.652898407252231,1.0,0.661,0.5215,0.9409075704459899,0.3962,0.7384883995228695,0.27126138452940984,0.7269468513987332,0.7632551707016448,0.6759038256290042,0.9241720837500457,0.3962,0.2728840021462723,0.693990773723667,0.7751458182620317,1.0,0.2589115534401562,0.5215,0.3962,0.6630341675070435,0.26142113356830093,0.7884869942571767,0.6946010495049999,0.7442543858072213,0.9228929325509765,0.9325461204490425,0.3962,1.0,0.7074675192042303,0.2897825972881416,0.6940434613591012,0.8061052018166212,0.72778021435756,0.6208775205700721,0.625599442966835,0.7622989177563683,0.9180864588853435,0.5215,0.906665740797902,0.1067,1.0,0.7917362352178465,0.2390606405660101,0.7725969215768982,0.82760660689684,0.772602164822527,0.7432743087024192,0.58405581099078,0.6283628813447326,0.9205740091139506,0.2238,0.9073008832277851,0.1067,1.0,0.8137252345825634,0.2721399422520431,0.7459191798242122,0.7840052906046194,0.6719904905319766,0.6746327390944329,1.0,0.2238,0.8155293251280923,0.1067,1.0,0.6899373174376329,0.25974596283171797,0.8183320569850787,0.6849386821949068,0.6742261450238185,0.7640112209485963,0.7862377083867127,1.0,0.2238,0.8551049398733115,0.1067,1.0,0.7271936566675511,0.7731271079945395,0.6717560628360981,0.5802633687459491,0.7200087229224705,0.661,0.7929977289705824,0.1067,1.0,0.7691715525348832,0.8132452773218886,0.7668868726101258,0.7280914310038655,0.7529082311173811,0.8730159828418825,0.5215,0.9441447852681512,0.1067,1.0,0.7374496848195548,0.2983929179473973,0.781540577122514,0.7093454038826272,0.779770499364993,0.7064264414952981,0.7502001893488752,0.5215,0.9433424298702928,0.1067,0.5826040854933594,0.914670991783938,0.3962,1.0,0.82261674376616,0.23797306903587442,0.6345524248665112,0.6255766057117242,0.9346341025900003,0.3962,0.6346869777361903,0.25586356277792743,0.7491893245516932,0.6136845438857563,0.7046231742063993,0.7443118353121085,0.9325217514351399,0.5215,0.7824618919200217,0.3962,0.5215,0.3962,0.6766463067203774,0.6541626075782567,0.3962,1.0,0.7136115074077879,0.24347561279906826,0.6384280679370191,0.6957662067019845,0.6417117474209919,0.769907853982184,0.6088642810158804,0.7384012496522986,1.0,0.2238,0.7567450807686879,0.1067,1.0,0.6581203715989015,0.26813808945668594,0.7442767987504108,0.730822957481909,0.7267342009542656,0.7828171272069456,0.6438666287530641,0.7910376497709825,1.0,0.5215,0.9434556990503695,0.1067,0.7532057130093461,0.2777070845329786,0.7198929314544775,0.6526576554548664,0.7901244397000855,0.3962,1.0,0.7141127670455987,0.2830487264146519,0.6882843977753166,0.7700437463838088,0.6856699750249071,0.7693978432573099,0.68952310235956,0.7443577546422704,0.9156069294170811,0.661,0.8885531554443702,0.1067,0.25114193750346236,0.6103378046779584,0.1067,0.8172952010324597,0.3962,1.0,0.27290363832587045,0.7962436990882084,0.6502661975760033,0.5215,0.7856351326693648,0.3962,0.7217042781462675,0.2630435866757971,0.7295125673201504,0.7464730976849606,0.0869524251029682,0.08320840671366843,0.31559879994344137,0.3195338400733964,0.08738320448444231,0.08358958026712103,0.0840441199870414,0.3120664795198994,0.324512201241401,0.08377006453013425,0.31531785280069896,0.08541121557274246,0.32336112857600985,0.08290663623354817,0.3173267286788451,0.3246536126942788,0.3200051828150097,0.084376218042599,0.31870412436171675,0.3091997677588154,0.3259356509666492,0.3138267968581493,0.08781169334351885,0.0834306429931516,0.3160496217467788,0.08491830403927365,0.08347417363270743,0.7516673341840344,0.7398400218142456,1.0,0.9638607215532803,0.5215,0.2238,0.3962,0.3962,0.661,0.661,0.6537567317442412,0.6840013197494732,1.0,0.8823278733888097,0.5215,0.2238,0.3962,0.3962,0.661,0.4993,0.675345962984788,0.6333835957737948,1.0,0.9749625940602187,0.5215,0.2238,0.3962,0.1067,0.661,0.661,0.6035663331208105,0.7632457008229241,1.0,1.0,0.5215,0.5215,0.3962,0.1067,0.6708709050737289,0.6258589744243133,1.0,0.8844298316080906,0.2238,0.2238,0.3962,0.3962,0.7760380369550045,0.6845025759180287,1.0,0.8728462828589578,0.2238,0.5215,0.1067,0.3962,0.7377083832411963,0.5890116323190631,1.0,1.0,0.5215,0.3962,0.3962,0.661,0.661,0.7621769111057197,0.7106539977369839,1.0,0.8963747905543019,0.5215,0.5215,0.3962,0.3962,0.661,0.4993,0.7047357211655356,0.6052935106352558,1.0,0.9612297589827521,0.2238,0.5215,0.1067,0.1067,0.4993,0.661,0.722529475340873,0.7204436769343838,1.0,1.0,0.2238,0.2238,0.1067,0.1067,0.661,0.661,0.7401642886159536,0.6414218481024961,1.0,1.0,0.5215,0.2238,0.1067,0.3962,0.661,0.661,0.7683910396287192,0.705144626729188,1.0,0.93497153198107,0.1067,0.4993,0.661,0.623766838873907,0.6447833354215822,1.0,0.9584852814910788,0.2238,0.2238,0.3962,0.1067,0.661,0.661,0.6848702582507569,0.6791141138277159,1.0,1.0,0.2238,0.2238,0.1067,0.1067,0.6491129349063592,0.5873966508868946,1.0,1.0,0.2238,0.5215,0.3962,0.3962,0.7380408548784674,0.7114698352651441,1.0,0.9636951014866617,0.2238,0.2238,0.1067,0.1067,0.766629058344903,0.7382674420921255,1.0,0.8823597848901708,0.2238,0.2238,0.1067,0.3962,0.6487611359157202,0.6370496724880258,1.0,0.8740870564687059,0.2238,0.5215,0.3962,0.3962,0.6141935334896496,0.7327470585322939,1.0,0.9740044683953636,0.5215,0.5215,0.1067,0.3962,0.7732681001902557,0.6784116997792897,1.0,0.9874604198761363,0.5215,0.5215,0.1067,0.3962,0.6711348341830626,0.5803752109913429,1.0,0.9827425830908035,0.5215,0.5215,0.1067,0.1067,0.661,0.4993,0.7934296652031562,0.6284059744838587,1.0,0.8750876434309757,0.2238,0.5215,0.3962,0.1067,0.7582798375386324,0.7201190666087737,1.0,0.9003675622508334,0.5215,0.5215,0.1067,0.3962,0.4993,0.4993,0.6901202714244996,0.6157425989529733,1.0,1.0,0.2238,0.5215,0.1067,0.3962,0.6208599333986764,0.7079185489631774,1.0,1.0,0.5215,0.5215,0.3962,0.3962,0.7995293008282245,0.7486898262325785,1.0,0.9967417273108113,0.5215,0.5215,0.3962,0.3962,0.6208607029847099,0.6622675832426685,1.0,0.9068366809794567,0.5215,0.2238,0.1067,0.1067
,130,1.0,0.7200062235319811,0.6902979715592436,0.7780283645500766,0.5893663811458223,0.676448987587583,0.8868467156974715,0.1664,1.0,0.7562545054237466,0.26091538025466765,0.6567249781286957,0.6530074247136426,0.7392440708365928,0.7332659050268051,1.0,0.2052,0.8399400626285749,0.1664,1.0,0.7858829089967807,0.2572423302159439,0.8150574377976805,0.6878755959650097,0.7612568940942418,0.7950622751689711,0.657986291057848,0.652898407252231,1.0,0.6006,0.3572,0.9409075704459899,0.4612,0.7384883995228695,0.27126138452940984,0.7269468513987332,0.7632551707016448,0.6759038256290042,0.9241720837500457,0.4612,0.2728840021462723,0.693990773723667,0.7751458182620317,1.0,0.2589115534401562,0.3572,0.4612,0.6630341675070435,0.26142113356830093,0.7884869942571767,0.6946010495049999,0.7442543858072213,0.9228929325509765,0.9325461204490425,0.4612,1.0,0.7074675192042303,0.2897825972881416,0.6940434613591012,0.8061052018166212,0.72778021435756,0.6208775205700721,0.625599442966835,0.7622989177563683,0.9180864588853435,0.3572,0.906665740797902,0.1664,1.0,0.7917362352178465,0.2390606405660101,0.7725969215768982,0.82760660689684,0.772602164822527,0.7432743087024192,0.58405581099078,0.6283628813447326,0.9205740091139506,0.2052,0.9073008832277851,0.1664,1.0,0.8137252345825634,0.2721399422520431,0.7459191798242122,0.7840052906046194,0.6719904905319766,0.6746327390944329,1.0,0.2052,0.8155293251280923,0.1664,1.0,0.6899373174376329,0.25974596283171797,0.8183320569850787,0.6849386821949068,0.6742261450238185,0.7640112209485963,0.7862377083867127,1.0,0.2052,0.8551049398733115,0.1664,1.0,0.7271936566675511,0.7731271079945395,0.6717560628360981,0.5802633687459491,0.7200087229224705,0.6006,0.7929977289705824,0.1664,1.0,0.7691715525348832,0.8132452773218886,0.7668868726101258,0.7280914310038655,0.7529082311173811,0.8730159828418825,0.3572,0.9441447852681512,0.1664,1.0,0.7374496848195548,0.2983929179473973,0.781540577122514,0.7093454038826272,0.779770499364993,0.7064264414952981,0.7502001893488752,0.3572,0.9433424298702928,0.1664,0.5826040854933594,0.914670991783938,0.4612,1.0,0.82261674376616,0.23797306903587442,0.6345524248665112,0.6255766057117242,0.9346341025900003,0.4612,0.6346869777361903,0.25586356277792743,0.7491893245516932,0.6136845438857563,0.7046231742063993,0.7443118353121085,0.9325217514351399,0.3572,0.7824618919200217,0.4612,0.3572,0.4612,0.6766463067203774,0.6541626075782567,0.4612,1.0,0.7136115074077879,0.24347561279906826,0.6384280679370191,0.6957662067019845,0.6417117474209919,0.769907853982184,0.6088642810158804,0.7384012496522986,1.0,0.2052,0.7567450807686879,0.1664,1.0,0.6581203715989015,0.26813808945668594,0.7442767987504108,0.730822957481909,0.7267342009542656,0.7828171272069456,0.6438666287530641,0.7910376497709825,1.0,0.3572,0.9434556990503695,0.1664,0.7532057130093461,0.2777070845329786,0.7198929314544775,0.6526576554548664,0.7901244397000855,0.4612,1.0,0.7141127670455987,0.2830487264146519,0.6882843977753166,0.7700437463838088,0.6856699750249071,0.7693978432573099,0.68952310235956,0.7443577546422704,0.9156069294170811,0.6006,0.8885531554443702,0.1664,0.25114193750346236,0.6103378046779584,0.1664,0.8172952010324597,0.4612,1.0,0.27290363832587045,0.7962436990882084,0.6502661975760033,0.3572,0.7856351326693648,0.4612,0.7217042781462675,0.2630435866757971,0.7295125673201504,0.7464730976849606,0.1356034070959129,0.12976456304737044,0.3673754834273477,0.37195610055994555,0.13627521299167009,0.13035900802670045,0.1310678684708874,0.36326365561478446,0.37775120447383675,0.1306404755184099,0.36704844450197466,0.13319987133368644,0.37641128848878275,0.1292939481655334,0.3693868936564446,0.3779158156855158,0.3725047711112632,0.13158577959033244,0.37099026288648096,0.35992663526089264,0.3794081833059531,0.3653127680741506,0.13694344678876788,0.13011114333702367,0.3679002664048824,0.13243116956077913,0.13017902992017352,0.7516673341840344,0.7398400218142456,1.0,0.9638607215532803,0.3572,0.2052,0.4612,0.4612,0.6006,0.6006,0.6537567317442412,0.6840013197494732,1.0,0.8823278733888097,0.3572,0.2052,0.4612,0.4612,0.6006,0.463,0.675345962984788,0.6333835957737948,1.0,0.9749625940602187,0.3572,0.2052,0.4612,0.1664,0.6006,0.6006,0.6035663331208105,0.7632457008229241,1.0,1.0,0.3572,0.3572,0.4612,0.1664,0.6708709050737289,0.6258589744243133,1.0,0.8844298316080906,0.2052,0.2052,0.4612,0.4612,0.7760380369550045,0.6845025759180287,1.0,0.8728462828589578,0.2052,0.3572,0.1664,0.4612,0.7377083832411963,0.5890116323190631,1.0,1.0,0.3572,0.4612,0.4612,0.6006,0.6006,0.7621769111057197,0.7106539977369839,1.0,0.8963747905543019,0.3572,0.3572,0.4612,0.4612,0.6006,0.463,0.7047357211655356,0.6052935106352558,1.0,0.9612297589827521,0.2052,0.3572,0.1664,0.1664,0.463,0.6006,0.722529475340873,0.7204436769343838,1.0,1.0,0.2052,0.2052,0.1664,0.1664,0.6006,0.6006,0.7401642886159536,0.6414218481024961,1.0,1.0,0.3572,0.2052,0.1664,0.4612,0.6006,0.6006,0.7683910396287192,0.705144626729188,1.0,0.93497153198107,0.1664,0.463,0.6006,0.623766838873907,0.6447833354215822,1.0,0.9584852814910788,0.2052,0.2052,0.4612,0.1664,0.6006,0.6006,0.6848702582507569,0.6791141138277159,1.0,1.0,0.2052,0.2052,0.1664,0.1664,0.6491129349063592,0.5873966508868946,1.0,1.0,0.2052,0.3572,0.4612,0.4612,0.7380408548784674,0.7114698352651441,1.0,0.9636951014866617,0.2052,0.2052,0.1664,0.1664,0.766629058344903,0.7382674420921255,1.0,0.8823597848901708,0.2052,0.2052,0.1664,0.4612,0.6487611359157202,0.6370496724880258,1.0,0.8740870564687059,0.2052,0.3572,0.4612,0.4612,0.6141935334896496,0.7327470585322939,1.0,0.9740044683953636,0.3572,0.3572,0.1664,0.4612,0.7732681001902557,0.6784116997792897,1.0,0.9874604198761363,0.3572,0.3572,0.1664,0.4612,0.6711348341830626,0.5803752109913429,1.0,0.9827425830908035,0.3572,0.3572,0.1664,0.1664,0.6006,0.463,0.7934296652031562,0.6284059744838587,1.0,0.8750876434309757,0.2052,0.3572,0.4612,0.1664,0.7582798375386324,0.7201190666087737,1.0,0.9003675622508334,0.3572,0.3572,0.1664,0.4612,0.463,0.463,0.6901202714244996,0.6157425989529733,1.0,1.0,0.2052,0.3572,0.1664,0.4612,0.6208599333986764,0.7079185489631774,1.0,1.0,0.3572,0.3572,0.4612,0.4612,0.7995293008282245,0.7486898262325785,1.0,0.9967417273108113,0.3572,0.3572,0.4612,0.4612,0.6208607029847099,0.6622675832426685,1.0,0.9068366809794567,0.3572,0.2052,0.1664,0.1664
,131,1.0,0.7200062235319811,0.6902979715592436,0.7780283645500766,0.5893663811458223,0.676448987587583,0.8868467156974715,0.1913,1.0,0.7562545054237466,0.26091538025466765,0.6567249781286957,0.6530074247136426,0.7392440708365928,0.7332659050268051,1.0,0.2147,0.8399400626285749,0.1913,1.0,0.7858829089967807,0.2572423302159439,0.8150574377976805,0.6878755959650097,0.7612568940942418,0.7950622751689711,0.657986291057848,0.652898407252231,1.0,0.5557,0.3132,0.9409075704459899,0.4365,0.7384883995228695,0.27126138452940984,0.7269468513987332,0.7632551707016448,0.6759038256290042,0.9241720837500457,0.4365,0.2728840021462723,0.693990773723667,0.7751458182620317,1.0,0.2589115534401562,0.3132,0.4365,0.6630341675070435,0.26142113356830093,0.7884869942571767,0.6946010495049999,0.7442543858072213,0.9228929325509765,0.9325461204490425,0.4365,1.0,0.7074675192042303,0.2897825972881416,0.6940434613591012,0.8061052018166212,0.72778021435756,0.6208775205700721,0.625599442966835,0.7622989177563683,0.9180864588853435,0.3132,0.906665740797902,0.1913,1.0,0.7917362352178465,0.2390606405660101,0.7725969215768982,0.82760660689684,0.772602164822527,0.7432743087024192,0.58405581099078,0.6283628813447326,0.9205740091139506,0.2147,0.9073008832277851,0.1913,1.0,0.8137252345825634,0.2721399422520431,0.7459191798242122,0.7840052906046194,0.6719904905319766,0.6746327390944329,1.0,0.2147,0.8155293251280923,0.1913,1.0,0.6899373174376329,0.25974596283171797,0.8183320569850787,0.6849386821949068,0.6742261450238185,0.7640112209485963,0.7862377083867127,1.0,0.2147,0.8551049398733115,0.1913,1.0,0.7271936566675511,0.7731271079945395,0.6717560628360981,0.5802633687459491,0.7200087229224705,0.5557,0.7929977289705824,0.1913,1.0,0.7691715525348832,0.8132452773218886,0.7668868726101258,0.7280914310038655,0.7529082311173811,0.8730159828418825,0.3132,0.9441447852681512,0.1913,1.0,0.7374496848195548,0.2983929179473973,0.781540577122514,0.7093454038826272,0.779770499364993,0.7064264414952981,0.7502001893488752,0.3132,0.9433424298702928,0.1913,0.5826040854933594,0.914670991783938,0.4365,1.0,0.82261674376616,0.23797306903587442,0.6345524248665112,0.6255766057117242,0.9346341025900003,0.4365,0.6346869777361903,0.25586356277792743,0.7491893245516932,0.6136845438857563,0.7046231742063993,0.7443118353121085,0.9325217514351399,0.3132,0.7824618919200217,0.4365,0.3132,0.4365,0.6766463067203774,0.6541626075782567,0.4365,1.0,0.7136115074077879,0.24347561279906826,0.6384280679370191,0.6957662067019845,0.6417117474209919,0.769907853982184,0.6088642810158804,0.7384012496522986,1.0,0.2147,0.7567450807686879,0.1913,1.0,0.6581203715989015,0.26813808945668594,0.7442767987504108,0.730822957481909,0.7267342009542656,0.7828171272069456,0.6438666287530641,0.7910376497709825,1.0,0.3132,0.9434556990503695,0.1913,0.7532057130093461,0.2777070845329786,0.7198929314544775,0.6526576554548664,0.7901244397000855,0.4365,1.0,0.7141127670455987,0.2830487264146519,0.6882843977753166,0.7700437463838088,0.6856699750249071,0.7693978432573099,0.68952310235956,0.7443577546422704,0.9156069294170811,0.5557,0.8885531554443702,0.1913,0.25114193750346236,0.6103378046779584,0.1913,0.8172952010324597,0.4365,1.0,0.27290363832587045,0.7962436990882084,0.6502661975760033,0.3132,0.7856351326693648,0.4365,0.7217042781462675,0.2630435866757971,0.7295125673201504,0.7464730976849606,0.15589502270101047,0.14918245739760796,0.3477003437034633,0.35203564157505685,0.15666735724342842,0.14986585478069592,0.15068078869279306,0.34380872869872814,0.35752038324551116,0.15018944090547967,0.34739081965548985,0.1531318232339797,0.35625222772192905,0.14864141997636143,0.3496040309649568,0.3576761785488457,0.35255492755868684,0.15127619973335696,0.35112153024707055,0.3406504256101033,0.3590886210170176,0.3457480990120701,0.15743558516040446,0.14958089976185474,0.348197021434803,0.1522480933712563,0.14965894485414183,0.7516673341840344,0.7398400218142456,1.0,0.9638607215532803,0.3132,0.2147,0.4365,0.4365,0.5557,0.5557,0.6537567317442412,0.6840013197494732,1.0,0.8823278733888097,0.3132,0.2147,0.4365,0.4365,0.5557,0.4292,0.675345962984788,0.6333835957737948,1.0,0.9749625940602187,0.3132,0.2147,0.4365,0.1913,0.5557,0.5557,0.6035663331208105,0.7632457008229241,1.0,1.0,0.3132,0.3132,0.4365,0.1913,0.6708709050737289,0.6258589744243133,1.0,0.8844298316080906,0.2147,0.2147,0.4365,0.4365,0.7760380369550045,0.6845025759180287,1.0,0.8728462828589578,0.2147,0.3132,0.1913,0.4365,0.7377083832411963,0.5890116323190631,1.0,1.0,0.3132,0.4365,0.4365,0.5557,0.5557,0.7621769111057197,0.7106539977369839,1.0,0.8963747905543019,0.3132,0.3132,0.4365,0.4365,0.5557,0.4292,0.7047357211655356,0.6052935106352558,1.0,0.9612297589827521,0.2147,0.3132,0.1913,0.1913,0.4292,0.5557,0.722529475340873,0.7204436769343838,1.0,1.0,0.2147,0.2147,0.1913,0.1913,0.5557,0.5557,0.7401642886159536,0.6414218481024961,1.0,1.0,0.3132,0.2147,0.1913,0.4365,0.5557,0.5557,0.7683910396287192,0.705144626729188,1.0,0.93497153198107,0.1913,0.4292,0.5557,0.623766838873907,0.6447833354215822,1.0,0.9584852814910788,0.2147,0.2147,0.4365,0.1913,0.5557,0.5557,0.6848702582507569,0.6791141138277159,1.0,1.0,0.2147,0.2147,0.1913,0.1913,0.6491129349063592,0.5873966508868946,1.0,1.0,0.2147,0.3132,0.4365,0.4365,0.7380408548784674,0.7114698352651441,1.0,0.9636951014866617,0.2147,0.2147,0.1913,0.1913,0.766629058344903,0.7382674420921255,1.0,0.8823597848901708,0.2147,0.2147,0.1913,0.4365,0.6487611359157202,0.6370496724880258,1.0,0.8740870564687059,0.2147,0.3132,0.4365,0.4365,0.6141935334896496,0.7327470585322939,1.0,0.9740044683953636,0.3132,0.3132,0.1913,0.4365,0.7732681001902557,0.6784116997792897,1.0,0.9874604198761363,0.3132,0.3132,0.1913,0.4365,0.6711348341830626,0.5803752109913429,1.0,0.9827425830908035,0.3132,0.3132,0.1913,0.1913,0.5557,0.4292,0.7934296652031562,0.6284059744838587,1.0,0.8750876434309757,0.2147,0.3132,0.4365,0.1913,0.7582798375386324,0.7201190666087737,1.0,0.9003675622508334,0.3132,0.3132,0.1913,0.4365,0.4292,0.4292,0.6901202714244996,0.6157425989529733,1.0,1.0,0.2147,0.3132,0.1913,0.4365,0.6208599333986764,0.7079185489631774,1.0,1.0,0.3132,0.3132,0.4365,0.4365,0.7995293008282245,0.7486898262325785,1.0,0.9967417273108113,0.3132,0.3132,0.4365,0.4365,0.6208607029847099,0.6622675832426685,1.0,0.9068366809794567,0.3132,0.2147,0.1913,0.1913
,132,1.0,0.7200062235319811,0.6902979715592436,0.7780283645500766,0.5893663811458223,0.676448987587583,0.8868467156974715,0.2047,1.0,0.7562545054237466,0.26091538025466765,0.6567249781286957,0.6530074247136426,0.7392440708365928,0.7332659050268051,1.0,0.2278,0.8399400626285749,0.2047,1.0,0.7858829089967807,0.2572423302159439,0.8150574377976805,0.6878755959650097,0.7612568940942418,0.7950622751689711,0.657986291057848,0.652898407252231,1.0,0.5034,0.3164,0.9409075704459899,0.391,0.7384883995228695,0.27126138452940984,0.7269468513987332,0.7632551707016448,0.6759038256290042,0.9241720837500457,0.391,0.2728840021462723,0.693990773723667,0.7751458182620317,1.0,0.2589115534401562,0.3164,0.391,0.6630341675070435,0.26142113356830093,0.7884869942571767,0.6946010495049999,0.7442543858072213,0.9228929325509765,0.9325461204490425,0.391,1.0,0.7074675192042303,0.2897825972881416,0.6940434613591012,0.8061052018166212,0.72778021435756,0.6208775205700721,0.625599442966835,0.7622989177563683,0.9180864588853435,0.3164,0.906665740797902,0.2047,1.0,0.7917362352178465,0.2390606405660101,0.7725969215768982,0.82760660689684,0.772602164822527,0.7432743087024192,0.58405581099078,0.6283628813447326,0.9205740091139506,0.2278,0.9073008832277851,0.2047,1.0,0.8137252345825634,0.2721399422520431,0.7459191798242122,0.7840052906046194,0.6719904905319766,0.6746327390944329,1.0,0.2278,0.8155293251280923,0.2047,1.0,0.6899373174376329,0.25974596283171797,0.8183320569850787,0.6849386821949068,0.6742261450238185,0.7640112209485963,0.7862377083867127,1.0,0.2278,0.8551049398733115,0.2047,1.0,0.7271936566675511,0.7731271079945395,0.6717560628360981,0.5802633687459491,0.7200087229224705,0.5034,0.7929977289705824,0.2047,1.0,0.7691715525348832,0.8132452773218886,0.7668868726101258,0.7280914310038655,0.7529082311173811,0.8730159828418825,0.3164,0.9441447852681512,0.2047,1.0,0.7374496848195548,0.2983929179473973,0.781540577122514,0.7093454038826272,0.779770499364993,0.7064264414952981,0.7502001893488752,0.3164,0.9433424298702928,0.2047,0.5826040854933594,0.914670991783938,0.391,1.0,0.82261674376616,0.23797306903587442,0.6345524248665112,0.6255766057117242,0.9346341025900003,0.391,0.6346869777361903,0.25586356277792743,0.7491893245516932,0.6136845438857563,0.7046231742063993,0.7443118353121085,0.9325217514351399,0.3164,0.7824618919200217,0.391,0.3164,0.391,0.6766463067203774,0.6541626075782567,0.391,1.0,0.7136115074077879,0.24347561279906826,0.6384280679370191,0.6957662067019845,0.6417117474209919,0.769907853982184,0.6088642810158804,0.7384012496522986,1.0,0.2278,0.7567450807686879,0.2047,1.0,0.6581203715989015,0.26813808945668594,0.7442767987504108,0.730822957481909,0.7267342009542656,0.7828171272069456,0.6438666287530641,0.7910376497709825,1.0,0.3164,0.9434556990503695,0.2047,0.7532057130093461,0.2777070845329786,0.7198929314544775,0.6526576554548664,0.7901244397000855,0.391,1.0,0.7141127670455987,0.2830487264146519,0.6882843977753166,0.7700437463838088,0.6856699750249071,0.7693978432573099,0.68952310235956,0.7443577546422704,0.9156069294170811,0.5034,0.8885531554443702,0.2047,0.25114193750346236,0.6103378046779584,0.2047,0.8172952010324597,0.391,1.0,0.27290363832587045,0.7962436990882084,0.6502661975760033,0.3164,0.7856351326693648,0.391,0.7217042781462675,0.2630435866757971,0.7295125673201504,0.7464730976849606,0.16681500860897464,0.15963224793147074,0.31145666526472887,0.31534005923447245,0.16764144290501726,0.16036351528284606,0.16123553290859768,0.30797070543230864,0.32025308098280614,0.160709767659967,0.3111794054645969,0.16385825518032224,0.319117115782988,0.15905331243680704,0.31316191548063715,0.3203926364549798,0.31580521575130943,0.16187265073402077,0.3145212332797356,0.3051416183586492,0.3216578483795049,0.3097079191608692,0.16846348291863458,0.16005860000654296,0.31190157017413056,0.1629126226507902,0.16014211192704042,0.7516673341840344,0.7398400218142456,1.0,0.9638607215532803,0.3164,0.2278,0.391,0.391,0.5034,0.5034,0.6537567317442412,0.6840013197494732,1.0,0.8823278733888097,0.3164,0.2278,0.391,0.391,0.5034,0.4172,0.675345962984788,0.6333835957737948,1.0,0.9749625940602187,0.3164,0.2278,0.391,0.2047,0.5034,0.5034,0.6035663331208105,0.7632457008229241,1.0,1.0,0.3164,0.3164,0.391,0.2047,0.6708709050737289,0.6258589744243133,1.0,0.8844298316080906,0.2278,0.2278,0.391,0.391,0.7760380369550045,0.6845025759180287,1.0,0.8728462828589578,0.2278,0.3164,0.2047,0.391,0.7377083832411963,0.5890116323190631,1.0,1.0,0.3164,0.391,0.391,0.5034,0.5034,0.7621769111057197,0.7106539977369839,1.0,0.8963747905543019,0.3164,0.3164,0.391,0.391,0.5034,0.4172,0.7047357211655356,0.6052935106352558,1.0,0.9612297589827521,0.2278,0.3164,0.2047,0.2047,0.4172,0.5034,0.722529475340873,0.7204436769343838,1.0,1.0,0.2278,0.2278,0.2047,0.2047,0.5034,0.5034,0.7401642886159536,0.6414218481024961,1.0,1.0,0.3164,0.2278,0.2047,0.391,0.5034,0.5034,0.7683910396287192,0.705144626729188,1.0,0.93497153198107,0.2047,0.4172,0.5034,0.623766838873907,0.6447833354215822,1.0,0.9584852814910788,0.2278,0.2278,0.391,0.2047,0.5034,0.5034,0.6848702582507569,0.6791141138277159,1.0,1.0,0.2278,0.2278,0.2047,0.2047,0.6491129349063592,0.5873966508868946,1.0,1.0,0.2278,0.3164,0.391,0.391,0.7380408548784674,0.7114698352651441,1.0,0.9636951014866617,0.2278,0.2278,0.2047,0.2047,0.766629058344903,0.7382674420921255,1.0,0.8823597848901708,0.2278,0.2278,0.2047,0.391,0.6487611359157202,0.6370496724880258,1.0,0.8740870564687059,0.2278,0.3164,0.391,0.391,0.6141935334896496,0.7327470585322939,1.0,0.9740044683953636,0.3164,0.3164,0.2047,0.391,0.7732681001902557,0.6784116997792897,1.0,0.9874604198761363,0.3164,0.3164,0.2047,0.391,0.6711348341830626,0.5803752109913429,1.0,0.9827425830908035,0.3164,0.3164,0.2047,0.2047,0.5034,0.4172,0.7934296652031562,0.6284059744838587,1.0,0.8750876434309757,0.2278,0.3164,0.391,0.2047,0.7582798375386324,0.7201190666087737,1.0,0.9003675622508334,0.3164,0.3164,0.2047,0.391,0.4172,0.4172,0.6901202714244996,0.6157425989529733,1.0,1.0,0.2278,0.3164,0.2047,0.391,0.6208599333986764,0.7079185489631774,1.0,1.0,0.3164,0.3164,0.391,0.391,0.7995293008282245,0.7486898262325785,1.0,0.9967417273108113,0.3164,0.3164,0.391,0.391,0.6208607029847099,0.6622675832426685,1.0,0.9068366809794567,0.3164,0.2278,0.2047,0.2047
,133,1.0,0.7200062235319811,0.6902979715592436,0.7780283645500766,0.5893663811458223,0.676448987587583,0.8868467156974715,0.2039,1.0,0.7562545054237466,0.26091538025466765,0.6567249781286957,0.6530074247136426,0.7392440708365928,0.7332659050268051,1.0,0.2462,0.8399400626285749,0.2039,1.0,0.7858829089967807,0.2572423302159439,0.8150574377976805,0.6878755959650097,0.7612568940942418,0.7950622751689711,0.657986291057848,0.652898407252231,1.0,0.4722,0.3372,0.9409075704459899,0.3682,0.7384883995228695,0.27126138452940984,0.7269468513987332,0.7632551707016448,0.6759038256290042,0.9241720837500457,0.3682,0.2728840021462723,0.693990773723667,0.7751458182620317,1.0,0.2589115534401562,0.3372,0.3682,0.6630341675070435,0.26142113356830093,0.7884869942571767,0.6946010495049999,0.7442543858072213,0.9228929325509765,0.9325461204490425,0.3682,1.0,0.7074675192042303,0.2897825972881416,0.6940434613591012,0.8061052018166212,0.72778021435756,0.6208775205700721,0.625599442966835,0.7622989177563683,0.9180864588853435,0.3372,0.906665740797902,0.2039,1.0,0.7917362352178465,0.2390606405660101,0.7725969215768982,0.82760660689684,0.772602164822527,0.7432743087024192,0.58405581099078,0.6283628813447326,0.9205740091139506,0.2462,0.9073008832277851,0.2039,1.0,0.8137252345825634,0.2721399422520431,0.7459191798242122,0.7840052906046194,0.6719904905319766,0.6746327390944329,1.0,0.2462,0.8155293251280923,0.2039,1.0,0.6899373174376329,0.25974596283171797,0.8183320569850787,0.6849386821949068,0.6742261450238185,0.7640112209485963,0.7862377083867127,1.0,0.2462,0.8551049398733115,0.2039,1.0,0.7271936566675511,0.7731271079945395,0.6717560628360981,0.5802633687459491,0.7200087229224705,0.4722,0.7929977289705824,0.2039,1.0,0.7691715525348832,0.8132452773218886,0.7668868726101258,0.7280914310038655,0.7529082311173811,0.8730159828418825,0.3372,0.9441447852681512,0.2039,1.0,0.7374496848195548,0.2983929179473973,0.781540577122514,0.7093454038826272,0.779770499364993,0.7064264414952981,0.7502001893488752,0.3372,0.9433424298702928,0.2039,0.5826040854933594,0.914670991783938,0.3682,1.0,0.82261674376616,0.23797306903587442,0.6345524248665112,0.6255766057117242,0.9346341025900003,0.3682,0.6346869777361903,0.25586356277792743,0.7491893245516932,0.6136845438857563,0.7046231742063993,0.7443118353121085,0.9325217514351399,0.3372,0.7824618919200217,0.3682,0.3372,0.3682,0.6766463067203774,0.6541626075782567,0.3682,1.0,0.7136115074077879,0.24347561279906826,0.6384280679370191,0.6957662067019845,0.6417117474209919,0.769907853982184,0.6088642810158804,0.7384012496522986,1.0,0.2462,0.7567450807686879,0.2039,1.0,0.6581203715989015,0.26813808945668594,0.7442767987504108,0.730822957481909,0.7267342009542656,0.7828171272069456,0.6438666287530641,0.7910376497709825,1.0,0.3372,0.9434556990503695,0.2039,0.7532057130093461,0.2777070845329786,0.7198929314544775,0.6526576554548664,0.7901244397000855,0.3682,1.0,0.7141127670455987,0.2830487264146519,0.6882843977753166,0.7700437463838088,0.6856699750249071,0.7693978432573099,0.68952310235956,0.7443577546422704,0.9156069294170811,0.4722,0.8885531554443702,0.2039,0.25114193750346236,0.6103378046779584,0.2039,0.8172952010324597,0.3682,1.0,0.27290363832587045,0.7962436990882084,0.6502661975760033,0.3372,0.7856351326693648,0.3682,0.7217042781462675,0.2630435866757971,0.7295125673201504,0.7464730976849606,0.16616306915178272,0.15900837983989685,0.2932949978272971,0.2969519432484214,0.16698627361178808,0.1597367892827177,0.16060539892556458,0.29001231135594896,0.3015784767720441,0.1600816884507439,0.29303390560630327,0.16321787118352565,0.3005087519982,0.15843170691678043,0.29490081145772534,0.301709894482669,0.2973899755489313,0.16124002679368263,0.2961808646895106,0.2873481940656129,0.3029013293435645,0.2916482246420257,0.16780510096291934,0.15943306566357648,0.2937139594325189,0.16227593433559417,0.15951625120627036,0.7516673341840344,0.7398400218142456,1.0,0.9638607215532803,0.3372,0.2462,0.3682,0.3682,0.4722,0.4722,0.6537567317442412,0.6840013197494732,1.0,0.8823278733888097,0.3372,0.2462,0.3682,0.3682,0.4722,0.4224,0.675345962984788,0.6333835957737948,1.0,0.9749625940602187,0.3372,0.2462,0.3682,0.2039,0.4722,0.4722,0.6035663331208105,0.7632457008229241,1.0,1.0,0.3372,0.3372,0.3682,0.2039,0.6708709050737289,0.6258589744243133,1.0,0.8844298316080906,0.2462,0.2462,0.3682,0.3682,0.7760380369550045,0.6845025759180287,1.0,0.8728462828589578,0.2462,0.3372,0.2039,0.3682,0.7377083832411963,0.5890116323190631,1.0,1.0,0.3372,0.3682,0.3682,0.4722,0.4722,0.7621769111057197,0.7106539977369839,1.0,0.8963747905543019,0.3372,0.3372,0.3682,0.3682,0.4722,0.4224,0.7047357211655356,0.6052935106352558,1.0,0.9612297589827521,0.2462,0.3372,0.2039,0.2039,0.4224,0.4722,0.722529475340873,0.7204436769343838,1.0,1.0,0.2462,0.2462,0.2039,0.2039,0.4722,0.4722,0.7401642886159536,0.6414218481024961,1.0,1.0,0.3372,0.2462,0.2039,0.3682,0.4722,0.4722,0.7683910396287192,0.705144626729188,1.0,0.93497153198107,0.2039,0.4224,0.4722,0.623766838873907,0.6447833354215822,1.0,0.9584852814910788,0.2462,0.2462,0.3682,0.2039,0.4722,0.4722,0.6848702582507569,0.6791141138277159,1.0,1.0,0.2462,0.2462,0.2039,0.2039,0.6491129349063592,0.5873966508868946,1.0,1.0,0.2462,0.3372,0.3682,0.3682,0.7380408548784674,0.7114698352651441,1.0,0.9636951014866617,0.2462,0.2462,0.2039,0.2039,0.766629058344903,0.7382674420921255,1.0,0.8823597848901708,0.2462,0.2462,0.2039,0.3682,0.6487611359157202,0.6370496724880258,1.0,0.8740870564687059,0.2462,0.3372,0.3682,0.3682,0.6141935334896496,0.7327470585322939,1.0,0.9740044683953636,0.3372,0.3372,0.2039,0.3682,0.7732681001902557,0.6784116997792897,1.0,0.9874604198761363,0.3372,0.3372,0.2039,0.3682,0.6711348341830626,0.5803752109913429,1.0,0.9827425830908035,0.3372,0.3372,0.2039,0.2039,0.4722,0.4224,0.7934296652031562,0.6284059744838587,1.0,0.8750876434309757,0.2462,0.3372,0.3682,0.2039,0.7582798375386324,0.7201190666087737,1.0,0.9003675622508334,0.3372,0.3372,0.2039,0.3682,0.4224,0.4224,0.6901202714244996,0.6157425989529733,1.0,1.0,0.2462,0.3372,0.2039,0.3682,0.6208599333986764,0.7079185489631774,1.0,1.0,0.3372,0.3372,0.3682,0.3682,0.7995293008282245,0.7486898262325785,1.0,0.9967417273108113,0.3372,0.3372,0.3682,0.3682,0.6208607029847099,0.6622675832426685,1.0,0.9068366809794567,0.3372,0.2462,0.2039,0.2039
,134,1.0,0.7200062235319811,0.6902979715592436,0.7780283645500766,0.5893663811458223,0.676448987587583,0.8868467156974715,0.1757,1.0,0.7562545054237466,0.26091538025466765,0.6567249781286957,0.6530074247136426,0.7392440708365928,0.7332659050268051,1.0,0.255,0.8399400626285749,0.1757,1.0,0.7858829089967807,0.2572423302159439,0.8150574377976805,0.6878755959650097,0.7612568940942418,0.7950622751689711,0.657986291057848,0.652898407252231,1.0,0.4578,0.355,0.9409075704459899,0.3408,0.7384883995228695,0.27126138452940984,0.7269468513987332,0.7632551707016448,0.6759038256290042,0.9241720837500457,0.3408,0.2728840021462723,0.693990773723667,0.7751458182620317,1.0,0.2589115534401562,0.355,0.3408,0.6630341675070435,0.26142113356830093,0.7884869942571767,0.6946010495049999,0.7442543858072213,0.9228929325509765,0.9325461204490425,0.3408,1.0,0.7074675192042303,0.2897825972881416,0.6940434613591012,0.8061052018166212,0.72778021435756,0.6208775205700721,0.625599442966835,0.7622989177563683,0.9180864588853435,0.355,0.906665740797902,0.1757,1.0,0.7917362352178465,0.2390606405660101,0.7725969215768982,0.82760660689684,0.772602164822527,0.7432743087024192,0.58405581099078,0.6283628813447326,0.9205740091139506,0.255,0.9073008832277851,0.1757,1.0,0.8137252345825634,0.2721399422520431,0.7459191798242122,0.7840052906046194,0.6719904905319766,0.6746327390944329,1.0,0.255,0.8155293251280923,0.1757,1.0,0.6899373174376329,0.25974596283171797,0.8183320569850787,0.6849386821949068,0.6742261450238185,0.7640112209485963,0.7862377083867127,1.0,0.255,0.8551049398733115,0.1757,1.0,0.7271936566675511,0.7731271079945395,0.6717560628360981,0.5802633687459491,0.7200087229224705,0.4578,0.7929977289705824,0.1757,1.0,0.7691715525348832,0.8132452773218886,0.7668868726101258,0.7280914310038655,0.7529082311173811,0.8730159828418825,0.355,0.9441447852681512,0.1757,1.0,0.7374496848195548,0.2983929179473973,0.781540577122514,0.7093454038826272,0.779770499364993,0.7064264414952981,0.7502001893488752,0.355,0.9433424298702928,0.1757,0.5826040854933594,0.914670991783938,0.3408,1.0,0.82261674376616,0.23797306903587442,0.6345524248665112,0.6255766057117242,0.9346341025900003,0.3408,0.6346869777361903,0.25586356277792743,0.7491893245516932,0.6136845438857563,0.7046231742063993,0.7443118353121085,0.9325217514351399,0.355,0.7824618919200217,0.3408,0.355,0.3408,0.6766463067203774,0.6541626075782567,0.3408,1.0,0.7136115074077879,0.24347561279906826,0.6384280679370191,0.6957662067019845,0.6417117474209919,0.769907853982184,0.6088642810158804,0.7384012496522986,1.0,0.255,0.7567450807686879,0.1757,1.0,0.6581203715989015,0.26813808945668594,0.7442767987504108,0.730822957481909,0.7267342009542656,0.7828171272069456,0.6438666287530641,0.7910376497709825,1.0,0.355,0.9434556990503695,0.1757,0.7532057130093461,0.2777070845329786,0.7198929314544775,0.6526576554548664,0.7901244397000855,0.3408,1.0,0.7141127670455987,0.2830487264146519,0.6882843977753166,0.7700437463838088,0.6856699750249071,0.7693978432573099,0.68952310235956,0.7443577546422704,0.9156069294170811,0.4578,0.8885531554443702,0.1757,0.25114193750346236,0.6103378046779584,0.1757,0.8172952010324597,0.3408,1.0,0.27290363832587045,0.7962436990882084,0.6502661975760033,0.355,0.7856351326693648,0.3408,0.7217042781462675,0.2630435866757971,0.7295125673201504,0.7464730976849606,0.1431822032857686,0.13701702961191697,0.27146913432792735,0.27485394421255294,0.14389155602545933,0.13764469777819272,0.13839317602364734,0.2684307325097974,0.27913618925560185,0.13794189632562873,0.2712274715660732,0.14064433529644657,0.27814606920420026,0.13652011233584266,0.27295544960562945,0.2792578273755936,0.27525937986712595,0.1389400328967633,0.2741402462959946,0.26596486838012184,0.28036060032668864,0.269944907544819,0.14459713702395743,0.13738298007400876,0.2718569184535644,0.13983267122493326,0.13745466079912552,0.7516673341840344,0.7398400218142456,1.0,0.9638607215532803,0.355,0.255,0.3408,0.3408,0.4578,0.4578,0.6537567317442412,0.6840013197494732,1.0,0.8823278733888097,0.355,0.255,0.3408,0.3408,0.4578,0.4421,0.675345962984788,0.6333835957737948,1.0,0.9749625940602187,0.355,0.255,0.3408,0.1757,0.4578,0.4578,0.6035663331208105,0.7632457008229241,1.0,1.0,0.355,0.355,0.3408,0.1757,0.6708709050737289,0.6258589744243133,1.0,0.8844298316080906,0.255,0.255,0.3408,0.3408,0.7760380369550045,0.6845025759180287,1.0,0.8728462828589578,0.255,0.355,0.1757,0.3408,0.7377083832411963,0.5890116323190631,1.0,1.0,0.355,0.3408,0.3408,0.4578,0.4578,0.7621769111057197,0.7106539977369839,1.0,0.8963747905543019,0.355,0.355,0.3408,0.3408,0.4578,0.4421,0.7047357211655356,0.6052935106352558,1.0,0.9612297589827521,0.255,0.355,0.1757,0.1757,0.4421,0.4578,0.722529475340873,0.7204436769343838,1.0,1.0,0.255,0.255,0.1757,0.1757,0.4578,0.4578,0.7401642886159536,0.6414218481024961,1.0,1.0,0.355,0.255,0.1757,0.3408,0.4578,0.4578,0.7683910396287192,0.705144626729188,1.0,0.93497153198107,0.1757,0.4421,0.4578,0.623766838873907,0.6447833354215822,1.0,0.9584852814910788,0.255,0.255,0.3408,0.1757,0.4578,0.4578,0.6848702582507569,0.6791141138277159,1.0,1.0,0.255,0.255,0.1757,0.1757,0.6491129349063592,0.5873966508868946,1.0,1.0,0.255,0.355,0.3408,0.3408,0.7380408548784674,0.7114698352651441,1.0,0.9636951014866617,0.255,0.255,0.1757,0.1757,0.766629058344903,0.7382674420921255,1.0,0.8823597848901708,0.255,0.255,0.1757,0.3408,0.6487611359157202,0.6370496724880258,1.0,0.8740870564687059,0.255,0.355,0.3408,0.3408,0.6141935334896496,0.7327470585322939,1.0,0.9740044683953636,0.355,0.355,0.1757,0.3408,0.7732681001902557,0.6784116997792897,1.0,0.9874604198761363,0.355,0.355,0.1757,0.3408,0.6711348341830626,0.5803752109913429,1.0,0.9827425830908035,0.355,0.355,0.1757,0.1757,0.4578,0.4421,0.7934296652031562,0.6284059744838587,1.0,0.8750876434309757,0.255,0.355,0.3408,0.1757,0.7582798375386324,0.7201190666087737,1.0,0.9003675622508334,0.355,0.355,0.1757,0.3408,0.4421,0.4421,0.6901202714244996,0.6157425989529733,1.0,1.0,0.255,0.355,0.1757,0.3408,0.6208599333986764,0.7079185489631774,1.0,1.0,0.355,0.355,0.3408,0.3408,0.7995293008282245,0.7486898262325785,1.0,0.9967417273108113,0.355,0.355,0.3408,0.3408,0.6208607029847099,0.6622675832426685,1.0,0.9068366809794567,0.355,0.255,0.1757,0.1757
,135,1.0,0.7200062235319811,0.6902979715592436,0.7780283645500766,0.5893663811458223,0.676448987587583,0.8868467156974715,0.1478,1.0,0.7562545054237466,0.26091538025466765,0.6567249781286957,0.6530074247136426,0.7392440708365928,0.7332659050268051,1.0,0.2603,0.8399400626285749,0.1478,1.0,0.7858829089967807,0.2572423302159439,0.8150574377976805,0.6878755959650097,0.7612568940942418,0.7950622751689711,0.657986291057848,0.652898407252231,1.0,0.4558,0.3582,0.9409075704459899,0.2942,0.7384883995228695,0.27126138452940984,0.7269468513987332,0.7632551707016448,0.6759038256290042,0.9241720837500457,0.2942,0.2728840021462723,0.693990773723667,0.7751458182620317,1.0,0.2589115534401562,0.3582,0.2942,0.6630341675070435,0.26142113356830093,0.7884869942571767,0.6946010495049999,0.7442543858072213,0.9228929325509765,0.9325461204490425,0.2942,1.0,0.7074675192042303,0.2897825972881416,0.6940434613591012,0.8061052018166212,0.72778021435756,0.6208775205700721,0.625599442966835,0.7622989177563683,0.9180864588853435,0.3582,0.906665740797902,0.1478,1.0,0.7917362352178465,0.2390606405660101,0.7725969215768982,0.82760660689684,0.772602164822527,0.7432743087024192,0.58405581099078,0.6283628813447326,0.9205740091139506,0.2603,0.9073008832277851,0.1478,1.0,0.8137252345825634,0.2721399422520431,0.7459191798242122,0.7840052906046194,0.6719904905319766,0.6746327390944329,1.0,0.2603,0.8155293251280923,0.1478,1.0,0.6899373174376329,0.25974596283171797,0.8183320569850787,0.6849386821949068,0.6742261450238185,0.7640112209485963,0.7862377083867127,1.0,0.2603,0.8551049398733115,0.1478,1.0,0.7271936566675511,0.7731271079945395,0.6717560628360981,0.5802633687459491,0.7200087229224705,0.4558,0.7929977289705824,0.1478,1.0,0.7691715525348832,0.8132452773218886,0.7668868726101258,0.7280914310038655,0.7529082311173811,0.8730159828418825,0.3582,0.9441447852681512,0.1478,1.0,0.7374496848195548,0.2983929179473973,0.781540577122514,0.7093454038826272,0.779770499364993,0.7064264414952981,0.7502001893488752,0.3582,0.9433424298702928,0.1478,0.5826040854933594,0.914670991783938,0.2942,1.0,0.82261674376616,0.23797306903587442,0.6345524248665112,0.6255766057117242,0.9346341025900003,0.2942,0.6346869777361903,0.25586356277792743,0.7491893245516932,0.6136845438857563,0.7046231742063993,0.7443118353121085,0.9325217514351399,0.3582,0.7824618919200217,0.2942,0.3582,0.2942,0.6766463067203774,0.6541626075782567,0.2942,1.0,0.7136115074077879,0.24347561279906826,0.6384280679370191,0.6957662067019845,0.6417117474209919,0.769907853982184,0.6088642810158804,0.7384012496522986,1.0,0.2603,0.7567450807686879,0.1478,1.0,0.6581203715989015,0.26813808945668594,0.7442767987504108,0.730822957481909,0.7267342009542656,0.7828171272069456,0.6438666287530641,0.7910376497709825,1.0,0.3582,0.9434556990503695,0.1478,0.7532057130093461,0.2777070845329786,0.7198929314544775,0.6526576554548664,0.7901244397000855,0.2942,1.0,0.7141127670455987,0.2830487264146519,0.6882843977753166,0.7700437463838088,0.6856699750249071,0.7693978432573099,0.68952310235956,0.7443577546422704,0.9156069294170811,0.4558,0.8885531554443702,0.1478,0.25114193750346236,0.6103378046779584,0.1478,0.8172952010324597,0.2942,1.0,0.27290363832587045,0.7962436990882084,0.6502661975760033,0.3582,0.7856351326693648,0.2942,0.7217042781462675,0.2630435866757971,0.7295125673201504,0.7464730976849606,0.1204458147162015,0.11525962991827735,0.23434923509177297,0.23727121592527314,0.12104252692409159,0.11578762852371591,0.11641725336536754,0.23172629549407978,0.24096791924588634,0.11603763390397226,0.23414061659254323,0.11831094340816621,0.24011318532827383,0.11484161982491489,0.23563231594476583,0.24107292492341448,0.23762121348858115,0.11687727297747076,0.2366551069843944,0.22959760644786342,0.2420249079111262,0.2330334266422704,0.1216360663183888,0.11556746986305348,0.23468399474483173,0.1176281662324709,0.11562776816226952,0.7516673341840344,0.7398400218142456,1.0,0.9638607215532803,0.3582,0.2603,0.2942,0.2942,0.4558,0.4558,0.6537567317442412,0.6840013197494732,1.0,0.8823278733888097,0.3582,0.2603,0.2942,0.2942,0.4558,0.4634,0.675345962984788,0.6333835957737948,1.0,0.9749625940602187,0.3582,0.2603,0.2942,0.1478,0.4558,0.4558,0.6035663331208105,0.7632457008229241,1.0,1.0,0.3582,0.3582,0.2942,0.1478,0.6708709050737289,0.6258589744243133,1.0,0.8844298316080906,0.2603,0.2603,0.2942,0.2942,0.7760380369550045,0.6845025759180287,1.0,0.8728462828589578,0.2603,0.3582,0.1478,0.2942,0.7377083832411963,0.5890116323190631,1.0,1.0,0.3582,0.2942,0.2942,0.4558,0.4558,0.7621769111057197,0.7106539977369839,1.0,0.8963747905543019,0.3582,0.3582,0.2942,0.2942,0.4558,0.4634,0.7047357211655356,0.6052935106352558,1.0,0.9612297589827521,0.2603,0.3582,0.1478,0.1478,0.4634,0.4558,0.722529475340873,0.7204436769343838,1.0,1.0,0.2603,0.2603,0.1478,0.1478,0.4558,0.4558,0.7401642886159536,0.6414218481024961,1.0,1.0,0.3582,0.2603,0.1478,0.2942,0.4558,0.4558,0.7683910396287192,0.705144626729188,1.0,0.93497153198107,0.1478,0.4634,0.4558,0.623766838873907,0.6447833354215822,1.0,0.9584852814910788,0.2603,0.2603,0.2942,0.1478,0.4558,0.4558,0.6848702582507569,0.6791141138277159,1.0,1.0,0.2603,0.2603,0.1478,0.1478,0.6491129349063592,0.5873966508868946,1.0,1.0,0.2603,0.3582,0.2942,0.2942,0.7380408548784674,0.7114698352651441,1.0,0.9636951014866617,0.2603,0.2603,0.1478,0.1478,0.766629058344903,0.7382674420921255,1.0,0.8823597848901708,0.2603,0.2603,0.1478,0.2942,0.6487611359157202,0.6370496724880258,1.0,0.8740870564687059,0.2603,0.3582,0.2942,0.2942,0.6141935334896496,0.7327470585322939,1.0,0.9740044683953636,0.3582,0.3582,0.1478,0.2942,0.7732681001902557,0.6784116997792897,1.0,0.9874604198761363,0.3582,0.3582,0.1478,0.2942,0.6711348341830626,0.5803752109913429,1.0,0.9827425830908035,0.3582,0.3582,0.1478,0.1478,0.4558,0.4634,0.7934296652031562,0.6284059744838587,1.0,0.8750876434309757,0.2603,0.3582,0.2942,0.1478,0.7582798375386324,0.7201190666087737,1.0,0.9003675622508334,0.3582,0.3582,0.1478,0.2942,0.4634,0.4634,0.6901202714244996,0.6157425989529733,1.0,1.0,0.2603,0.3582,0.1478,0.2942,0.6208599333986764,0.7079185489631774,1.0,1.0,0.3582,0.3582,0.2942,0.2942,0.7995293008282245,0.7486898262325785,1.0,0.9967417273108113,0.3582,0.3582,0.2942,0.2942,0.6208607029847099,0.6622675832426685,1.0,0.9068366809794567,0.3582,0.2603,0.1478,0.1478
,136,1.0,0.7200062235319811,0.6902979715592436,0.7780283645500766,0.5893663811458223,0.676448987587583,0.8868467156974715,0.1197,1.0,0.7562545054237466,0.26091538025466765,0.6567249781286957,0.6530074247136426,0.7392440708365928,0.7332659050268051,1.0,0.2551,0.8399400626285749,0.1197,1.0,0.7858829089967807,0.2572423302159439,0.8150574377976805,0.6878755959650097,0.7612568940942418,0.7950622751689711,0.657986291057848,0.652898407252231,1.0,0.4622,0.3506,0.9409075704459899,0.215,0.7384883995228695,0.27126138452940984,0.7269468513987332,0.7632551707016448,0.6759038256290042,0.9241720837500457,0.215,0.2728840021462723,0.693990773723667,0.7751458182620317,1.0,0.2589115534401562,0.3506,0.215,0.6630341675070435,0.26142113356830093,0.7884869942571767,0.6946010495049999,0.7442543858072213,0.9228929325509765,0.9325461204490425,0.215,1.0,0.7074675192042303,0.2897825972881416,0.6940434613591012,0.8061052018166212,0.72778021435756,0.6208775205700721,0.625599442966835,0.7622989177563683,0.9180864588853435,0.3506,0.906665740797902,0.1197,1.0,0.7917362352178465,0.2390606405660101,0.7725969215768982,0.82760660689684,0.772602164822527,0.7432743087024192,0.58405581099078,0.6283628813447326,0.9205740091139506,0.2551,0.9073008832277851,0.1197,1.0,0.8137252345825634,0.2721399422520431,0.7459191798242122,0.7840052906046194,0.6719904905319766,0.6746327390944329,1.0,0.2551,0.8155293251280923,0.1197,1.0,0.6899373174376329,0.25974596283171797,0.8183320569850787,0.6849386821949068,0.6742261450238185,0.7640112209485963,0.7862377083867127,1.0,0.2551,0.8551049398733115,0.1197,1.0,0.7271936566675511,0.7731271079945395,0.6717560628360981,0.5802633687459491,0.7200087229224705,0.4622,0.7929977289705824,0.1197,1.0,0.7691715525348832,0.8132452773218886,0.7668868726101258,0.7280914310038655,0.7529082311173811,0.8730159828418825,0.3506,0.9441447852681512,0.1197,1.0,0.7374496848195548,0.2983929179473973,0.781540577122514,0.7093454038826272,0.779770499364993,0.7064264414952981,0.7502001893488752,0.3506,0.9433424298702928,0.1197,0.5826040854933594,0.914670991783938,0.215,1.0,0.82261674376616,0.23797306903587442,0.6345524248665112,0.6255766057117242,0.9346341025900003,0.215,0.6346869777361903,0.25586356277792743,0.7491893245516932,0.6136845438857563,0.7046231742063993,0.7443118353121085,0.9325217514351399,0.3506,0.7824618919200217,0.215,0.3506,0.215,0.6766463067203774,0.6541626075782567,0.215,1.0,0.7136115074077879,0.24347561279906826,0.6384280679370191,0.6957662067019845,0.6417117474209919,0.769907853982184,0.6088642810158804,0.7384012496522986,1.0,0.2551,0.7567450807686879,0.1197,1.0,0.6581203715989015,0.26813808945668594,0.7442767987504108,0.730822957481909,0.7267342009542656,0.7828171272069456,0.6438666287530641,0.7910376497709825,1.0,0.3506,0.9434556990503695,0.1197,0.7532057130093461,0.2777070845329786,0.7198929314544775,0.6526576554548664,0.7901244397000855,0.215,1.0,0.7141127670455987,0.2830487264146519,0.6882843977753166,0.7700437463838088,0.6856699750249071,0.7693978432573099,0.68952310235956,0.7443577546422704,0.9156069294170811,0.4622,0.8885531554443702,0.1197,0.25114193750346236,0.6103378046779584,0.1197,0.8172952010324597,0.215,1.0,0.27290363832587045,0.7962436990882084,0.6502661975760033,0.3506,0.7856351326693648,0.215,0.7217042781462675,0.2630435866757971,0.7295125673201504,0.7464730976849606,0.0975464412823364,0.09334626320174426,0.17126133767753635,0.17339670776320099,0.09802970549941654,0.09377387776920701,0.09428379721132948,0.16934450554461983,0.17609824146113381,0.09397635168001002,0.17110888024268117,0.09581745552068673,0.17547360586532587,0.09300772593398048,0.17219900723359843,0.17617497912486102,0.17365248436453076,0.09465635707309372,0.17294645819729706,0.16778886942994778,0.17687068389154362,0.170299750945235,0.09851040012389134,0.09359557606635659,0.17150597848449634,0.09526448916120953,0.093644410345221,0.7516673341840344,0.7398400218142456,1.0,0.9638607215532803,0.3506,0.2551,0.215,0.215,0.4622,0.4622,0.6537567317442412,0.6840013197494732,1.0,0.8823278733888097,0.3506,0.2551,0.215,0.215,0.4622,0.4946,0.675345962984788,0.6333835957737948,1.0,0.9749625940602187,0.3506,0.2551,0.215,0.1197,0.4622,0.4622,0.6035663331208105,0.7632457008229241,1.0,1.0,0.3506,0.3506,0.215,0.1197,0.6708709050737289,0.6258589744243133,1.0,0.8844298316080906,0.2551,0.2551,0.215,0.215,0.7760380369550045,0.6845025759180287,1.0,0.8728462828589578,0.2551,0.3506,0.1197,0.215,0.7377083832411963,0.5890116323190631,1.0,1.0,0.3506,0.215,0.215,0.4622,0.4622,0.7621769111057197,0.7106539977369839,1.0,0.8963747905543019,0.3506,0.3506,0.215,0.215,0.4622,0.4946,0.7047357211655356,0.6052935106352558,1.0,0.9612297589827521,0.2551,0.3506,0.1197,0.1197,0.4946,0.4622,0.722529475340873,0.7204436769343838,1.0,1.0,0.2551,0.2551,0.1197,0.1197,0.4622,0.4622,0.7401642886159536,0.6414218481024961,1.0,1.0,0.3506,0.2551,0.1197,0.215,0.4622,0.4622,0.7683910396287192,0.705144626729188,1.0,0.93497153198107,0.1197,0.4946,0.4622,0.623766838873907,0.6447833354215822,1.0,0.9584852814910788,0.2551,0.2551,0.215,0.1197,0.4622,0.4622,0.6848702582507569,0.6791141138277159,1.0,1.0,0.2551,0.2551,0.1197,0.1197,0.6491129349063592,0.5873966508868946,1.0,1.0,0.2551,0.3506,0.215,0.215,0.7380408548784674,0.7114698352651441,1.0,0.9636951014866617,0.2551,0.2551,0.1197,0.1197,0.766629058344903,0.7382674420921255,1.0,0.8823597848901708,0.2551,0.2551,0.1197,0.215,0.6487611359157202,0.6370496724880258,1.0,0.8740870564687059,0.2551,0.3506,0.215,0.215,0.6141935334896496,0.7327470585322939,1.0,0.9740044683953636,0.3506,0.3506,0.1197,0.215,0.7732681001902557,0.6784116997792897,1.0,0.9874604198761363,0.3506,0.3506,0.1197,0.215,0.6711348341830626,0.5803752109913429,1.0,0.9827425830908035,0.3506,0.3506,0.1197,0.1197,0.4622,0.4946,0.7934296652031562,0.6284059744838587,1.0,0.8750876434309757,0.2551,0.3506,0.215,0.1197,0.7582798375386324,0.7201190666087737,1.0,0.9003675622508334,0.3506,0.3506,0.1197,0.215,0.4946,0.4946,0.6901202714244996,0.6157425989529733,1.0,1.0,0.2551,0.3506,0.1197,0.215,0.6208599333986764,0.7079185489631774,1.0,1.0,0.3506,0.3506,0.215,0.215,0.7995293008282245,0.7486898262325785,1.0,0.9967417273108113,0.3506,0.3506,0.215,0.215,0.6208607029847099,0.6622675832426685,1.0,0.9068366809794567,0.3506,0.2551,0.1197,0.1197
,137,1.0,0.7200062235319811,0.6902979715592436,0.7780283645500766,0.5893663811458223,0.676448987587583,0.8868467156974715,0.03604,1.0,0.7562545054237466,0.26091538025466765,0.6567249781286957,0.6530074247136426,0.7392440708365928,0.7332659050268051,1.0,0.2512,0.8399400626285749,0.03604,1.0,0.7858829089967807,0.2572423302159439,0.8150574377976805,0.6878755959650097,0.7612568940942418,0.7950622751689711,0.657986291057848,0.652898407252231,1.0,0.489,0.4268,0.9409075704459899,0.0674,0.7384883995228695,0.27126138452940984,0.7269468513987332,0.7632551707016448,0.6759038256290042,0.9241720837500457,0.0674,0.2728840021462723,0.693990773723667,0.7751458182620317,1.0,0.2589115534401562,0.4268,0.0674,0.6630341675070435,0.26142113356830093,0.7884869942571767,0.6946010495049999,0.7442543858072213,0.9228929325509765,0.9325461204490425,0.0674,1.0,0.7074675192042303,0.2897825972881416,0.6940434613591012,0.8061052018166212,0.72778021435756,0.6208775205700721,0.625599442966835,0.7622989177563683,0.9180864588853435,0.4268,0.906665740797902,0.03604,1.0,0.7917362352178465,0.2390606405660101,0.7725969215768982,0.82760660689684,0.772602164822527,0.7432743087024192,0.58405581099078,0.6283628813447326,0.9205740091139506,0.2512,0.9073008832277851,0.03604,1.0,0.8137252345825634,0.2721399422520431,0.7459191798242122,0.7840052906046194,0.6719904905319766,0.6746327390944329,1.0,0.2512,0.8155293251280923,0.03604,1.0,0.6899373174376329,0.25974596283171797,0.8183320569850787,0.6849386821949068,0.6742261450238185,0.7640112209485963,0.7862377083867127,1.0,0.2512,0.8551049398733115,0.03604,1.0,0.7271936566675511,0.7731271079945395,0.6717560628360981,0.5802633687459491,0.7200087229224705,0.489,0.7929977289705824,0.03604,1.0,0.7691715525348832,0.8132452773218886,0.7668868726101258,0.7280914310038655,0.7529082311173811,0.8730159828418825,0.4268,0.9441447852681512,0.03604,1.0,0.7374496848195548,0.2983929179473973,0.781540577122514,0.7093454038826272,0.779770499364993,0.7064264414952981,0.7502001893488752,0.4268,0.9433424298702928,0.03604,0.5826040854933594,0.914670991783938,0.0674,1.0,0.82261674376616,0.23797306903587442,0.6345524248665112,0.6255766057117242,0.9346341025900003,0.0674,0.6346869777361903,0.25586356277792743,0.7491893245516932,0.6136845438857563,0.7046231742063993,0.7443118353121085,0.9325217514351399,0.4268,0.7824618919200217,0.0674,0.4268,0.0674,0.6766463067203774,0.6541626075782567,0.0674,1.0,0.7136115074077879,0.24347561279906826,0.6384280679370191,0.6957662067019845,0.6417117474209919,0.769907853982184,0.6088642810158804,0.7384012496522986,1.0,0.2512,0.7567450807686879,0.03604,1.0,0.6581203715989015,0.26813808945668594,0.7442767987504108,0.730822957481909,0.7267342009542656,0.7828171272069456,0.6438666287530641,0.7910376497709825,1.0,0.4268,0.9434556990503695,0.03604,0.7532057130093461,0.2777070845329786,0.7198929314544775,0.6526576554548664,0.7901244397000855,0.0674,1.0,0.7141127670455987,0.2830487264146519,0.6882843977753166,0.7700437463838088,0.6856699750249071,0.7693978432573099,0.68952310235956,0.7443577546422704,0.9156069294170811,0.489,0.8885531554443702,0.03604,0.25114193750346236,0.6103378046779584,0.03604,0.8172952010324597,0.0674,1.0,0.27290363832587045,0.7962436990882084,0.6502661975760033,0.4268,0.7856351326693648,0.0674,0.7217042781462675,0.2630435866757971,0.7295125673201504,0.7464730976849606,0.029369872546494605,0.028105257525404034,0.05368843795100441,0.05435785164297556,0.029515376659974706,0.028234006305782964,0.028387535935641726,0.05308753336608082,0.05520475104409497,0.028294968375501765,0.053640644317938184,0.028849299055685458,0.05500893504801379,0.02800332867719847,0.053982386453695505,0.05522880740937503,0.05443803463334592,0.028499708512233064,0.05421670363952475,0.05259985953292316,0.05544690276413972,0.053386991691669015,0.029660107104971127,0.028180322150639026,0.053765129999325825,0.028682808599582214,0.028195025470691436,0.7516673341840344,0.7398400218142456,1.0,0.9638607215532803,0.4268,0.2512,0.0674,0.0674,0.489,0.489,0.6537567317442412,0.6840013197494732,1.0,0.8823278733888097,0.4268,0.2512,0.0674,0.0674,0.489,0.5273,0.675345962984788,0.6333835957737948,1.0,0.9749625940602187,0.4268,0.2512,0.0674,0.03604,0.489,0.489,0.6035663331208105,0.7632457008229241,1.0,1.0,0.4268,0.4268,0.0674,0.03604,0.6708709050737289,0.6258589744243133,1.0,0.8844298316080906,0.2512,0.2512,0.0674,0.0674,0.7760380369550045,0.6845025759180287,1.0,0.8728462828589578,0.2512,0.4268,0.03604,0.0674,0.7377083832411963,0.5890116323190631,1.0,1.0,0.4268,0.0674,0.0674,0.489,0.489,0.7621769111057197,0.7106539977369839,1.0,0.8963747905543019,0.4268,0.4268,0.0674,0.0674,0.489,0.5273,0.7047357211655356,0.6052935106352558,1.0,0.9612297589827521,0.2512,0.4268,0.03604,0.03604,0.5273,0.489,0.722529475340873,0.7204436769343838,1.0,1.0,0.2512,0.2512,0.03604,0.03604,0.489,0.489,0.7401642886159536,0.6414218481024961,1.0,1.0,0.4268,0.2512,0.03604,0.0674,0.489,0.489,0.7683910396287192,0.705144626729188,1.0,0.93497153198107,0.03604,0.5273,0.489,0.623766838873907,0.6447833354215822,1.0,0.9584852814910788,0.2512,0.2512,0.0674,0.03604,0.489,0.489,0.6848702582507569,0.6791141138277159,1.0,1.0,0.2512,0.2512,0.03604,0.03604,0.6491129349063592,0.5873966508868946,1.0,1.0,0.2512,0.4268,0.0674,0.0674,0.7380408548784674,0.7114698352651441,1.0,0.9636951014866617,0.2512,0.2512,0.03604,0.03604,0.766629058344903,0.7382674420921255,1.0,0.8823597848901708,0.2512,0.2512,0.03604,0.0674,0.6487611359157202,0.6370496724880258,1.0,0.8740870564687059,0.2512,0.4268,0.0674,0.0674,0.6141935334896496,0.7327470585322939,1.0,0.9740044683953636,0.4268,0.4268,0.03604,0.0674,0.7732681001902557,0.6784116997792897,1.0,0.9874604198761363,0.4268,0.4268,0.03604,0.0674,0.6711348341830626,0.5803752109913429,1.0,0.9827425830908035,0.4268,0.4268,0.03604,0.03604,0.489,0.5273,0.7934296652031562,0.6284059744838587,1.0,0.8750876434309757,0.2512,0.4268,0.0674,0.03604,0.7582798375386324,0.7201190666087737,1.0,0.9003675622508334,0.4268,0.4268,0.03604,0.0674,0.5273,0.5273,0.6901202714244996,0.6157425989529733,1.0,1.0,0.2512,0.4268,0.03604,0.0674,0.6208599333986764,0.7079185489631774,1.0,1.0,0.4268,0.4268,0.0674,0.0674,0.7995293008282245,0.7486898262325785,1.0,0.9967417273108113,0.4268,0.4268,0.0674,0.0674,0.6208607029847099,0.6622675832426685,1.0,0.9068366809794567,0.4268,0.2512,0.03604,0.03604
,138,1.0,0.7200062235319811,0.6902979715592436,0.7780283645500766,0.5893663811458223,0.676448987587583,0.8868467156974715,0.0,1.0,0.7562545054237466,0.26091538025466765,0.6567249781286957,0.6530074247136426,0.7392440708365928,0.7332659050268051,1.0,0.304,0.8399400626285749,0.0,1.0,0.7858829089967807,0.2572423302159439,0.8150574377976805,0.6878755959650097,0.7612568940942418,0.7950622751689711,0.657986291057848,0.652898407252231,1.0,0.5005,0.5044,0.9409075704459899,7.546e-05,0.7384883995228695,0.27126138452940984,0.7269468513987332,0.7632551707016448,0.6759038256290042,0.9241720837500457,7.546e-05,0.2728840021462723,0.693990773723667,0.7751458182620317,1.0,0.2589115534401562,0.5044,7.546e-05,0.6630341675070435,0.26142113356830093,0.7884869942571767,0.6946010495049999,0.7442543858072213,0.9228929325509765,0.9325461204490425,7.546e-05,1.0,0.7074675192042303,0.2897825972881416,0.6940434613591012,0.8061052018166212,0.72778021435756,0.6208775205700721,0.625599442966835,0.7622989177563683,0.9180864588853435,0.5044,0.906665740797902,0.0,1.0,0.7917362352178465,0.2390606405660101,0.7725969215768982,0.82760660689684,0.772602164822527,0.7432743087024192,0.58405581099078,0.6283628813447326,0.9205740091139506,0.304,0.9073008832277851,0.0,1.0,0.8137252345825634,0.2721399422520431,0.7459191798242122,0.7840052906046194,0.6719904905319766,0.6746327390944329,1.0,0.304,0.8155293251280923,0.0,1.0,0.6899373174376329,0.25974596283171797,0.8183320569850787,0.6849386821949068,0.6742261450238185,0.7640112209485963,0.7862377083867127,1.0,0.304,0.8551049398733115,0.0,1.0,0.7271936566675511,0.7731271079945395,0.6717560628360981,0.5802633687459491,0.7200087229224705,0.5005,0.7929977289705824,0.0,1.0,0.7691715525348832,0.8132452773218886,0.7668868726101258,0.7280914310038655,0.7529082311173811,0.8730159828418825,0.5044,0.9441447852681512,0.0,1.0,0.7374496848195548,0.2983929179473973,0.781540577122514,0.7093454038826272,0.779770499364993,0.7064264414952981,0.7502001893488752,0.5044,0.9433424298702928,0.0,0.5826040854933594,0.914670991783938,7.546e-05,1.0,0.82261674376616,0.23797306903587442,0.6345524248665112,0.6255766057117242,0.9346341025900003,7.546e-05,0.6346869777361903,0.25586356277792743,0.7491893245516932,0.6136845438857563,0.7046231742063993,0.7443118353121085,0.9325217514351399,0.5044,0.7824618919200217,7.546e-05,0.5044,7.546e-05,0.6766463067203774,0.6541626075782567,7.546e-05,1.0,0.7136115074077879,0.24347561279906826,0.6384280679370191,0.6957662067019845,0.6417117474209919,0.769907853982184,0.6088642810158804,0.7384012496522986,1.0,0.304,0.7567450807686879,0.0,1.0,0.6581203715989015,0.26813808945668594,0.7442767987504108,0.730822957481909,0.7267342009542656,0.7828171272069456,0.6438666287530641,0.7910376497709825,1.0,0.5044,0.9434556990503695,0.0,0.7532057130093461,0.2777070845329786,0.7198929314544775,0.6526576554548664,0.7901244397000855,7.546e-05,1.0,0.7141127670455987,0.2830487264146519,0.6882843977753166,0.7700437463838088,0.6856699750249071,0.7693978432573099,0.68952310235956,0.7443577546422704,0.9156069294170811,0.5005,0.8885531554443702,0.0,0.25114193750346236,0.6103378046779584,0.0,0.8172952010324597,7.546e-05,1.0,0.27290363832587045,0.7962436990882084,0.6502661975760033,0.5044,0.7856351326693648,7.546e-05,0.7217042781462675,0.2630435866757971,0.7295125673201504,0.7464730976849606,0.0,0.0,6.010874670300879e-05,6.085821194330765e-05,0.0,0.0,0.0,5.943598320184657e-05,6.180638744491701e-05,0.0,6.005523768889637e-05,0.0,6.158715487719763e-05,0.0,6.0437846910917844e-05,6.183332058028843e-05,6.094798358208135e-05,0.0,6.070018481659552e-05,5.888999110318074e-05,6.207749677421341e-05,5.977125212245317e-05,0.0,0.0,6.019460993693067e-05,0.0,0.0,0.7516673341840344,0.7398400218142456,1.0,0.9638607215532803,0.5044,0.304,7.546e-05,7.546e-05,0.5005,0.5005,0.6537567317442412,0.6840013197494732,1.0,0.8823278733888097,0.5044,0.304,7.546e-05,7.546e-05,0.5005,0.556,0.675345962984788,0.6333835957737948,1.0,0.9749625940602187,0.5044,0.304,7.546e-05,0.0,0.5005,0.5005,0.6035663331208105,0.7632457008229241,1.0,1.0,0.5044,0.5044,7.546e-05,0.0,0.6708709050737289,0.6258589744243133,1.0,0.8844298316080906,0.304,0.304,7.546e-05,7.546e-05,0.7760380369550045,0.6845025759180287,1.0,0.8728462828589578,0.304,0.5044,0.0,7.546e-05,0.7377083832411963,0.5890116323190631,1.0,1.0,0.5044,7.546e-05,7.546e-05,0.5005,0.5005,0.7621769111057197,0.7106539977369839,1.0,0.8963747905543019,0.5044,0.5044,7.546e-05,7.546e-05,0.5005,0.556,0.7047357211655356,0.6052935106352558,1.0,0.9612297589827521,0.304,0.5044,0.0,0.0,0.556,0.5005,0.722529475340873,0.7204436769343838,1.0,1.0,0.304,0.304,0.0,0.0,0.5005,0.5005,0.7401642886159536,0.6414218481024961,1.0,1.0,0.5044,0.304,0.0,7.546e-05,0.5005,0.5005,0.7683910396287192,0.705144626729188,1.0,0.93497153198107,0.0,0.556,0.5005,0.623766838873907,0.6447833354215822,1.0,0.9584852814910788,0.304,0.304,7.546e-05,0.0,0.5005,0.5005,0.6848702582507569,0.6791141138277159,1.0,1.0,0.304,0.304,0.0,0.0,0.6491129349063592,0.5873966508868946,1.0,1.0,0.304,0.5044,7.546e-05,7.546e-05,0.7380408548784674,0.7114698352651441,1.0,0.9636951014866617,0.304,0.304,0.0,0.0,0.766629058344903,0.7382674420921255,1.0,0.8823597848901708,0.304,0.304,0.0,7.546e-05,0.6487611359157202,0.6370496724880258,1.0,0.8740870564687059,0.304,0.5044,7.546e-05,7.546e-05,0.6141935334896496,0.7327470585322939,1.0,0.9740044683953636,0.5044,0.5044,0.0,7.546e-05,0.7732681001902557,0.6784116997792897,1.0,0.9874604198761363,0.5044,0.5044,0.0,7.546e-05,0.6711348341830626,0.5803752109913429,1.0,0.9827425830908035,0.5044,0.5044,0.0,0.0,0.5005,0.556,0.7934296652031562,0.6284059744838587,1.0,0.8750876434309757,0.304,0.5044,7.546e-05,0.0,0.7582798375386324,0.7201190666087737,1.0,0.9003675622508334,0.5044,0.5044,0.0,7.546e-05,0.556,0.556,0.6901202714244996,0.6157425989529733,1.0,1.0,0.304,0.5044,0.0,7.546e-05,0.6208599333986764,0.7079185489631774,1.0,1.0,0.5044,0.5044,7.546e-05,7.546e-05,0.7995293008282245,0.7486898262325785,1.0,0.9967417273108113,0.5044,0.5044,7.546e-05,7.546e-05,0.6208607029847099,0.6622675832426685,1.0,0.9068366809794567,0.5044,0.304,0.0,0.0
,139,1.0,0.7200062235319811,0.6902979715592436,0.7780283645500766,0.5893663811458223,0.676448987587583,0.8868467156974715,0.0,1.0,0.7562545054237466,0.26091538025466765,0.6567249781286957,0.6530074247136426,0.7392440708365928,0.7332659050268051,1.0,0.3418,0.8399400626285749,0.0,1.0,0.7858829089967807,0.2572423302159439,0.8150574377976805,0.6878755959650097,0.7612568940942418,0.7950622751689711,0.657986291057848,0.652898407252231,1.0,0.5166,0.515,0.9409075704459899,0.0,0.7384883995228695,0.27126138452940984,0.7269468513987332,0.7632551707016448,0.6759038256290042,0.9241720837500457,0.0,0.2728840021462723,0.693990773723667,0.7751458182620317,1.0,0.2589115534401562,0.515,0.0,0.6630341675070435,0.26142113356830093,0.7884869942571767,0.6946010495049999,0.7442543858072213,0.9228929325509765,0.9325461204490425,0.0,1.0,0.7074675192042303,0.2897825972881416,0.6940434613591012,0.8061052018166212,0.72778021435756,0.6208775205700721,0.625599442966835,0.7622989177563683,0.9180864588853435,0.515,0.906665740797902,0.0,1.0,0.7917362352178465,0.2390606405660101,0.7725969215768982,0.82760660689684,0.772602164822527,0.7432743087024192,0.58405581099078,0.6283628813447326,0.9205740091139506,0.3418,0.9073008832277851,0.0,1.0,0.8137252345825634,0.2721399422520431,0.7459191798242122,0.7840052906046194,0.6719904905319766,0.6746327390944329,1.0,0.3418,0.8155293251280923,0.0,1.0,0.6899373174376329,0.25974596283171797,0.8183320569850787,0.6849386821949068,0.6742261450238185,0.7640112209485963,0.7862377083867127,1.0,0.3418,0.8551049398733115,0.0,1.0,0.7271936566675511,0.7731271079945395,0.6717560628360981,0.5802633687459491,0.7200087229224705,0.5166,0.7929977289705824,0.0,1.0,0.7691715525348832,0.8132452773218886,0.7668868726101258,0.7280914310038655,0.7529082311173811,0.8730159828418825,0.515,0.9441447852681512,0.0,1.0,0.7374496848195548,0.2983929179473973,0.781540577122514,0.7093454038826272,0.779770499364993,0.7064264414952981,0.7502001893488752,0.515,0.9433424298702928,0.0,0.5826040854933594,0.914670991783938,0.0,1.0,0.82261674376616,0.23797306903587442,0.6345524248665112,0.6255766057117242,0.9346341025900003,0.0,0.6346869777361903,0.25586356277792743,0.7491893245516932,0.6136845438857563,0.7046231742063993,0.7443118353121085,0.9325217514351399,0.515,0.7824618919200217,0.0,0.515,0.0,0.6766463067203774,0.6541626075782567,0.0,1.0,0.7136115074077879,0.24347561279906826,0.6384280679370191,0.6957662067019845,0.6417117474209919,0.769907853982184,0.6088642810158804,0.7384012496522986,1.0,0.3418,0.7567450807686879,0.0,1.0,0.6581203715989015,0.26813808945668594,0.7442767987504108,0.730822957481909,0.7267342009542656,0.7828171272069456,0.6438666287530641,0.7910376497709825,1.0,0.515,0.9434556990503695,0.0,0.7532057130093461,0.2777070845329786,0.7198929314544775,0.6526576554548664,0.7901244397000855,0.0,1.0,0.7141127670455987,0.2830487264146519,0.6882843977753166,0.7700437463838088,0.6856699750249071,0.7693978432573099,0.68952310235956,0.7443577546422704,0.9156069294170811,0.5166,0.8885531554443702,0.0,0.25114193750346236,0.6103378046779584,0.0,0.8172952010324597,0.0,1.0,0.27290363832587045,0.7962436990882084,0.6502661975760033,0.515,0.7856351326693648,0.0,0.7217042781462675,0.2630435866757971,0.7295125673201504,0.7464730976849606,0.0,0.0,0.0,0.0,0.0,0.0,0.0,0.0,0.0,0.0,0.0,0.0,0.0,0.0,0.0,0.0,0.0,0.0,0.0,0.0,0.0,0.0,0.0,0.0,0.0,0.0,0.0,0.7516673341840344,0.7398400218142456,1.0,0.9638607215532803,0.515,0.3418,0.0,0.0,0.5166,0.5166,0.6537567317442412,0.6840013197494732,1.0,0.8823278733888097,0.515,0.3418,0.0,0.0,0.5166,0.59,0.675345962984788,0.6333835957737948,1.0,0.9749625940602187,0.515,0.3418,0.0,0.0,0.5166,0.5166,0.6035663331208105,0.7632457008229241,1.0,1.0,0.515,0.515,0.0,0.0,0.6708709050737289,0.6258589744243133,1.0,0.8844298316080906,0.3418,0.3418,0.0,0.0,0.7760380369550045,0.6845025759180287,1.0,0.8728462828589578,0.3418,0.515,0.0,0.0,0.7377083832411963,0.5890116323190631,1.0,1.0,0.515,0.0,0.0,0.5166,0.5166,0.7621769111057197,0.7106539977369839,1.0,0.8963747905543019,0.515,0.515,0.0,0.0,0.5166,0.59,0.7047357211655356,0.6052935106352558,1.0,0.9612297589827521,0.3418,0.515,0.0,0.0,0.59,0.5166,0.722529475340873,0.7204436769343838,1.0,1.0,0.3418,0.3418,0.0,0.0,0.5166,0.5166,0.7401642886159536,0.6414218481024961,1.0,1.0,0.515,0.3418,0.0,0.0,0.5166,0.5166,0.7683910396287192,0.705144626729188,1.0,0.93497153198107,0.0,0.59,0.5166,0.623766838873907,0.6447833354215822,1.0,0.9584852814910788,0.3418,0.3418,0.0,0.0,0.5166,0.5166,0.6848702582507569,0.6791141138277159,1.0,1.0,0.3418,0.3418,0.0,0.0,0.6491129349063592,0.5873966508868946,1.0,1.0,0.3418,0.515,0.0,0.0,0.7380408548784674,0.7114698352651441,1.0,0.9636951014866617,0.3418,0.3418,0.0,0.0,0.766629058344903,0.7382674420921255,1.0,0.8823597848901708,0.3418,0.3418,0.0,0.0,0.6487611359157202,0.6370496724880258,1.0,0.8740870564687059,0.3418,0.515,0.0,0.0,0.6141935334896496,0.7327470585322939,1.0,0.9740044683953636,0.515,0.515,0.0,0.0,0.7732681001902557,0.6784116997792897,1.0,0.9874604198761363,0.515,0.515,0.0,0.0,0.6711348341830626,0.5803752109913429,1.0,0.9827425830908035,0.515,0.515,0.0,0.0,0.5166,0.59,0.7934296652031562,0.6284059744838587,1.0,0.8750876434309757,0.3418,0.515,0.0,0.0,0.7582798375386324,0.7201190666087737,1.0,0.9003675622508334,0.515,0.515,0.0,0.0,0.59,0.59,0.6901202714244996,0.6157425989529733,1.0,1.0,0.3418,0.515,0.0,0.0,0.6208599333986764,0.7079185489631774,1.0,1.0,0.515,0.515,0.0,0.0,0.7995293008282245,0.7486898262325785,1.0,0.9967417273108113,0.515,0.515,0.0,0.0,0.6208607029847099,0.6622675832426685,1.0,0.9068366809794567,0.515,0.3418,0.0,0.0
,140,1.0,0.7200062235319811,0.6902979715592436,0.7780283645500766,0.5893663811458223,0.676448987587583,0.8868467156974715,0.0,1.0,0.7562545054237466,0.26091538025466765,0.6567249781286957,0.6530074247136426,0.7392440708365928,0.7332659050268051,1.0,0.3596,0.8399400626285749,0.0,1.0,0.7858829089967807,0.2572423302159439,0.8150574377976805,0.6878755959650097,0.7612568940942418,0.7950622751689711,0.657986291057848,0.652898407252231,1.0,0.538,0.488,0.9409075704459899,0.0,0.7384883995228695,0.27126138452940984,0.7269468513987332,0.7632551707016448,0.6759038256290042,0.9241720837500457,0.0,0.2728840021462723,0.693990773723667,0.7751458182620317,1.0,0.2589115534401562,0.488,0.0,0.6630341675070435,0.26142113356830093,0.7884869942571767,0.6946010495049999,0.7442543858072213,0.9228929325509765,0.9325461204490425,0.0,1.0,0.7074675192042303,0.2897825972881416,0.6940434613591012,0.8061052018166212,0.72778021435756,0.6208775205700721,0.625599442966835,0.7622989177563683,0.9180864588853435,0.488,0.906665740797902,0.0,1.0,0.7917362352178465,0.2390606405660101,0.7725969215768982,0.82760660689684,0.772602164822527,0.7432743087024192,0.58405581099078,0.6283628813447326,0.9205740091139506,0.3596,0.9073008832277851,0.0,1.0,0.8137252345825634,0.2721399422520431,0.7459191798242122,0.7840052906046194,0.6719904905319766,0.6746327390944329,1.0,0.3596,0.8155293251280923,0.0,1.0,0.6899373174376329,0.25974596283171797,0.8183320569850787,0.6849386821949068,0.6742261450238185,0.7640112209485963,0.7862377083867127,1.0,0.3596,0.8551049398733115,0.0,1.0,0.7271936566675511,0.7731271079945395,0.6717560628360981,0.5802633687459491,0.7200087229224705,0.538,0.7929977289705824,0.0,1.0,0.7691715525348832,0.8132452773218886,0.7668868726101258,0.7280914310038655,0.7529082311173811,0.8730159828418825,0.488,0.9441447852681512,0.0,1.0,0.7374496848195548,0.2983929179473973,0.781540577122514,0.7093454038826272,0.779770499364993,0.7064264414952981,0.7502001893488752,0.488,0.9433424298702928,0.0,0.5826040854933594,0.914670991783938,0.0,1.0,0.82261674376616,0.23797306903587442,0.6345524248665112,0.6255766057117242,0.9346341025900003,0.0,0.6346869777361903,0.25586356277792743,0.7491893245516932,0.6136845438857563,0.7046231742063993,0.7443118353121085,0.9325217514351399,0.488,0.7824618919200217,0.0,0.488,0.0,0.6766463067203774,0.6541626075782567,0.0,1.0,0.7136115074077879,0.24347561279906826,0.6384280679370191,0.6957662067019845,0.6417117474209919,0.769907853982184,0.6088642810158804,0.7384012496522986,1.0,0.3596,0.7567450807686879,0.0,1.0,0.6581203715989015,0.26813808945668594,0.7442767987504108,0.730822957481909,0.7267342009542656,0.7828171272069456,0.6438666287530641,0.7910376497709825,1.0,0.488,0.9434556990503695,0.0,0.7532057130093461,0.2777070845329786,0.7198929314544775,0.6526576554548664,0.7901244397000855,0.0,1.0,0.7141127670455987,0.2830487264146519,0.6882843977753166,0.7700437463838088,0.6856699750249071,0.7693978432573099,0.68952310235956,0.7443577546422704,0.9156069294170811,0.538,0.8885531554443702,0.0,0.25114193750346236,0.6103378046779584,0.0,0.8172952010324597,0.0,1.0,0.27290363832587045,0.7962436990882084,0.6502661975760033,0.488,0.7856351326693648,0.0,0.7217042781462675,0.2630435866757971,0.7295125673201504,0.7464730976849606,0.0,0.0,0.0,0.0,0.0,0.0,0.0,0.0,0.0,0.0,0.0,0.0,0.0,0.0,0.0,0.0,0.0,0.0,0.0,0.0,0.0,0.0,0.0,0.0,0.0,0.0,0.0,0.7516673341840344,0.7398400218142456,1.0,0.9638607215532803,0.488,0.3596,0.0,0.0,0.538,0.538,0.6537567317442412,0.6840013197494732,1.0,0.8823278733888097,0.488,0.3596,0.0,0.0,0.538,0.5913,0.675345962984788,0.6333835957737948,1.0,0.9749625940602187,0.488,0.3596,0.0,0.0,0.538,0.538,0.6035663331208105,0.7632457008229241,1.0,1.0,0.488,0.488,0.0,0.0,0.6708709050737289,0.6258589744243133,1.0,0.8844298316080906,0.3596,0.3596,0.0,0.0,0.7760380369550045,0.6845025759180287,1.0,0.8728462828589578,0.3596,0.488,0.0,0.0,0.7377083832411963,0.5890116323190631,1.0,1.0,0.488,0.0,0.0,0.538,0.538,0.7621769111057197,0.7106539977369839,1.0,0.8963747905543019,0.488,0.488,0.0,0.0,0.538,0.5913,0.7047357211655356,0.6052935106352558,1.0,0.9612297589827521,0.3596,0.488,0.0,0.0,0.5913,0.538,0.722529475340873,0.7204436769343838,1.0,1.0,0.3596,0.3596,0.0,0.0,0.538,0.538,0.7401642886159536,0.6414218481024961,1.0,1.0,0.488,0.3596,0.0,0.0,0.538,0.538,0.7683910396287192,0.705144626729188,1.0,0.93497153198107,0.0,0.5913,0.538,0.623766838873907,0.6447833354215822,1.0,0.9584852814910788,0.3596,0.3596,0.0,0.0,0.538,0.538,0.6848702582507569,0.6791141138277159,1.0,1.0,0.3596,0.3596,0.0,0.0,0.6491129349063592,0.5873966508868946,1.0,1.0,0.3596,0.488,0.0,0.0,0.7380408548784674,0.7114698352651441,1.0,0.9636951014866617,0.3596,0.3596,0.0,0.0,0.766629058344903,0.7382674420921255,1.0,0.8823597848901708,0.3596,0.3596,0.0,0.0,0.6487611359157202,0.6370496724880258,1.0,0.8740870564687059,0.3596,0.488,0.0,0.0,0.6141935334896496,0.7327470585322939,1.0,0.9740044683953636,0.488,0.488,0.0,0.0,0.7732681001902557,0.6784116997792897,1.0,0.9874604198761363,0.488,0.488,0.0,0.0,0.6711348341830626,0.5803752109913429,1.0,0.9827425830908035,0.488,0.488,0.0,0.0,0.538,0.5913,0.7934296652031562,0.6284059744838587,1.0,0.8750876434309757,0.3596,0.488,0.0,0.0,0.7582798375386324,0.7201190666087737,1.0,0.9003675622508334,0.488,0.488,0.0,0.0,0.5913,0.5913,0.6901202714244996,0.6157425989529733,1.0,1.0,0.3596,0.488,0.0,0.0,0.6208599333986764,0.7079185489631774,1.0,1.0,0.488,0.488,0.0,0.0,0.7995293008282245,0.7486898262325785,1.0,0.9967417273108113,0.488,0.488,0.0,0.0,0.6208607029847099,0.6622675832426685,1.0,0.9068366809794567,0.488,0.3596,0.0,0.0
,141,1.0,0.7200062235319811,0.6902979715592436,0.7780283645500766,0.5893663811458223,0.676448987587583,0.8868467156974715,0.0,1.0,0.7562545054237466,0.26091538025466765,0.6567249781286957,0.6530074247136426,0.7392440708365928,0.7332659050268051,1.0,0.3684,0.8399400626285749,0.0,1.0,0.7858829089967807,0.2572423302159439,0.8150574377976805,0.6878755959650097,0.7612568940942418,0.7950622751689711,0.657986291057848,0.652898407252231,1.0,0.546,0.448,0.9409075704459899,0.0,0.7384883995228695,0.27126138452940984,0.7269468513987332,0.7632551707016448,0.6759038256290042,0.9241720837500457,0.0,0.2728840021462723,0.693990773723667,0.7751458182620317,1.0,0.2589115534401562,0.448,0.0,0.6630341675070435,0.26142113356830093,0.7884869942571767,0.6946010495049999,0.7442543858072213,0.9228929325509765,0.9325461204490425,0.0,1.0,0.7074675192042303,0.2897825972881416,0.6940434613591012,0.8061052018166212,0.72778021435756,0.6208775205700721,0.625599442966835,0.7622989177563683,0.9180864588853435,0.448,0.906665740797902,0.0,1.0,0.7917362352178465,0.2390606405660101,0.7725969215768982,0.82760660689684,0.772602164822527,0.7432743087024192,0.58405581099078,0.6283628813447326,0.9205740091139506,0.3684,0.9073008832277851,0.0,1.0,0.8137252345825634,0.2721399422520431,0.7459191798242122,0.7840052906046194,0.6719904905319766,0.6746327390944329,1.0,0.3684,0.8155293251280923,0.0,1.0,0.6899373174376329,0.25974596283171797,0.8183320569850787,0.6849386821949068,0.6742261450238185,0.7640112209485963,0.7862377083867127,1.0,0.3684,0.8551049398733115,0.0,1.0,0.7271936566675511,0.7731271079945395,0.6717560628360981,0.5802633687459491,0.7200087229224705,0.546,0.7929977289705824,0.0,1.0,0.7691715525348832,0.8132452773218886,0.7668868726101258,0.7280914310038655,0.7529082311173811,0.8730159828418825,0.448,0.9441447852681512,0.0,1.0,0.7374496848195548,0.2983929179473973,0.781540577122514,0.7093454038826272,0.779770499364993,0.7064264414952981,0.7502001893488752,0.448,0.9433424298702928,0.0,0.5826040854933594,0.914670991783938,0.0,1.0,0.82261674376616,0.23797306903587442,0.6345524248665112,0.6255766057117242,0.9346341025900003,0.0,0.6346869777361903,0.25586356277792743,0.7491893245516932,0.6136845438857563,0.7046231742063993,0.7443118353121085,0.9325217514351399,0.448,0.7824618919200217,0.0,0.448,0.0,0.6766463067203774,0.6541626075782567,0.0,1.0,0.7136115074077879,0.24347561279906826,0.6384280679370191,0.6957662067019845,0.6417117474209919,0.769907853982184,0.6088642810158804,0.7384012496522986,1.0,0.3684,0.7567450807686879,0.0,1.0,0.6581203715989015,0.26813808945668594,0.7442767987504108,0.730822957481909,0.7267342009542656,0.7828171272069456,0.6438666287530641,0.7910376497709825,1.0,0.448,0.9434556990503695,0.0,0.7532057130093461,0.2777070845329786,0.7198929314544775,0.6526576554548664,0.7901244397000855,0.0,1.0,0.7141127670455987,0.2830487264146519,0.6882843977753166,0.7700437463838088,0.6856699750249071,0.7693978432573099,0.68952310235956,0.7443577546422704,0.9156069294170811,0.546,0.8885531554443702,0.0,0.25114193750346236,0.6103378046779584,0.0,0.8172952010324597,0.0,1.0,0.27290363832587045,0.7962436990882084,0.6502661975760033,0.448,0.7856351326693648,0.0,0.7217042781462675,0.2630435866757971,0.7295125673201504,0.7464730976849606,0.0,0.0,0.0,0.0,0.0,0.0,0.0,0.0,0.0,0.0,0.0,0.0,0.0,0.0,0.0,0.0,0.0,0.0,0.0,0.0,0.0,0.0,0.0,0.0,0.0,0.0,0.0,0.7516673341840344,0.7398400218142456,1.0,0.9638607215532803,0.448,0.3684,0.0,0.0,0.546,0.546,0.6537567317442412,0.6840013197494732,1.0,0.8823278733888097,0.448,0.3684,0.0,0.0,0.546,0.572,0.675345962984788,0.6333835957737948,1.0,0.9749625940602187,0.448,0.3684,0.0,0.0,0.546,0.546,0.6035663331208105,0.7632457008229241,1.0,1.0,0.448,0.448,0.0,0.0,0.6708709050737289,0.6258589744243133,1.0,0.8844298316080906,0.3684,0.3684,0.0,0.0,0.7760380369550045,0.6845025759180287,1.0,0.8728462828589578,0.3684,0.448,0.0,0.0,0.7377083832411963,0.5890116323190631,1.0,1.0,0.448,0.0,0.0,0.546,0.546,0.7621769111057197,0.7106539977369839,1.0,0.8963747905543019,0.448,0.448,0.0,0.0,0.546,0.572,0.7047357211655356,0.6052935106352558,1.0,0.9612297589827521,0.3684,0.448,0.0,0.0,0.572,0.546,0.722529475340873,0.7204436769343838,1.0,1.0,0.3684,0.3684,0.0,0.0,0.546,0.546,0.7401642886159536,0.6414218481024961,1.0,1.0,0.448,0.3684,0.0,0.0,0.546,0.546,0.7683910396287192,0.705144626729188,1.0,0.93497153198107,0.0,0.572,0.546,0.623766838873907,0.6447833354215822,1.0,0.9584852814910788,0.3684,0.3684,0.0,0.0,0.546,0.546,0.6848702582507569,0.6791141138277159,1.0,1.0,0.3684,0.3684,0.0,0.0,0.6491129349063592,0.5873966508868946,1.0,1.0,0.3684,0.448,0.0,0.0,0.7380408548784674,0.7114698352651441,1.0,0.9636951014866617,0.3684,0.3684,0.0,0.0,0.766629058344903,0.7382674420921255,1.0,0.8823597848901708,0.3684,0.3684,0.0,0.0,0.6487611359157202,0.6370496724880258,1.0,0.8740870564687059,0.3684,0.448,0.0,0.0,0.6141935334896496,0.7327470585322939,1.0,0.9740044683953636,0.448,0.448,0.0,0.0,0.7732681001902557,0.6784116997792897,1.0,0.9874604198761363,0.448,0.448,0.0,0.0,0.6711348341830626,0.5803752109913429,1.0,0.9827425830908035,0.448,0.448,0.0,0.0,0.546,0.572,0.7934296652031562,0.6284059744838587,1.0,0.8750876434309757,0.3684,0.448,0.0,0.0,0.7582798375386324,0.7201190666087737,1.0,0.9003675622508334,0.448,0.448,0.0,0.0,0.572,0.572,0.6901202714244996,0.6157425989529733,1.0,1.0,0.3684,0.448,0.0,0.0,0.6208599333986764,0.7079185489631774,1.0,1.0,0.448,0.448,0.0,0.0,0.7995293008282245,0.7486898262325785,1.0,0.9967417273108113,0.448,0.448,0.0,0.0,0.6208607029847099,0.6622675832426685,1.0,0.9068366809794567,0.448,0.3684,0.0,0.0
,142,1.0,0.7200062235319811,0.6902979715592436,0.7780283645500766,0.5893663811458223,0.676448987587583,0.8868467156974715,0.0,1.0,0.7562545054237466,0.26091538025466765,0.6567249781286957,0.6530074247136426,0.7392440708365928,0.7332659050268051,1.0,0.3762,0.8399400626285749,0.0,1.0,0.7858829089967807,0.2572423302159439,0.8150574377976805,0.6878755959650097,0.7612568940942418,0.7950622751689711,0.657986291057848,0.652898407252231,1.0,0.554,0.4033,0.9409075704459899,0.0,0.7384883995228695,0.27126138452940984,0.7269468513987332,0.7632551707016448,0.6759038256290042,0.9241720837500457,0.0,0.2728840021462723,0.693990773723667,0.7751458182620317,1.0,0.2589115534401562,0.4033,0.0,0.6630341675070435,0.26142113356830093,0.7884869942571767,0.6946010495049999,0.7442543858072213,0.9228929325509765,0.9325461204490425,0.0,1.0,0.7074675192042303,0.2897825972881416,0.6940434613591012,0.8061052018166212,0.72778021435756,0.6208775205700721,0.625599442966835,0.7622989177563683,0.9180864588853435,0.4033,0.906665740797902,0.0,1.0,0.7917362352178465,0.2390606405660101,0.7725969215768982,0.82760660689684,0.772602164822527,0.7432743087024192,0.58405581099078,0.6283628813447326,0.9205740091139506,0.3762,0.9073008832277851,0.0,1.0,0.8137252345825634,0.2721399422520431,0.7459191798242122,0.7840052906046194,0.6719904905319766,0.6746327390944329,1.0,0.3762,0.8155293251280923,0.0,1.0,0.6899373174376329,0.25974596283171797,0.8183320569850787,0.6849386821949068,0.6742261450238185,0.7640112209485963,0.7862377083867127,1.0,0.3762,0.8551049398733115,0.0,1.0,0.7271936566675511,0.7731271079945395,0.6717560628360981,0.5802633687459491,0.7200087229224705,0.554,0.7929977289705824,0.0,1.0,0.7691715525348832,0.8132452773218886,0.7668868726101258,0.7280914310038655,0.7529082311173811,0.8730159828418825,0.4033,0.9441447852681512,0.0,1.0,0.7374496848195548,0.2983929179473973,0.781540577122514,0.7093454038826272,0.779770499364993,0.7064264414952981,0.7502001893488752,0.4033,0.9433424298702928,0.0,0.5826040854933594,0.914670991783938,0.0,1.0,0.82261674376616,0.23797306903587442,0.6345524248665112,0.6255766057117242,0.9346341025900003,0.0,0.6346869777361903,0.25586356277792743,0.7491893245516932,0.6136845438857563,0.7046231742063993,0.7443118353121085,0.9325217514351399,0.4033,0.7824618919200217,0.0,0.4033,0.0,0.6766463067203774,0.6541626075782567,0.0,1.0,0.7136115074077879,0.24347561279906826,0.6384280679370191,0.6957662067019845,0.6417117474209919,0.769907853982184,0.6088642810158804,0.7384012496522986,1.0,0.3762,0.7567450807686879,0.0,1.0,0.6581203715989015,0.26813808945668594,0.7442767987504108,0.730822957481909,0.7267342009542656,0.7828171272069456,0.6438666287530641,0.7910376497709825,1.0,0.4033,0.9434556990503695,0.0,0.7532057130093461,0.2777070845329786,0.7198929314544775,0.6526576554548664,0.7901244397000855,0.0,1.0,0.7141127670455987,0.2830487264146519,0.6882843977753166,0.7700437463838088,0.6856699750249071,0.7693978432573099,0.68952310235956,0.7443577546422704,0.9156069294170811,0.554,0.8885531554443702,0.0,0.25114193750346236,0.6103378046779584,0.0,0.8172952010324597,0.0,1.0,0.27290363832587045,0.7962436990882084,0.6502661975760033,0.4033,0.7856351326693648,0.0,0.7217042781462675,0.2630435866757971,0.7295125673201504,0.7464730976849606,0.0,0.0,0.0,0.0,0.0,0.0,0.0,0.0,0.0,0.0,0.0,0.0,0.0,0.0,0.0,0.0,0.0,0.0,0.0,0.0,0.0,0.0,0.0,0.0,0.0,0.0,0.0,0.7516673341840344,0.7398400218142456,1.0,0.9638607215532803,0.4033,0.3762,0.0,0.0,0.554,0.554,0.6537567317442412,0.6840013197494732,1.0,0.8823278733888097,0.4033,0.3762,0.0,0.0,0.554,0.5474,0.675345962984788,0.6333835957737948,1.0,0.9749625940602187,0.4033,0.3762,0.0,0.0,0.554,0.554,0.6035663331208105,0.7632457008229241,1.0,1.0,0.4033,0.4033,0.0,0.0,0.6708709050737289,0.6258589744243133,1.0,0.8844298316080906,0.3762,0.3762,0.0,0.0,0.7760380369550045,0.6845025759180287,1.0,0.8728462828589578,0.3762,0.4033,0.0,0.0,0.7377083832411963,0.5890116323190631,1.0,1.0,0.4033,0.0,0.0,0.554,0.554,0.7621769111057197,0.7106539977369839,1.0,0.8963747905543019,0.4033,0.4033,0.0,0.0,0.554,0.5474,0.7047357211655356,0.6052935106352558,1.0,0.9612297589827521,0.3762,0.4033,0.0,0.0,0.5474,0.554,0.722529475340873,0.7204436769343838,1.0,1.0,0.3762,0.3762,0.0,0.0,0.554,0.554,0.7401642886159536,0.6414218481024961,1.0,1.0,0.4033,0.3762,0.0,0.0,0.554,0.554,0.7683910396287192,0.705144626729188,1.0,0.93497153198107,0.0,0.5474,0.554,0.623766838873907,0.6447833354215822,1.0,0.9584852814910788,0.3762,0.3762,0.0,0.0,0.554,0.554,0.6848702582507569,0.6791141138277159,1.0,1.0,0.3762,0.3762,0.0,0.0,0.6491129349063592,0.5873966508868946,1.0,1.0,0.3762,0.4033,0.0,0.0,0.7380408548784674,0.7114698352651441,1.0,0.9636951014866617,0.3762,0.3762,0.0,0.0,0.766629058344903,0.7382674420921255,1.0,0.8823597848901708,0.3762,0.3762,0.0,0.0,0.6487611359157202,0.6370496724880258,1.0,0.8740870564687059,0.3762,0.4033,0.0,0.0,0.6141935334896496,0.7327470585322939,1.0,0.9740044683953636,0.4033,0.4033,0.0,0.0,0.7732681001902557,0.6784116997792897,1.0,0.9874604198761363,0.4033,0.4033,0.0,0.0,0.6711348341830626,0.5803752109913429,1.0,0.9827425830908035,0.4033,0.4033,0.0,0.0,0.554,0.5474,0.7934296652031562,0.6284059744838587,1.0,0.8750876434309757,0.3762,0.4033,0.0,0.0,0.7582798375386324,0.7201190666087737,1.0,0.9003675622508334,0.4033,0.4033,0.0,0.0,0.5474,0.5474,0.6901202714244996,0.6157425989529733,1.0,1.0,0.3762,0.4033,0.0,0.0,0.6208599333986764,0.7079185489631774,1.0,1.0,0.4033,0.4033,0.0,0.0,0.7995293008282245,0.7486898262325785,1.0,0.9967417273108113,0.4033,0.4033,0.0,0.0,0.6208607029847099,0.6622675832426685,1.0,0.9068366809794567,0.4033,0.3762,0.0,0.0
,143,1.0,0.7200062235319811,0.6902979715592436,0.7780283645500766,0.5893663811458223,0.676448987587583,0.8868467156974715,0.0,1.0,0.7562545054237466,0.26091538025466765,0.6567249781286957,0.6530074247136426,0.7392440708365928,0.7332659050268051,1.0,0.39,0.8399400626285749,0.0,1.0,0.7858829089967807,0.2572423302159439,0.8150574377976805,0.6878755959650097,0.7612568940942418,0.7950622751689711,0.657986291057848,0.652898407252231,1.0,0.575,0.3633,0.9409075704459899,0.0,0.7384883995228695,0.27126138452940984,0.7269468513987332,0.7632551707016448,0.6759038256290042,0.9241720837500457,0.0,0.2728840021462723,0.693990773723667,0.7751458182620317,1.0,0.2589115534401562,0.3633,0.0,0.6630341675070435,0.26142113356830093,0.7884869942571767,0.6946010495049999,0.7442543858072213,0.9228929325509765,0.9325461204490425,0.0,1.0,0.7074675192042303,0.2897825972881416,0.6940434613591012,0.8061052018166212,0.72778021435756,0.6208775205700721,0.625599442966835,0.7622989177563683,0.9180864588853435,0.3633,0.906665740797902,0.0,1.0,0.7917362352178465,0.2390606405660101,0.7725969215768982,0.82760660689684,0.772602164822527,0.7432743087024192,0.58405581099078,0.6283628813447326,0.9205740091139506,0.39,0.9073008832277851,0.0,1.0,0.8137252345825634,0.2721399422520431,0.7459191798242122,0.7840052906046194,0.6719904905319766,0.6746327390944329,1.0,0.39,0.8155293251280923,0.0,1.0,0.6899373174376329,0.25974596283171797,0.8183320569850787,0.6849386821949068,0.6742261450238185,0.7640112209485963,0.7862377083867127,1.0,0.39,0.8551049398733115,0.0,1.0,0.7271936566675511,0.7731271079945395,0.6717560628360981,0.5802633687459491,0.7200087229224705,0.575,0.7929977289705824,0.0,1.0,0.7691715525348832,0.8132452773218886,0.7668868726101258,0.7280914310038655,0.7529082311173811,0.8730159828418825,0.3633,0.9441447852681512,0.0,1.0,0.7374496848195548,0.2983929179473973,0.781540577122514,0.7093454038826272,0.779770499364993,0.7064264414952981,0.7502001893488752,0.3633,0.9433424298702928,0.0,0.5826040854933594,0.914670991783938,0.0,1.0,0.82261674376616,0.23797306903587442,0.6345524248665112,0.6255766057117242,0.9346341025900003,0.0,0.6346869777361903,0.25586356277792743,0.7491893245516932,0.6136845438857563,0.7046231742063993,0.7443118353121085,0.9325217514351399,0.3633,0.7824618919200217,0.0,0.3633,0.0,0.6766463067203774,0.6541626075782567,0.0,1.0,0.7136115074077879,0.24347561279906826,0.6384280679370191,0.6957662067019845,0.6417117474209919,0.769907853982184,0.6088642810158804,0.7384012496522986,1.0,0.39,0.7567450807686879,0.0,1.0,0.6581203715989015,0.26813808945668594,0.7442767987504108,0.730822957481909,0.7267342009542656,0.7828171272069456,0.6438666287530641,0.7910376497709825,1.0,0.3633,0.9434556990503695,0.0,0.7532057130093461,0.2777070845329786,0.7198929314544775,0.6526576554548664,0.7901244397000855,0.0,1.0,0.7141127670455987,0.2830487264146519,0.6882843977753166,0.7700437463838088,0.6856699750249071,0.7693978432573099,0.68952310235956,0.7443577546422704,0.9156069294170811,0.575,0.8885531554443702,0.0,0.25114193750346236,0.6103378046779584,0.0,0.8172952010324597,0.0,1.0,0.27290363832587045,0.7962436990882084,0.6502661975760033,0.3633,0.7856351326693648,0.0,0.7217042781462675,0.2630435866757971,0.7295125673201504,0.7464730976849606,0.0,0.0,0.0,0.0,0.0,0.0,0.0,0.0,0.0,0.0,0.0,0.0,0.0,0.0,0.0,0.0,0.0,0.0,0.0,0.0,0.0,0.0,0.0,0.0,0.0,0.0,0.0,0.7516673341840344,0.7398400218142456,1.0,0.9638607215532803,0.3633,0.39,0.0,0.0,0.575,0.575,0.6537567317442412,0.6840013197494732,1.0,0.8823278733888097,0.3633,0.39,0.0,0.0,0.575,0.4858,0.675345962984788,0.6333835957737948,1.0,0.9749625940602187,0.3633,0.39,0.0,0.0,0.575,0.575,0.6035663331208105,0.7632457008229241,1.0,1.0,0.3633,0.3633,0.0,0.0,0.6708709050737289,0.6258589744243133,1.0,0.8844298316080906,0.39,0.39,0.0,0.0,0.7760380369550045,0.6845025759180287,1.0,0.8728462828589578,0.39,0.3633,0.0,0.0,0.7377083832411963,0.5890116323190631,1.0,1.0,0.3633,0.0,0.0,0.575,0.575,0.7621769111057197,0.7106539977369839,1.0,0.8963747905543019,0.3633,0.3633,0.0,0.0,0.575,0.4858,0.7047357211655356,0.6052935106352558,1.0,0.9612297589827521,0.39,0.3633,0.0,0.0,0.4858,0.575,0.722529475340873,0.7204436769343838,1.0,1.0,0.39,0.39,0.0,0.0,0.575,0.575,0.7401642886159536,0.6414218481024961,1.0,1.0,0.3633,0.39,0.0,0.0,0.575,0.575,0.7683910396287192,0.705144626729188,1.0,0.93497153198107,0.0,0.4858,0.575,0.623766838873907,0.6447833354215822,1.0,0.9584852814910788,0.39,0.39,0.0,0.0,0.575,0.575,0.6848702582507569,0.6791141138277159,1.0,1.0,0.39,0.39,0.0,0.0,0.6491129349063592,0.5873966508868946,1.0,1.0,0.39,0.3633,0.0,0.0,0.7380408548784674,0.7114698352651441,1.0,0.9636951014866617,0.39,0.39,0.0,0.0,0.766629058344903,0.7382674420921255,1.0,0.8823597848901708,0.39,0.39,0.0,0.0,0.6487611359157202,0.6370496724880258,1.0,0.8740870564687059,0.39,0.3633,0.0,0.0,0.6141935334896496,0.7327470585322939,1.0,0.9740044683953636,0.3633,0.3633,0.0,0.0,0.7732681001902557,0.6784116997792897,1.0,0.9874604198761363,0.3633,0.3633,0.0,0.0,0.6711348341830626,0.5803752109913429,1.0,0.9827425830908035,0.3633,0.3633,0.0,0.0,0.575,0.4858,0.7934296652031562,0.6284059744838587,1.0,0.8750876434309757,0.39,0.3633,0.0,0.0,0.7582798375386324,0.7201190666087737,1.0,0.9003675622508334,0.3633,0.3633,0.0,0.0,0.4858,0.4858,0.6901202714244996,0.6157425989529733,1.0,1.0,0.39,0.3633,0.0,0.0,0.6208599333986764,0.7079185489631774,1.0,1.0,0.3633,0.3633,0.0,0.0,0.7995293008282245,0.7486898262325785,1.0,0.9967417273108113,0.3633,0.3633,0.0,0.0,0.6208607029847099,0.6622675832426685,1.0,0.9068366809794567,0.3633,0.39,0.0,0.0
,144,1.0,0.7520484145801445,0.9237820094317777,0.8932054502139697,0.9204138305323479,0.7656725940279565,0.8203831038108265,0.0,1.0,0.752764003516349,0.29363856419644224,0.9661312973557766,0.9545667120747349,0.8069863816854473,0.7422638391475456,1.0,0.8096,0.8051855738700504,0.0,1.0,0.8471517610734705,0.32779085024129606,0.8908491774304198,0.7508504578994972,0.9103215123929167,0.9539452344524095,0.8811072752559895,0.9010486098137495,0.9286537225203582,0.412,0.4446,0.7050119574719811,0.0,0.865356197380161,0.27790524687205287,0.8140358079091723,0.7783799361476966,0.8611454738210758,0.7923611393532295,0.0,0.3054472008406257,0.8861828152044559,0.740952251464492,1.0,0.2652024760415676,0.8096,0.0,0.7172539316284336,0.27498330621476,0.8813031430932783,0.9019778024762342,0.7650061178822329,0.9148060672184031,0.7985682463617972,0.0,1.0,0.7756841606762882,0.28572941417282993,0.901864587149409,0.8132217798252692,0.9632967737726358,0.9451328024786252,0.8601318971716962,0.870587035743901,0.9963605286154611,0.4446,0.70136243190745,0.0,1.0,0.8617796013596815,0.2645079566192335,0.8692180743949212,0.7475121850292634,0.8442367639746851,0.799405529025693,0.7791977165634476,0.8592850626472484,0.9802761064276626,0.4446,0.8174924354804225,0.0,1.0,0.8079071588110439,0.2823542954786788,0.8977069479571813,0.8761522550741357,0.9386314083403737,0.7784458897149326,0.9205904224540699,0.8096,0.8514773020740785,0.0,1.0,0.9061960471171001,0.3264509952772804,0.7979221705736383,0.8564452040002504,0.8595285627438604,0.8801859926005959,0.8951212574714688,0.9778245409800005,0.8096,0.8829950990191073,0.0,1.0,0.7508324034839322,0.9443571299268079,0.841969612151932,0.7615581735444203,0.7154661336302238,0.7417,0.7549780965544965,0.0,1.0,0.7367529180816972,0.9096992872298026,0.9086287829285845,0.7996960382747076,0.9398792319484462,0.9030224229950282,0.8096,0.6938812471134936,0.0,1.0,0.8425465066731455,0.26309165442472426,0.724683182607442,0.8893618990784068,0.8795421541600081,0.7756600249884946,0.8530933941512107,0.8096,0.7765068213333739,0.0,0.9115065002425813,0.8143011621313707,0.0,1.0,0.7306505040996496,0.3184602129056458,0.9119401642199646,0.9176354433871481,0.8808447418648097,0.0,0.8203132957931893,0.2666803958064806,0.7240048834458932,0.9389053127255487,0.8285783609747138,0.835969017359196,1.0,0.4446,0.7105274835998872,0.0,0.4446,0.0,0.7569765057282682,0.9280722027193498,0.0,1.0,0.9126792264248047,0.2723489934769567,0.8475445240498914,0.9175122967926077,0.8521605891396825,0.837176053700412,0.7935335442147433,0.8683469636926198,1.0,0.4446,0.7104502480980206,0.0,1.0,0.7664152600012354,0.2997951751590276,0.8449187458986476,0.784797816617896,0.8120595386986827,0.824965833441584,0.8129584874378153,0.8280967893569287,1.0,0.4446,0.8070606237814946,0.0,0.7634444683280786,0.2725720900860341,0.7959899657487928,0.9441073077076332,0.8625785929083473,0.0,1.0,0.8367454019148546,0.2617816196483004,0.9029446291077102,0.8221874606860378,0.903545230767372,0.9691147211130718,0.8314000546306954,0.7384084378553358,0.9867377932906543,0.7417,0.8747954054624616,0.0,0.27329477726445495,0.9179563668655931,0.0,0.7665765423002334,0.0,1.0,0.27942069155786864,0.8433134289596582,0.7931125791091691,0.8096,0.7839544845355318,0.0,0.8730263475506692,0.2931876580235285,0.8568000001426869,0.852745353464721,0.0,0.0,0.0,0.0,0.0,0.0,0.0,0.0,0.0,0.0,0.0,0.0,0.0,0.0,0.0,0.0,0.0,0.0,0.0,0.0,0.0,0.0,0.0,0.0,0.0,0.0,0.0,0.9377785199707225,0.8836828879036661,1.0,0.878933200399959,0.4446,0.4446,0.0,0.0,0.412,0.7417,0.9290099418376523,0.9095259909093623,1.0,0.905200069537202,0.8096,0.4446,0.0,0.0,0.412,0.412,0.9226556702446601,0.9525957105153238,1.0,0.8795789993747689,0.8096,0.8096,0.0,0.0,0.7417,0.412,0.8201271276439605,0.8306329329266045,1.0,1.0,0.8096,0.4446,0.0,0.0,0.7985003137057894,0.7909424318992188,1.0,0.8983006707885662,0.8096,0.4446,0.0,0.0,0.7923989996947529,0.9390177144342557,1.0,0.9744129736265534,0.4446,0.8096,0.0,0.0,0.8689674375006827,0.9424395724358937,1.0,0.9328694291060632,0.4446,0.0,0.0,0.412,0.412,0.7953481677279416,0.8904733553748059,1.0,0.9973964657389048,0.8096,0.8096,0.0,0.0,0.412,0.412,0.9168027649671796,0.9284513152607816,1.0,1.0,0.8096,0.8096,0.0,0.0,0.412,0.412,0.9598763207452864,0.7948996212639938,1.0,0.9749636823874837,0.4446,0.8096,0.0,0.0,0.412,0.412,0.9232723431550596,0.9007445531938214,1.0,1.0,0.8096,0.4446,0.0,0.0,0.412,0.412,0.8333177518690872,0.8268731957309671,1.0,0.9941729197390263,0.0,0.7417,0.412,0.9144974016691393,0.7873545437702665,1.0,0.8788185471817446,0.4446,0.4446,0.0,0.0,0.7417,0.412,0.8682100709343475,0.8655199661446678,1.0,0.9372688117314326,0.8096,0.8096,0.0,0.0,0.9153964115856762,0.7969723584403732,1.0,1.0,0.8096,0.4446,0.0,0.0,0.9530390442668792,0.7667470746316238,1.0,0.9848710971722654,0.4446,0.4446,0.0,0.0,0.9145221661089588,0.8926725920570815,1.0,1.0,0.8096,0.4446,0.0,0.0,0.9358506814606775,0.8050400243536265,1.0,1.0,0.4446,0.8096,0.0,0.0,0.9059268634633724,0.8086151616384276,1.0,1.0,0.8096,0.4446,0.0,0.0,0.8671472044757936,0.7806754643245621,1.0,0.9044571134541445,0.8096,0.4446,0.0,0.0,0.8086917814825749,0.9175839190740631,1.0,0.9244711157030667,0.8096,0.4446,0.0,0.0,0.7417,0.7417,0.8814271926966033,0.923172672526843,1.0,0.9371995212820742,0.4446,0.8096,0.0,0.0,0.9116204768975623,0.9495193320507379,1.0,1.0,0.4446,0.4446,0.0,0.0,0.412,0.7417,0.9028078265844411,0.7857761765613798,1.0,1.0,0.4446,0.4446,0.0,0.0,0.7847577337295767,0.7844484974469559,1.0,0.8752684306316119,0.4446,0.4446,0.0,0.0,0.8988776205855133,0.7789026416524317,1.0,0.9140060588905694,0.8096,0.8096,0.0,0.0,0.9635732087839958,0.8738874063141711,1.0,0.8916195570367255,0.8096,0.4446,0.0,0.0
,145,1.0,0.7520484145801445,0.9237820094317777,0.8932054502139697,0.9204138305323479,0.7656725940279565,0.8203831038108265,0.0,1.0,0.752764003516349,0.29363856419644224,0.9661312973557766,0.9545667120747349,0.8069863816854473,0.7422638391475456,1.0,0.8135,0.8051855738700504,0.0,1.0,0.8471517610734705,0.32779085024129606,0.8908491774304198,0.7508504578994972,0.9103215123929167,0.9539452344524095,0.8811072752559895,0.9010486098137495,0.9286537225203582,0.407,0.42,0.7050119574719811,0.0,0.865356197380161,0.27790524687205287,0.8140358079091723,0.7783799361476966,0.8611454738210758,0.7923611393532295,0.0,0.3054472008406257,0.8861828152044559,0.740952251464492,1.0,0.2652024760415676,0.8135,0.0,0.7172539316284336,0.27498330621476,0.8813031430932783,0.9019778024762342,0.7650061178822329,0.9148060672184031,0.7985682463617972,0.0,1.0,0.7756841606762882,0.28572941417282993,0.901864587149409,0.8132217798252692,0.9632967737726358,0.9451328024786252,0.8601318971716962,0.870587035743901,0.9963605286154611,0.42,0.70136243190745,0.0,1.0,0.8617796013596815,0.2645079566192335,0.8692180743949212,0.7475121850292634,0.8442367639746851,0.799405529025693,0.7791977165634476,0.8592850626472484,0.9802761064276626,0.42,0.8174924354804225,0.0,1.0,0.8079071588110439,0.2823542954786788,0.8977069479571813,0.8761522550741357,0.9386314083403737,0.7784458897149326,0.9205904224540699,0.8135,0.8514773020740785,0.0,1.0,0.9061960471171001,0.3264509952772804,0.7979221705736383,0.8564452040002504,0.8595285627438604,0.8801859926005959,0.8951212574714688,0.9778245409800005,0.8135,0.8829950990191073,0.0,1.0,0.7508324034839322,0.9443571299268079,0.841969612151932,0.7615581735444203,0.7154661336302238,0.723,0.7549780965544965,0.0,1.0,0.7367529180816972,0.9096992872298026,0.9086287829285845,0.7996960382747076,0.9398792319484462,0.9030224229950282,0.8135,0.6938812471134936,0.0,1.0,0.8425465066731455,0.26309165442472426,0.724683182607442,0.8893618990784068,0.8795421541600081,0.7756600249884946,0.8530933941512107,0.8135,0.7765068213333739,0.0,0.9115065002425813,0.8143011621313707,0.0,1.0,0.7306505040996496,0.3184602129056458,0.9119401642199646,0.9176354433871481,0.8808447418648097,0.0,0.8203132957931893,0.2666803958064806,0.7240048834458932,0.9389053127255487,0.8285783609747138,0.835969017359196,1.0,0.42,0.7105274835998872,0.0,0.42,0.0,0.7569765057282682,0.9280722027193498,0.0,1.0,0.9126792264248047,0.2723489934769567,0.8475445240498914,0.9175122967926077,0.8521605891396825,0.837176053700412,0.7935335442147433,0.8683469636926198,1.0,0.42,0.7104502480980206,0.0,1.0,0.7664152600012354,0.2997951751590276,0.8449187458986476,0.784797816617896,0.8120595386986827,0.824965833441584,0.8129584874378153,0.8280967893569287,1.0,0.42,0.8070606237814946,0.0,0.7634444683280786,0.2725720900860341,0.7959899657487928,0.9441073077076332,0.8625785929083473,0.0,1.0,0.8367454019148546,0.2617816196483004,0.9029446291077102,0.8221874606860378,0.903545230767372,0.9691147211130718,0.8314000546306954,0.7384084378553358,0.9867377932906543,0.723,0.8747954054624616,0.0,0.27329477726445495,0.9179563668655931,0.0,0.7665765423002334,0.0,1.0,0.27942069155786864,0.8433134289596582,0.7931125791091691,0.8135,0.7839544845355318,0.0,0.8730263475506692,0.2931876580235285,0.8568000001426869,0.852745353464721,0.0,0.0,0.0,0.0,0.0,0.0,0.0,0.0,0.0,0.0,0.0,0.0,0.0,0.0,0.0,0.0,0.0,0.0,0.0,0.0,0.0,0.0,0.0,0.0,0.0,0.0,0.0,0.9377785199707225,0.8836828879036661,1.0,0.878933200399959,0.42,0.42,0.0,0.0,0.407,0.723,0.9290099418376523,0.9095259909093623,1.0,0.905200069537202,0.8135,0.42,0.0,0.0,0.407,0.407,0.9226556702446601,0.9525957105153238,1.0,0.8795789993747689,0.8135,0.8135,0.0,0.0,0.723,0.407,0.8201271276439605,0.8306329329266045,1.0,1.0,0.8135,0.42,0.0,0.0,0.7985003137057894,0.7909424318992188,1.0,0.8983006707885662,0.8135,0.42,0.0,0.0,0.7923989996947529,0.9390177144342557,1.0,0.9744129736265534,0.42,0.8135,0.0,0.0,0.8689674375006827,0.9424395724358937,1.0,0.9328694291060632,0.42,0.0,0.0,0.407,0.407,0.7953481677279416,0.8904733553748059,1.0,0.9973964657389048,0.8135,0.8135,0.0,0.0,0.407,0.407,0.9168027649671796,0.9284513152607816,1.0,1.0,0.8135,0.8135,0.0,0.0,0.407,0.407,0.9598763207452864,0.7948996212639938,1.0,0.9749636823874837,0.42,0.8135,0.0,0.0,0.407,0.407,0.9232723431550596,0.9007445531938214,1.0,1.0,0.8135,0.42,0.0,0.0,0.407,0.407,0.8333177518690872,0.8268731957309671,1.0,0.9941729197390263,0.0,0.723,0.407,0.9144974016691393,0.7873545437702665,1.0,0.8788185471817446,0.42,0.42,0.0,0.0,0.723,0.407,0.8682100709343475,0.8655199661446678,1.0,0.9372688117314326,0.8135,0.8135,0.0,0.0,0.9153964115856762,0.7969723584403732,1.0,1.0,0.8135,0.42,0.0,0.0,0.9530390442668792,0.7667470746316238,1.0,0.9848710971722654,0.42,0.42,0.0,0.0,0.9145221661089588,0.8926725920570815,1.0,1.0,0.8135,0.42,0.0,0.0,0.9358506814606775,0.8050400243536265,1.0,1.0,0.42,0.8135,0.0,0.0,0.9059268634633724,0.8086151616384276,1.0,1.0,0.8135,0.42,0.0,0.0,0.8671472044757936,0.7806754643245621,1.0,0.9044571134541445,0.8135,0.42,0.0,0.0,0.8086917814825749,0.9175839190740631,1.0,0.9244711157030667,0.8135,0.42,0.0,0.0,0.723,0.723,0.8814271926966033,0.923172672526843,1.0,0.9371995212820742,0.42,0.8135,0.0,0.0,0.9116204768975623,0.9495193320507379,1.0,1.0,0.42,0.42,0.0,0.0,0.407,0.723,0.9028078265844411,0.7857761765613798,1.0,1.0,0.42,0.42,0.0,0.0,0.7847577337295767,0.7844484974469559,1.0,0.8752684306316119,0.42,0.42,0.0,0.0,0.8988776205855133,0.7789026416524317,1.0,0.9140060588905694,0.8135,0.8135,0.0,0.0,0.9635732087839958,0.8738874063141711,1.0,0.8916195570367255,0.8135,0.42,0.0,0.0
,146,1.0,0.7520484145801445,0.9237820094317777,0.8932054502139697,0.9204138305323479,0.7656725940279565,0.8203831038108265,0.0,1.0,0.752764003516349,0.29363856419644224,0.9661312973557766,0.9545667120747349,0.8069863816854473,0.7422638391475456,1.0,0.812,0.8051855738700504,0.0,1.0,0.8471517610734705,0.32779085024129606,0.8908491774304198,0.7508504578994972,0.9103215123929167,0.9539452344524095,0.8811072752559895,0.9010486098137495,0.9286537225203582,0.4133,0.4016,0.7050119574719811,0.0,0.865356197380161,0.27790524687205287,0.8140358079091723,0.7783799361476966,0.8611454738210758,0.7923611393532295,0.0,0.3054472008406257,0.8861828152044559,0.740952251464492,1.0,0.2652024760415676,0.812,0.0,0.7172539316284336,0.27498330621476,0.8813031430932783,0.9019778024762342,0.7650061178822329,0.9148060672184031,0.7985682463617972,0.0,1.0,0.7756841606762882,0.28572941417282993,0.901864587149409,0.8132217798252692,0.9632967737726358,0.9451328024786252,0.8601318971716962,0.870587035743901,0.9963605286154611,0.4016,0.70136243190745,0.0,1.0,0.8617796013596815,0.2645079566192335,0.8692180743949212,0.7475121850292634,0.8442367639746851,0.799405529025693,0.7791977165634476,0.8592850626472484,0.9802761064276626,0.4016,0.8174924354804225,0.0,1.0,0.8079071588110439,0.2823542954786788,0.8977069479571813,0.8761522550741357,0.9386314083403737,0.7784458897149326,0.9205904224540699,0.812,0.8514773020740785,0.0,1.0,0.9061960471171001,0.3264509952772804,0.7979221705736383,0.8564452040002504,0.8595285627438604,0.8801859926005959,0.8951212574714688,0.9778245409800005,0.812,0.8829950990191073,0.0,1.0,0.7508324034839322,0.9443571299268079,0.841969612151932,0.7615581735444203,0.7154661336302238,0.7256,0.7549780965544965,0.0,1.0,0.7367529180816972,0.9096992872298026,0.9086287829285845,0.7996960382747076,0.9398792319484462,0.9030224229950282,0.812,0.6938812471134936,0.0,1.0,0.8425465066731455,0.26309165442472426,0.724683182607442,0.8893618990784068,0.8795421541600081,0.7756600249884946,0.8530933941512107,0.812,0.7765068213333739,0.0,0.9115065002425813,0.8143011621313707,0.0,1.0,0.7306505040996496,0.3184602129056458,0.9119401642199646,0.9176354433871481,0.8808447418648097,0.0,0.8203132957931893,0.2666803958064806,0.7240048834458932,0.9389053127255487,0.8285783609747138,0.835969017359196,1.0,0.4016,0.7105274835998872,0.0,0.4016,0.0,0.7569765057282682,0.9280722027193498,0.0,1.0,0.9126792264248047,0.2723489934769567,0.8475445240498914,0.9175122967926077,0.8521605891396825,0.837176053700412,0.7935335442147433,0.8683469636926198,1.0,0.4016,0.7104502480980206,0.0,1.0,0.7664152600012354,0.2997951751590276,0.8449187458986476,0.784797816617896,0.8120595386986827,0.824965833441584,0.8129584874378153,0.8280967893569287,1.0,0.4016,0.8070606237814946,0.0,0.7634444683280786,0.2725720900860341,0.7959899657487928,0.9441073077076332,0.8625785929083473,0.0,1.0,0.8367454019148546,0.2617816196483004,0.9029446291077102,0.8221874606860378,0.903545230767372,0.9691147211130718,0.8314000546306954,0.7384084378553358,0.9867377932906543,0.7256,0.8747954054624616,0.0,0.27329477726445495,0.9179563668655931,0.0,0.7665765423002334,0.0,1.0,0.27942069155786864,0.8433134289596582,0.7931125791091691,0.812,0.7839544845355318,0.0,0.8730263475506692,0.2931876580235285,0.8568000001426869,0.852745353464721,0.0,0.0,0.0,0.0,0.0,0.0,0.0,0.0,0.0,0.0,0.0,0.0,0.0,0.0,0.0,0.0,0.0,0.0,0.0,0.0,0.0,0.0,0.0,0.0,0.0,0.0,0.0,0.9377785199707225,0.8836828879036661,1.0,0.878933200399959,0.4016,0.4016,0.0,0.0,0.4133,0.7256,0.9290099418376523,0.9095259909093623,1.0,0.905200069537202,0.812,0.4016,0.0,0.0,0.4133,0.4133,0.9226556702446601,0.9525957105153238,1.0,0.8795789993747689,0.812,0.812,0.0,0.0,0.7256,0.4133,0.8201271276439605,0.8306329329266045,1.0,1.0,0.812,0.4016,0.0,0.0,0.7985003137057894,0.7909424318992188,1.0,0.8983006707885662,0.812,0.4016,0.0,0.0,0.7923989996947529,0.9390177144342557,1.0,0.9744129736265534,0.4016,0.812,0.0,0.0,0.8689674375006827,0.9424395724358937,1.0,0.9328694291060632,0.4016,0.0,0.0,0.4133,0.4133,0.7953481677279416,0.8904733553748059,1.0,0.9973964657389048,0.812,0.812,0.0,0.0,0.4133,0.4133,0.9168027649671796,0.9284513152607816,1.0,1.0,0.812,0.812,0.0,0.0,0.4133,0.4133,0.9598763207452864,0.7948996212639938,1.0,0.9749636823874837,0.4016,0.812,0.0,0.0,0.4133,0.4133,0.9232723431550596,0.9007445531938214,1.0,1.0,0.812,0.4016,0.0,0.0,0.4133,0.4133,0.8333177518690872,0.8268731957309671,1.0,0.9941729197390263,0.0,0.7256,0.4133,0.9144974016691393,0.7873545437702665,1.0,0.8788185471817446,0.4016,0.4016,0.0,0.0,0.7256,0.4133,0.8682100709343475,0.8655199661446678,1.0,0.9372688117314326,0.812,0.812,0.0,0.0,0.9153964115856762,0.7969723584403732,1.0,1.0,0.812,0.4016,0.0,0.0,0.9530390442668792,0.7667470746316238,1.0,0.9848710971722654,0.4016,0.4016,0.0,0.0,0.9145221661089588,0.8926725920570815,1.0,1.0,0.812,0.4016,0.0,0.0,0.9358506814606775,0.8050400243536265,1.0,1.0,0.4016,0.812,0.0,0.0,0.9059268634633724,0.8086151616384276,1.0,1.0,0.812,0.4016,0.0,0.0,0.8671472044757936,0.7806754643245621,1.0,0.9044571134541445,0.812,0.4016,0.0,0.0,0.8086917814825749,0.9175839190740631,1.0,0.9244711157030667,0.812,0.4016,0.0,0.0,0.7256,0.7256,0.8814271926966033,0.923172672526843,1.0,0.9371995212820742,0.4016,0.812,0.0,0.0,0.9116204768975623,0.9495193320507379,1.0,1.0,0.4016,0.4016,0.0,0.0,0.4133,0.7256,0.9028078265844411,0.7857761765613798,1.0,1.0,0.4016,0.4016,0.0,0.0,0.7847577337295767,0.7844484974469559,1.0,0.8752684306316119,0.4016,0.4016,0.0,0.0,0.8988776205855133,0.7789026416524317,1.0,0.9140060588905694,0.812,0.812,0.0,0.0,0.9635732087839958,0.8738874063141711,1.0,0.8916195570367255,0.812,0.4016,0.0,0.0
,147,1.0,0.7520484145801445,0.9237820094317777,0.8932054502139697,0.9204138305323479,0.7656725940279565,0.8203831038108265,0.0,1.0,0.752764003516349,0.29363856419644224,0.9661312973557766,0.9545667120747349,0.8069863816854473,0.7422638391475456,1.0,0.801,0.8051855738700504,0.0,1.0,0.8471517610734705,0.32779085024129606,0.8908491774304198,0.7508504578994972,0.9103215123929167,0.9539452344524095,0.8811072752559895,0.9010486098137495,0.9286537225203582,0.4453,0.3923,0.7050119574719811,0.0,0.865356197380161,0.27790524687205287,0.8140358079091723,0.7783799361476966,0.8611454738210758,0.7923611393532295,0.0,0.3054472008406257,0.8861828152044559,0.740952251464492,1.0,0.2652024760415676,0.801,0.0,0.7172539316284336,0.27498330621476,0.8813031430932783,0.9019778024762342,0.7650061178822329,0.9148060672184031,0.7985682463617972,0.0,1.0,0.7756841606762882,0.28572941417282993,0.901864587149409,0.8132217798252692,0.9632967737726358,0.9451328024786252,0.8601318971716962,0.870587035743901,0.9963605286154611,0.3923,0.70136243190745,0.0,1.0,0.8617796013596815,0.2645079566192335,0.8692180743949212,0.7475121850292634,0.8442367639746851,0.799405529025693,0.7791977165634476,0.8592850626472484,0.9802761064276626,0.3923,0.8174924354804225,0.0,1.0,0.8079071588110439,0.2823542954786788,0.8977069479571813,0.8761522550741357,0.9386314083403737,0.7784458897149326,0.9205904224540699,0.801,0.8514773020740785,0.0,1.0,0.9061960471171001,0.3264509952772804,0.7979221705736383,0.8564452040002504,0.8595285627438604,0.8801859926005959,0.8951212574714688,0.9778245409800005,0.801,0.8829950990191073,0.0,1.0,0.7508324034839322,0.9443571299268079,0.841969612151932,0.7615581735444203,0.7154661336302238,0.7134,0.7549780965544965,0.0,1.0,0.7367529180816972,0.9096992872298026,0.9086287829285845,0.7996960382747076,0.9398792319484462,0.9030224229950282,0.801,0.6938812471134936,0.0,1.0,0.8425465066731455,0.26309165442472426,0.724683182607442,0.8893618990784068,0.8795421541600081,0.7756600249884946,0.8530933941512107,0.801,0.7765068213333739,0.0,0.9115065002425813,0.8143011621313707,0.0,1.0,0.7306505040996496,0.3184602129056458,0.9119401642199646,0.9176354433871481,0.8808447418648097,0.0,0.8203132957931893,0.2666803958064806,0.7240048834458932,0.9389053127255487,0.8285783609747138,0.835969017359196,1.0,0.3923,0.7105274835998872,0.0,0.3923,0.0,0.7569765057282682,0.9280722027193498,0.0,1.0,0.9126792264248047,0.2723489934769567,0.8475445240498914,0.9175122967926077,0.8521605891396825,0.837176053700412,0.7935335442147433,0.8683469636926198,1.0,0.3923,0.7104502480980206,0.0,1.0,0.7664152600012354,0.2997951751590276,0.8449187458986476,0.784797816617896,0.8120595386986827,0.824965833441584,0.8129584874378153,0.8280967893569287,1.0,0.3923,0.8070606237814946,0.0,0.7634444683280786,0.2725720900860341,0.7959899657487928,0.9441073077076332,0.8625785929083473,0.0,1.0,0.8367454019148546,0.2617816196483004,0.9029446291077102,0.8221874606860378,0.903545230767372,0.9691147211130718,0.8314000546306954,0.7384084378553358,0.9867377932906543,0.7134,0.8747954054624616,0.0,0.27329477726445495,0.9179563668655931,0.0,0.7665765423002334,0.0,1.0,0.27942069155786864,0.8433134289596582,0.7931125791091691,0.801,0.7839544845355318,0.0,0.8730263475506692,0.2931876580235285,0.8568000001426869,0.852745353464721,0.0,0.0,0.0,0.0,0.0,0.0,0.0,0.0,0.0,0.0,0.0,0.0,0.0,0.0,0.0,0.0,0.0,0.0,0.0,0.0,0.0,0.0,0.0,0.0,0.0,0.0,0.0,0.9377785199707225,0.8836828879036661,1.0,0.878933200399959,0.3923,0.3923,0.0,0.0,0.4453,0.7134,0.9290099418376523,0.9095259909093623,1.0,0.905200069537202,0.801,0.3923,0.0,0.0,0.4453,0.4453,0.9226556702446601,0.9525957105153238,1.0,0.8795789993747689,0.801,0.801,0.0,0.0,0.7134,0.4453,0.8201271276439605,0.8306329329266045,1.0,1.0,0.801,0.3923,0.0,0.0,0.7985003137057894,0.7909424318992188,1.0,0.8983006707885662,0.801,0.3923,0.0,0.0,0.7923989996947529,0.9390177144342557,1.0,0.9744129736265534,0.3923,0.801,0.0,0.0,0.8689674375006827,0.9424395724358937,1.0,0.9328694291060632,0.3923,0.0,0.0,0.4453,0.4453,0.7953481677279416,0.8904733553748059,1.0,0.9973964657389048,0.801,0.801,0.0,0.0,0.4453,0.4453,0.9168027649671796,0.9284513152607816,1.0,1.0,0.801,0.801,0.0,0.0,0.4453,0.4453,0.9598763207452864,0.7948996212639938,1.0,0.9749636823874837,0.3923,0.801,0.0,0.0,0.4453,0.4453,0.9232723431550596,0.9007445531938214,1.0,1.0,0.801,0.3923,0.0,0.0,0.4453,0.4453,0.8333177518690872,0.8268731957309671,1.0,0.9941729197390263,0.0,0.7134,0.4453,0.9144974016691393,0.7873545437702665,1.0,0.8788185471817446,0.3923,0.3923,0.0,0.0,0.7134,0.4453,0.8682100709343475,0.8655199661446678,1.0,0.9372688117314326,0.801,0.801,0.0,0.0,0.9153964115856762,0.7969723584403732,1.0,1.0,0.801,0.3923,0.0,0.0,0.9530390442668792,0.7667470746316238,1.0,0.9848710971722654,0.3923,0.3923,0.0,0.0,0.9145221661089588,0.8926725920570815,1.0,1.0,0.801,0.3923,0.0,0.0,0.9358506814606775,0.8050400243536265,1.0,1.0,0.3923,0.801,0.0,0.0,0.9059268634633724,0.8086151616384276,1.0,1.0,0.801,0.3923,0.0,0.0,0.8671472044757936,0.7806754643245621,1.0,0.9044571134541445,0.801,0.3923,0.0,0.0,0.8086917814825749,0.9175839190740631,1.0,0.9244711157030667,0.801,0.3923,0.0,0.0,0.7134,0.7134,0.8814271926966033,0.923172672526843,1.0,0.9371995212820742,0.3923,0.801,0.0,0.0,0.9116204768975623,0.9495193320507379,1.0,1.0,0.3923,0.3923,0.0,0.0,0.4453,0.7134,0.9028078265844411,0.7857761765613798,1.0,1.0,0.3923,0.3923,0.0,0.0,0.7847577337295767,0.7844484974469559,1.0,0.8752684306316119,0.3923,0.3923,0.0,0.0,0.8988776205855133,0.7789026416524317,1.0,0.9140060588905694,0.801,0.801,0.0,0.0,0.9635732087839958,0.8738874063141711,1.0,0.8916195570367255,0.801,0.3923,0.0,0.0
,148,1.0,0.7520484145801445,0.9237820094317777,0.8932054502139697,0.9204138305323479,0.7656725940279565,0.8203831038108265,0.0,1.0,0.752764003516349,0.29363856419644224,0.9661312973557766,0.9545667120747349,0.8069863816854473,0.7422638391475456,1.0,0.7793,0.8051855738700504,0.0,1.0,0.8471517610734705,0.32779085024129606,0.8908491774304198,0.7508504578994972,0.9103215123929167,0.9539452344524095,0.8811072752559895,0.9010486098137495,0.9286537225203582,0.4714,0.384,0.7050119574719811,0.0,0.865356197380161,0.27790524687205287,0.8140358079091723,0.7783799361476966,0.8611454738210758,0.7923611393532295,0.0,0.3054472008406257,0.8861828152044559,0.740952251464492,1.0,0.2652024760415676,0.7793,0.0,0.7172539316284336,0.27498330621476,0.8813031430932783,0.9019778024762342,0.7650061178822329,0.9148060672184031,0.7985682463617972,0.0,1.0,0.7756841606762882,0.28572941417282993,0.901864587149409,0.8132217798252692,0.9632967737726358,0.9451328024786252,0.8601318971716962,0.870587035743901,0.9963605286154611,0.384,0.70136243190745,0.0,1.0,0.8617796013596815,0.2645079566192335,0.8692180743949212,0.7475121850292634,0.8442367639746851,0.799405529025693,0.7791977165634476,0.8592850626472484,0.9802761064276626,0.384,0.8174924354804225,0.0,1.0,0.8079071588110439,0.2823542954786788,0.8977069479571813,0.8761522550741357,0.9386314083403737,0.7784458897149326,0.9205904224540699,0.7793,0.8514773020740785,0.0,1.0,0.9061960471171001,0.3264509952772804,0.7979221705736383,0.8564452040002504,0.8595285627438604,0.8801859926005959,0.8951212574714688,0.9778245409800005,0.7793,0.8829950990191073,0.0,1.0,0.7508324034839322,0.9443571299268079,0.841969612151932,0.7615581735444203,0.7154661336302238,0.702,0.7549780965544965,0.0,1.0,0.7367529180816972,0.9096992872298026,0.9086287829285845,0.7996960382747076,0.9398792319484462,0.9030224229950282,0.7793,0.6938812471134936,0.0,1.0,0.8425465066731455,0.26309165442472426,0.724683182607442,0.8893618990784068,0.8795421541600081,0.7756600249884946,0.8530933941512107,0.7793,0.7765068213333739,0.0,0.9115065002425813,0.8143011621313707,0.0,1.0,0.7306505040996496,0.3184602129056458,0.9119401642199646,0.9176354433871481,0.8808447418648097,0.0,0.8203132957931893,0.2666803958064806,0.7240048834458932,0.9389053127255487,0.8285783609747138,0.835969017359196,1.0,0.384,0.7105274835998872,0.0,0.384,0.0,0.7569765057282682,0.9280722027193498,0.0,1.0,0.9126792264248047,0.2723489934769567,0.8475445240498914,0.9175122967926077,0.8521605891396825,0.837176053700412,0.7935335442147433,0.8683469636926198,1.0,0.384,0.7104502480980206,0.0,1.0,0.7664152600012354,0.2997951751590276,0.8449187458986476,0.784797816617896,0.8120595386986827,0.824965833441584,0.8129584874378153,0.8280967893569287,1.0,0.384,0.8070606237814946,0.0,0.7634444683280786,0.2725720900860341,0.7959899657487928,0.9441073077076332,0.8625785929083473,0.0,1.0,0.8367454019148546,0.2617816196483004,0.9029446291077102,0.8221874606860378,0.903545230767372,0.9691147211130718,0.8314000546306954,0.7384084378553358,0.9867377932906543,0.702,0.8747954054624616,0.0,0.27329477726445495,0.9179563668655931,0.0,0.7665765423002334,0.0,1.0,0.27942069155786864,0.8433134289596582,0.7931125791091691,0.7793,0.7839544845355318,0.0,0.8730263475506692,0.2931876580235285,0.8568000001426869,0.852745353464721,0.0,0.0,0.0,0.0,0.0,0.0,0.0,0.0,0.0,0.0,0.0,0.0,0.0,0.0,0.0,0.0,0.0,0.0,0.0,0.0,0.0,0.0,0.0,0.0,0.0,0.0,0.0,0.9377785199707225,0.8836828879036661,1.0,0.878933200399959,0.384,0.384,0.0,0.0,0.4714,0.702,0.9290099418376523,0.9095259909093623,1.0,0.905200069537202,0.7793,0.384,0.0,0.0,0.4714,0.4714,0.9226556702446601,0.9525957105153238,1.0,0.8795789993747689,0.7793,0.7793,0.0,0.0,0.702,0.4714,0.8201271276439605,0.8306329329266045,1.0,1.0,0.7793,0.384,0.0,0.0,0.7985003137057894,0.7909424318992188,1.0,0.8983006707885662,0.7793,0.384,0.0,0.0,0.7923989996947529,0.9390177144342557,1.0,0.9744129736265534,0.384,0.7793,0.0,0.0,0.8689674375006827,0.9424395724358937,1.0,0.9328694291060632,0.384,0.0,0.0,0.4714,0.4714,0.7953481677279416,0.8904733553748059,1.0,0.9973964657389048,0.7793,0.7793,0.0,0.0,0.4714,0.4714,0.9168027649671796,0.9284513152607816,1.0,1.0,0.7793,0.7793,0.0,0.0,0.4714,0.4714,0.9598763207452864,0.7948996212639938,1.0,0.9749636823874837,0.384,0.7793,0.0,0.0,0.4714,0.4714,0.9232723431550596,0.9007445531938214,1.0,1.0,0.7793,0.384,0.0,0.0,0.4714,0.4714,0.8333177518690872,0.8268731957309671,1.0,0.9941729197390263,0.0,0.702,0.4714,0.9144974016691393,0.7873545437702665,1.0,0.8788185471817446,0.384,0.384,0.0,0.0,0.702,0.4714,0.8682100709343475,0.8655199661446678,1.0,0.9372688117314326,0.7793,0.7793,0.0,0.0,0.9153964115856762,0.7969723584403732,1.0,1.0,0.7793,0.384,0.0,0.0,0.9530390442668792,0.7667470746316238,1.0,0.9848710971722654,0.384,0.384,0.0,0.0,0.9145221661089588,0.8926725920570815,1.0,1.0,0.7793,0.384,0.0,0.0,0.9358506814606775,0.8050400243536265,1.0,1.0,0.384,0.7793,0.0,0.0,0.9059268634633724,0.8086151616384276,1.0,1.0,0.7793,0.384,0.0,0.0,0.8671472044757936,0.7806754643245621,1.0,0.9044571134541445,0.7793,0.384,0.0,0.0,0.8086917814825749,0.9175839190740631,1.0,0.9244711157030667,0.7793,0.384,0.0,0.0,0.702,0.702,0.8814271926966033,0.923172672526843,1.0,0.9371995212820742,0.384,0.7793,0.0,0.0,0.9116204768975623,0.9495193320507379,1.0,1.0,0.384,0.384,0.0,0.0,0.4714,0.702,0.9028078265844411,0.7857761765613798,1.0,1.0,0.384,0.384,0.0,0.0,0.7847577337295767,0.7844484974469559,1.0,0.8752684306316119,0.384,0.384,0.0,0.0,0.8988776205855133,0.7789026416524317,1.0,0.9140060588905694,0.7793,0.7793,0.0,0.0,0.9635732087839958,0.8738874063141711,1.0,0.8916195570367255,0.7793,0.384,0.0,0.0
,149,1.0,0.7520484145801445,0.9237820094317777,0.8932054502139697,0.9204138305323479,0.7656725940279565,0.8203831038108265,0.0,1.0,0.752764003516349,0.29363856419644224,0.9661312973557766,0.9545667120747349,0.8069863816854473,0.7422638391475456,1.0,0.7573,0.8051855738700504,0.0,1.0,0.8471517610734705,0.32779085024129606,0.8908491774304198,0.7508504578994972,0.9103215123929167,0.9539452344524095,0.8811072752559895,0.9010486098137495,0.9286537225203582,0.4856,0.3752,0.7050119574719811,0.0,0.865356197380161,0.27790524687205287,0.8140358079091723,0.7783799361476966,0.8611454738210758,0.7923611393532295,0.0,0.3054472008406257,0.8861828152044559,0.740952251464492,1.0,0.2652024760415676,0.7573,0.0,0.7172539316284336,0.27498330621476,0.8813031430932783,0.9019778024762342,0.7650061178822329,0.9148060672184031,0.7985682463617972,0.0,1.0,0.7756841606762882,0.28572941417282993,0.901864587149409,0.8132217798252692,0.9632967737726358,0.9451328024786252,0.8601318971716962,0.870587035743901,0.9963605286154611,0.3752,0.70136243190745,0.0,1.0,0.8617796013596815,0.2645079566192335,0.8692180743949212,0.7475121850292634,0.8442367639746851,0.799405529025693,0.7791977165634476,0.8592850626472484,0.9802761064276626,0.3752,0.8174924354804225,0.0,1.0,0.8079071588110439,0.2823542954786788,0.8977069479571813,0.8761522550741357,0.9386314083403737,0.7784458897149326,0.9205904224540699,0.7573,0.8514773020740785,0.0,1.0,0.9061960471171001,0.3264509952772804,0.7979221705736383,0.8564452040002504,0.8595285627438604,0.8801859926005959,0.8951212574714688,0.9778245409800005,0.7573,0.8829950990191073,0.0,1.0,0.7508324034839322,0.9443571299268079,0.841969612151932,0.7615581735444203,0.7154661336302238,0.699,0.7549780965544965,0.0,1.0,0.7367529180816972,0.9096992872298026,0.9086287829285845,0.7996960382747076,0.9398792319484462,0.9030224229950282,0.7573,0.6938812471134936,0.0,1.0,0.8425465066731455,0.26309165442472426,0.724683182607442,0.8893618990784068,0.8795421541600081,0.7756600249884946,0.8530933941512107,0.7573,0.7765068213333739,0.0,0.9115065002425813,0.8143011621313707,0.0,1.0,0.7306505040996496,0.3184602129056458,0.9119401642199646,0.9176354433871481,0.8808447418648097,0.0,0.8203132957931893,0.2666803958064806,0.7240048834458932,0.9389053127255487,0.8285783609747138,0.835969017359196,1.0,0.3752,0.7105274835998872,0.0,0.3752,0.0,0.7569765057282682,0.9280722027193498,0.0,1.0,0.9126792264248047,0.2723489934769567,0.8475445240498914,0.9175122967926077,0.8521605891396825,0.837176053700412,0.7935335442147433,0.8683469636926198,1.0,0.3752,0.7104502480980206,0.0,1.0,0.7664152600012354,0.2997951751590276,0.8449187458986476,0.784797816617896,0.8120595386986827,0.824965833441584,0.8129584874378153,0.8280967893569287,1.0,0.3752,0.8070606237814946,0.0,0.7634444683280786,0.2725720900860341,0.7959899657487928,0.9441073077076332,0.8625785929083473,0.0,1.0,0.8367454019148546,0.2617816196483004,0.9029446291077102,0.8221874606860378,0.903545230767372,0.9691147211130718,0.8314000546306954,0.7384084378553358,0.9867377932906543,0.699,0.8747954054624616,0.0,0.27329477726445495,0.9179563668655931,0.0,0.7665765423002334,0.0,1.0,0.27942069155786864,0.8433134289596582,0.7931125791091691,0.7573,0.7839544845355318,0.0,0.8730263475506692,0.2931876580235285,0.8568000001426869,0.852745353464721,0.0,0.0,0.0,0.0,0.0,0.0,0.0,0.0,0.0,0.0,0.0,0.0,0.0,0.0,0.0,0.0,0.0,0.0,0.0,0.0,0.0,0.0,0.0,0.0,0.0,0.0,0.0,0.9377785199707225,0.8836828879036661,1.0,0.878933200399959,0.3752,0.3752,0.0,0.0,0.4856,0.699,0.9290099418376523,0.9095259909093623,1.0,0.905200069537202,0.7573,0.3752,0.0,0.0,0.4856,0.4856,0.9226556702446601,0.9525957105153238,1.0,0.8795789993747689,0.7573,0.7573,0.0,0.0,0.699,0.4856,0.8201271276439605,0.8306329329266045,1.0,1.0,0.7573,0.3752,0.0,0.0,0.7985003137057894,0.7909424318992188,1.0,0.8983006707885662,0.7573,0.3752,0.0,0.0,0.7923989996947529,0.9390177144342557,1.0,0.9744129736265534,0.3752,0.7573,0.0,0.0,0.8689674375006827,0.9424395724358937,1.0,0.9328694291060632,0.3752,0.0,0.0,0.4856,0.4856,0.7953481677279416,0.8904733553748059,1.0,0.9973964657389048,0.7573,0.7573,0.0,0.0,0.4856,0.4856,0.9168027649671796,0.9284513152607816,1.0,1.0,0.7573,0.7573,0.0,0.0,0.4856,0.4856,0.9598763207452864,0.7948996212639938,1.0,0.9749636823874837,0.3752,0.7573,0.0,0.0,0.4856,0.4856,0.9232723431550596,0.9007445531938214,1.0,1.0,0.7573,0.3752,0.0,0.0,0.4856,0.4856,0.8333177518690872,0.8268731957309671,1.0,0.9941729197390263,0.0,0.699,0.4856,0.9144974016691393,0.7873545437702665,1.0,0.8788185471817446,0.3752,0.3752,0.0,0.0,0.699,0.4856,0.8682100709343475,0.8655199661446678,1.0,0.9372688117314326,0.7573,0.7573,0.0,0.0,0.9153964115856762,0.7969723584403732,1.0,1.0,0.7573,0.3752,0.0,0.0,0.9530390442668792,0.7667470746316238,1.0,0.9848710971722654,0.3752,0.3752,0.0,0.0,0.9145221661089588,0.8926725920570815,1.0,1.0,0.7573,0.3752,0.0,0.0,0.9358506814606775,0.8050400243536265,1.0,1.0,0.3752,0.7573,0.0,0.0,0.9059268634633724,0.8086151616384276,1.0,1.0,0.7573,0.3752,0.0,0.0,0.8671472044757936,0.7806754643245621,1.0,0.9044571134541445,0.7573,0.3752,0.0,0.0,0.8086917814825749,0.9175839190740631,1.0,0.9244711157030667,0.7573,0.3752,0.0,0.0,0.699,0.699,0.8814271926966033,0.923172672526843,1.0,0.9371995212820742,0.3752,0.7573,0.0,0.0,0.9116204768975623,0.9495193320507379,1.0,1.0,0.3752,0.3752,0.0,0.0,0.4856,0.699,0.9028078265844411,0.7857761765613798,1.0,1.0,0.3752,0.3752,0.0,0.0,0.7847577337295767,0.7844484974469559,1.0,0.8752684306316119,0.3752,0.3752,0.0,0.0,0.8988776205855133,0.7789026416524317,1.0,0.9140060588905694,0.7573,0.7573,0.0,0.0,0.9635732087839958,0.8738874063141711,1.0,0.8916195570367255,0.7573,0.3752,0.0,0.0
,150,1.0,0.7520484145801445,0.9237820094317777,0.8932054502139697,0.9204138305323479,0.7656725940279565,0.8203831038108265,0.0,1.0,0.752764003516349,0.29363856419644224,0.9661312973557766,0.9545667120747349,0.8069863816854473,0.7422638391475456,1.0,0.734,0.8051855738700504,0.0,1.0,0.8471517610734705,0.32779085024129606,0.8908491774304198,0.7508504578994972,0.9103215123929167,0.9539452344524095,0.8811072752559895,0.9010486098137495,0.9286537225203582,0.487,0.3691,0.7050119574719811,0.0,0.865356197380161,0.27790524687205287,0.8140358079091723,0.7783799361476966,0.8611454738210758,0.7923611393532295,0.0,0.3054472008406257,0.8861828152044559,0.740952251464492,1.0,0.2652024760415676,0.734,0.0,0.7172539316284336,0.27498330621476,0.8813031430932783,0.9019778024762342,0.7650061178822329,0.9148060672184031,0.7985682463617972,0.0,1.0,0.7756841606762882,0.28572941417282993,0.901864587149409,0.8132217798252692,0.9632967737726358,0.9451328024786252,0.8601318971716962,0.870587035743901,0.9963605286154611,0.3691,0.70136243190745,0.0,1.0,0.8617796013596815,0.2645079566192335,0.8692180743949212,0.7475121850292634,0.8442367639746851,0.799405529025693,0.7791977165634476,0.8592850626472484,0.9802761064276626,0.3691,0.8174924354804225,0.0,1.0,0.8079071588110439,0.2823542954786788,0.8977069479571813,0.8761522550741357,0.9386314083403737,0.7784458897149326,0.9205904224540699,0.734,0.8514773020740785,0.0,1.0,0.9061960471171001,0.3264509952772804,0.7979221705736383,0.8564452040002504,0.8595285627438604,0.8801859926005959,0.8951212574714688,0.9778245409800005,0.734,0.8829950990191073,0.0,1.0,0.7508324034839322,0.9443571299268079,0.841969612151932,0.7615581735444203,0.7154661336302238,0.695,0.7549780965544965,0.0,1.0,0.7367529180816972,0.9096992872298026,0.9086287829285845,0.7996960382747076,0.9398792319484462,0.9030224229950282,0.734,0.6938812471134936,0.0,1.0,0.8425465066731455,0.26309165442472426,0.724683182607442,0.8893618990784068,0.8795421541600081,0.7756600249884946,0.8530933941512107,0.734,0.7765068213333739,0.0,0.9115065002425813,0.8143011621313707,0.0,1.0,0.7306505040996496,0.3184602129056458,0.9119401642199646,0.9176354433871481,0.8808447418648097,0.0,0.8203132957931893,0.2666803958064806,0.7240048834458932,0.9389053127255487,0.8285783609747138,0.835969017359196,1.0,0.3691,0.7105274835998872,0.0,0.3691,0.0,0.7569765057282682,0.9280722027193498,0.0,1.0,0.9126792264248047,0.2723489934769567,0.8475445240498914,0.9175122967926077,0.8521605891396825,0.837176053700412,0.7935335442147433,0.8683469636926198,1.0,0.3691,0.7104502480980206,0.0,1.0,0.7664152600012354,0.2997951751590276,0.8449187458986476,0.784797816617896,0.8120595386986827,0.824965833441584,0.8129584874378153,0.8280967893569287,1.0,0.3691,0.8070606237814946,0.0,0.7634444683280786,0.2725720900860341,0.7959899657487928,0.9441073077076332,0.8625785929083473,0.0,1.0,0.8367454019148546,0.2617816196483004,0.9029446291077102,0.8221874606860378,0.903545230767372,0.9691147211130718,0.8314000546306954,0.7384084378553358,0.9867377932906543,0.695,0.8747954054624616,0.0,0.27329477726445495,0.9179563668655931,0.0,0.7665765423002334,0.0,1.0,0.27942069155786864,0.8433134289596582,0.7931125791091691,0.734,0.7839544845355318,0.0,0.8730263475506692,0.2931876580235285,0.8568000001426869,0.852745353464721,0.0,0.0,0.0,0.0,0.0,0.0,0.0,0.0,0.0,0.0,0.0,0.0,0.0,0.0,0.0,0.0,0.0,0.0,0.0,0.0,0.0,0.0,0.0,0.0,0.0,0.0,0.0,0.9377785199707225,0.8836828879036661,1.0,0.878933200399959,0.3691,0.3691,0.0,0.0,0.487,0.695,0.9290099418376523,0.9095259909093623,1.0,0.905200069537202,0.734,0.3691,0.0,0.0,0.487,0.487,0.9226556702446601,0.9525957105153238,1.0,0.8795789993747689,0.734,0.734,0.0,0.0,0.695,0.487,0.8201271276439605,0.8306329329266045,1.0,1.0,0.734,0.3691,0.0,0.0,0.7985003137057894,0.7909424318992188,1.0,0.8983006707885662,0.734,0.3691,0.0,0.0,0.7923989996947529,0.9390177144342557,1.0,0.9744129736265534,0.3691,0.734,0.0,0.0,0.8689674375006827,0.9424395724358937,1.0,0.9328694291060632,0.3691,0.0,0.0,0.487,0.487,0.7953481677279416,0.8904733553748059,1.0,0.9973964657389048,0.734,0.734,0.0,0.0,0.487,0.487,0.9168027649671796,0.9284513152607816,1.0,1.0,0.734,0.734,0.0,0.0,0.487,0.487,0.9598763207452864,0.7948996212639938,1.0,0.9749636823874837,0.3691,0.734,0.0,0.0,0.487,0.487,0.9232723431550596,0.9007445531938214,1.0,1.0,0.734,0.3691,0.0,0.0,0.487,0.487,0.8333177518690872,0.8268731957309671,1.0,0.9941729197390263,0.0,0.695,0.487,0.9144974016691393,0.7873545437702665,1.0,0.8788185471817446,0.3691,0.3691,0.0,0.0,0.695,0.487,0.8682100709343475,0.8655199661446678,1.0,0.9372688117314326,0.734,0.734,0.0,0.0,0.9153964115856762,0.7969723584403732,1.0,1.0,0.734,0.3691,0.0,0.0,0.9530390442668792,0.7667470746316238,1.0,0.9848710971722654,0.3691,0.3691,0.0,0.0,0.9145221661089588,0.8926725920570815,1.0,1.0,0.734,0.3691,0.0,0.0,0.9358506814606775,0.8050400243536265,1.0,1.0,0.3691,0.734,0.0,0.0,0.9059268634633724,0.8086151616384276,1.0,1.0,0.734,0.3691,0.0,0.0,0.8671472044757936,0.7806754643245621,1.0,0.9044571134541445,0.734,0.3691,0.0,0.0,0.8086917814825749,0.9175839190740631,1.0,0.9244711157030667,0.734,0.3691,0.0,0.0,0.695,0.695,0.8814271926966033,0.923172672526843,1.0,0.9371995212820742,0.3691,0.734,0.0,0.0,0.9116204768975623,0.9495193320507379,1.0,1.0,0.3691,0.3691,0.0,0.0,0.487,0.695,0.9028078265844411,0.7857761765613798,1.0,1.0,0.3691,0.3691,0.0,0.0,0.7847577337295767,0.7844484974469559,1.0,0.8752684306316119,0.3691,0.3691,0.0,0.0,0.8988776205855133,0.7789026416524317,1.0,0.9140060588905694,0.734,0.734,0.0,0.0,0.9635732087839958,0.8738874063141711,1.0,0.8916195570367255,0.734,0.3691,0.0,0.0
,151,1.0,0.7520484145801445,0.9237820094317777,0.8932054502139697,0.9204138305323479,0.7656725940279565,0.8203831038108265,0.000603,1.0,0.752764003516349,0.29363856419644224,0.9661312973557766,0.9545667120747349,0.8069863816854473,0.7422638391475456,1.0,0.7134,0.8051855738700504,0.000603,1.0,0.8471517610734705,0.32779085024129606,0.8908491774304198,0.7508504578994972,0.9103215123929167,0.9539452344524095,0.8811072752559895,0.9010486098137495,0.9286537225203582,0.5034,0.363,0.7050119574719811,0.0,0.865356197380161,0.27790524687205287,0.8140358079091723,0.7783799361476966,0.8611454738210758,0.7923611393532295,0.0,0.3054472008406257,0.8861828152044559,0.740952251464492,1.0,0.2652024760415676,0.7134,0.000603,0.7172539316284336,0.27498330621476,0.8813031430932783,0.9019778024762342,0.7650061178822329,0.9148060672184031,0.7985682463617972,0.0,1.0,0.7756841606762882,0.28572941417282993,0.901864587149409,0.8132217798252692,0.9632967737726358,0.9451328024786252,0.8601318971716962,0.870587035743901,0.9963605286154611,0.363,0.70136243190745,0.000603,1.0,0.8617796013596815,0.2645079566192335,0.8692180743949212,0.7475121850292634,0.8442367639746851,0.799405529025693,0.7791977165634476,0.8592850626472484,0.9802761064276626,0.363,0.8174924354804225,0.000603,1.0,0.8079071588110439,0.2823542954786788,0.8977069479571813,0.8761522550741357,0.9386314083403737,0.7784458897149326,0.9205904224540699,0.7134,0.8514773020740785,0.000603,1.0,0.9061960471171001,0.3264509952772804,0.7979221705736383,0.8564452040002504,0.8595285627438604,0.8801859926005959,0.8951212574714688,0.9778245409800005,0.7134,0.8829950990191073,0.0,1.0,0.7508324034839322,0.9443571299268079,0.841969612151932,0.7615581735444203,0.7154661336302238,0.698,0.7549780965544965,0.0,1.0,0.7367529180816972,0.9096992872298026,0.9086287829285845,0.7996960382747076,0.9398792319484462,0.9030224229950282,0.7134,0.6938812471134936,0.000603,1.0,0.8425465066731455,0.26309165442472426,0.724683182607442,0.8893618990784068,0.8795421541600081,0.7756600249884946,0.8530933941512107,0.7134,0.7765068213333739,0.0,0.9115065002425813,0.8143011621313707,0.0,1.0,0.7306505040996496,0.3184602129056458,0.9119401642199646,0.9176354433871481,0.8808447418648097,0.0,0.8203132957931893,0.2666803958064806,0.7240048834458932,0.9389053127255487,0.8285783609747138,0.835969017359196,1.0,0.363,0.7105274835998872,0.0,0.363,0.000603,0.7569765057282682,0.9280722027193498,0.0,1.0,0.9126792264248047,0.2723489934769567,0.8475445240498914,0.9175122967926077,0.8521605891396825,0.837176053700412,0.7935335442147433,0.8683469636926198,1.0,0.363,0.7104502480980206,0.0,1.0,0.7664152600012354,0.2997951751590276,0.8449187458986476,0.784797816617896,0.8120595386986827,0.824965833441584,0.8129584874378153,0.8280967893569287,1.0,0.363,0.8070606237814946,0.000603,0.7634444683280786,0.2725720900860341,0.7959899657487928,0.9441073077076332,0.8625785929083473,0.0,1.0,0.8367454019148546,0.2617816196483004,0.9029446291077102,0.8221874606860378,0.903545230767372,0.9691147211130718,0.8314000546306954,0.7384084378553358,0.9867377932906543,0.698,0.8747954054624616,0.000603,0.27329477726445495,0.9179563668655931,0.000603,0.7665765423002334,0.0,1.0,0.27942069155786864,0.8433134289596582,0.7931125791091691,0.7134,0.7839544845355318,0.0,0.8730263475506692,0.2931876580235285,0.8568000001426869,0.852745353464721,0.0004913993658583863,0.0004702405740238244,0.0004803283098583926,0.0,0.0,0.0004723947225967571,0.0,0.0,0.0,0.00047341470395193013,0.0,0.0,0.0,0.00046853516072005197,0.0,0.0004941093600571683,0.00048703464219447464,0.0,0.000485054485083582,0.0,0.0,0.0004776313945115195,0.0,0.0,0.000481014441982099,0.0,0.00047174251828043656,0.9377785199707225,0.8836828879036661,1.0,0.878933200399959,0.363,0.363,0.000603,0.0,0.5034,0.698,0.9290099418376523,0.9095259909093623,1.0,0.905200069537202,0.7134,0.363,0.000603,0.0,0.5034,0.5034,0.9226556702446601,0.9525957105153238,1.0,0.8795789993747689,0.7134,0.7134,0.000603,0.000603,0.698,0.5034,0.8201271276439605,0.8306329329266045,1.0,1.0,0.7134,0.363,0.000603,0.0,0.7985003137057894,0.7909424318992188,1.0,0.8983006707885662,0.7134,0.363,0.000603,0.000603,0.7923989996947529,0.9390177144342557,1.0,0.9744129736265534,0.363,0.7134,0.0,0.000603,0.8689674375006827,0.9424395724358937,1.0,0.9328694291060632,0.363,0.000603,0.0,0.5034,0.5034,0.7953481677279416,0.8904733553748059,1.0,0.9973964657389048,0.7134,0.7134,0.000603,0.0,0.5034,0.5034,0.9168027649671796,0.9284513152607816,1.0,1.0,0.7134,0.7134,0.000603,0.000603,0.5034,0.5034,0.9598763207452864,0.7948996212639938,1.0,0.9749636823874837,0.363,0.7134,0.000603,0.0,0.5034,0.5034,0.9232723431550596,0.9007445531938214,1.0,1.0,0.7134,0.363,0.000603,0.000603,0.5034,0.5034,0.8333177518690872,0.8268731957309671,1.0,0.9941729197390263,0.0,0.698,0.5034,0.9144974016691393,0.7873545437702665,1.0,0.8788185471817446,0.363,0.363,0.000603,0.0,0.698,0.5034,0.8682100709343475,0.8655199661446678,1.0,0.9372688117314326,0.7134,0.7134,0.000603,0.000603,0.9153964115856762,0.7969723584403732,1.0,1.0,0.7134,0.363,0.0,0.000603,0.9530390442668792,0.7667470746316238,1.0,0.9848710971722654,0.363,0.363,0.000603,0.000603,0.9145221661089588,0.8926725920570815,1.0,1.0,0.7134,0.363,0.000603,0.000603,0.9358506814606775,0.8050400243536265,1.0,1.0,0.363,0.7134,0.0,0.0,0.9059268634633724,0.8086151616384276,1.0,1.0,0.7134,0.363,0.0,0.0,0.8671472044757936,0.7806754643245621,1.0,0.9044571134541445,0.7134,0.363,0.000603,0.0,0.8086917814825749,0.9175839190740631,1.0,0.9244711157030667,0.7134,0.363,0.0,0.000603,0.698,0.698,0.8814271926966033,0.923172672526843,1.0,0.9371995212820742,0.363,0.7134,0.000603,0.000603,0.9116204768975623,0.9495193320507379,1.0,1.0,0.363,0.363,0.000603,0.0,0.5034,0.698,0.9028078265844411,0.7857761765613798,1.0,1.0,0.363,0.363,0.0,0.0,0.7847577337295767,0.7844484974469559,1.0,0.8752684306316119,0.363,0.363,0.0,0.000603,0.8988776205855133,0.7789026416524317,1.0,0.9140060588905694,0.7134,0.7134,0.000603,0.000603,0.9635732087839958,0.8738874063141711,1.0,0.8916195570367255,0.7134,0.363,0.000603,0.0
,152,1.0,0.7520484145801445,0.9237820094317777,0.8932054502139697,0.9204138305323479,0.7656725940279565,0.8203831038108265,0.1329,1.0,0.752764003516349,0.29363856419644224,0.9661312973557766,0.9545667120747349,0.8069863816854473,0.7422638391475456,1.0,0.677,0.8051855738700504,0.1329,1.0,0.8471517610734705,0.32779085024129606,0.8908491774304198,0.7508504578994972,0.9103215123929167,0.9539452344524095,0.8811072752559895,0.9010486098137495,0.9286537225203582,0.51,0.3164,0.7050119574719811,0.02524,0.865356197380161,0.27790524687205287,0.8140358079091723,0.7783799361476966,0.8611454738210758,0.7923611393532295,0.02524,0.3054472008406257,0.8861828152044559,0.740952251464492,1.0,0.2652024760415676,0.677,0.1329,0.7172539316284336,0.27498330621476,0.8813031430932783,0.9019778024762342,0.7650061178822329,0.9148060672184031,0.7985682463617972,0.02524,1.0,0.7756841606762882,0.28572941417282993,0.901864587149409,0.8132217798252692,0.9632967737726358,0.9451328024786252,0.8601318971716962,0.870587035743901,0.9963605286154611,0.3164,0.70136243190745,0.1329,1.0,0.8617796013596815,0.2645079566192335,0.8692180743949212,0.7475121850292634,0.8442367639746851,0.799405529025693,0.7791977165634476,0.8592850626472484,0.9802761064276626,0.3164,0.8174924354804225,0.1329,1.0,0.8079071588110439,0.2823542954786788,0.8977069479571813,0.8761522550741357,0.9386314083403737,0.7784458897149326,0.9205904224540699,0.677,0.8514773020740785,0.1329,1.0,0.9061960471171001,0.3264509952772804,0.7979221705736383,0.8564452040002504,0.8595285627438604,0.8801859926005959,0.8951212574714688,0.9778245409800005,0.677,0.8829950990191073,0.02524,1.0,0.7508324034839322,0.9443571299268079,0.841969612151932,0.7615581735444203,0.7154661336302238,0.6875,0.7549780965544965,0.02524,1.0,0.7367529180816972,0.9096992872298026,0.9086287829285845,0.7996960382747076,0.9398792319484462,0.9030224229950282,0.677,0.6938812471134936,0.1329,1.0,0.8425465066731455,0.26309165442472426,0.724683182607442,0.8893618990784068,0.8795421541600081,0.7756600249884946,0.8530933941512107,0.677,0.7765068213333739,0.02524,0.9115065002425813,0.8143011621313707,0.02524,1.0,0.7306505040996496,0.3184602129056458,0.9119401642199646,0.9176354433871481,0.8808447418648097,0.02524,0.8203132957931893,0.2666803958064806,0.7240048834458932,0.9389053127255487,0.8285783609747138,0.835969017359196,1.0,0.3164,0.7105274835998872,0.02524,0.3164,0.1329,0.7569765057282682,0.9280722027193498,0.02524,1.0,0.9126792264248047,0.2723489934769567,0.8475445240498914,0.9175122967926077,0.8521605891396825,0.837176053700412,0.7935335442147433,0.8683469636926198,1.0,0.3164,0.7104502480980206,0.02524,1.0,0.7664152600012354,0.2997951751590276,0.8449187458986476,0.784797816617896,0.8120595386986827,0.824965833441584,0.8129584874378153,0.8280967893569287,1.0,0.3164,0.8070606237814946,0.1329,0.7634444683280786,0.2725720900860341,0.7959899657487928,0.9441073077076332,0.8625785929083473,0.02524,1.0,0.8367454019148546,0.2617816196483004,0.9029446291077102,0.8221874606860378,0.903545230767372,0.9691147211130718,0.8314000546306954,0.7384084378553358,0.9867377932906543,0.6875,0.8747954054624616,0.1329,0.27329477726445495,0.9179563668655931,0.1329,0.7665765423002334,0.02524,1.0,0.27942069155786864,0.8433134289596582,0.7931125791091691,0.677,0.7839544845355318,0.02524,0.8730263475506692,0.2931876580235285,0.8568000001426869,0.852745353464721,0.10830344232600256,0.10364008671271353,0.10586340361555617,0.02035596699508462,0.02067059120138073,0.10411485677132506,0.019880727164694703,0.01988025730207537,0.020673114485948916,0.10433965863219156,0.020087386685233827,0.020204115098931767,0.02059978517228291,0.10326421701441942,0.020215362523609413,0.10890071965439083,0.10734146591649366,0.01995928531766822,0.10690504322986408,0.019697632857729682,0.02076379563452354,0.10526900884010106,0.02077195070281552,0.019735608520591814,0.106014625770184,0.02008751634443549,0.10397111223792706,0.9377785199707225,0.8836828879036661,1.0,0.878933200399959,0.3164,0.3164,0.1329,0.02524,0.51,0.6875,0.9290099418376523,0.9095259909093623,1.0,0.905200069537202,0.677,0.3164,0.1329,0.02524,0.51,0.51,0.9226556702446601,0.9525957105153238,1.0,0.8795789993747689,0.677,0.677,0.1329,0.1329,0.6875,0.51,0.8201271276439605,0.8306329329266045,1.0,1.0,0.677,0.3164,0.1329,0.02524,0.7985003137057894,0.7909424318992188,1.0,0.8983006707885662,0.677,0.3164,0.1329,0.1329,0.7923989996947529,0.9390177144342557,1.0,0.9744129736265534,0.3164,0.677,0.02524,0.1329,0.8689674375006827,0.9424395724358937,1.0,0.9328694291060632,0.3164,0.1329,0.02524,0.51,0.51,0.7953481677279416,0.8904733553748059,1.0,0.9973964657389048,0.677,0.677,0.1329,0.02524,0.51,0.51,0.9168027649671796,0.9284513152607816,1.0,1.0,0.677,0.677,0.1329,0.1329,0.51,0.51,0.9598763207452864,0.7948996212639938,1.0,0.9749636823874837,0.3164,0.677,0.1329,0.02524,0.51,0.51,0.9232723431550596,0.9007445531938214,1.0,1.0,0.677,0.3164,0.1329,0.1329,0.51,0.51,0.8333177518690872,0.8268731957309671,1.0,0.9941729197390263,0.02524,0.6875,0.51,0.9144974016691393,0.7873545437702665,1.0,0.8788185471817446,0.3164,0.3164,0.1329,0.02524,0.6875,0.51,0.8682100709343475,0.8655199661446678,1.0,0.9372688117314326,0.677,0.677,0.1329,0.1329,0.9153964115856762,0.7969723584403732,1.0,1.0,0.677,0.3164,0.02524,0.1329,0.9530390442668792,0.7667470746316238,1.0,0.9848710971722654,0.3164,0.3164,0.1329,0.1329,0.9145221661089588,0.8926725920570815,1.0,1.0,0.677,0.3164,0.1329,0.1329,0.9358506814606775,0.8050400243536265,1.0,1.0,0.3164,0.677,0.02524,0.02524,0.9059268634633724,0.8086151616384276,1.0,1.0,0.677,0.3164,0.02524,0.02524,0.8671472044757936,0.7806754643245621,1.0,0.9044571134541445,0.677,0.3164,0.1329,0.02524,0.8086917814825749,0.9175839190740631,1.0,0.9244711157030667,0.677,0.3164,0.02524,0.1329,0.6875,0.6875,0.8814271926966033,0.923172672526843,1.0,0.9371995212820742,0.3164,0.677,0.1329,0.1329,0.9116204768975623,0.9495193320507379,1.0,1.0,0.3164,0.3164,0.1329,0.02524,0.51,0.6875,0.9028078265844411,0.7857761765613798,1.0,1.0,0.3164,0.3164,0.02524,0.02524,0.7847577337295767,0.7844484974469559,1.0,0.8752684306316119,0.3164,0.3164,0.02524,0.1329,0.8988776205855133,0.7789026416524317,1.0,0.9140060588905694,0.677,0.677,0.1329,0.1329,0.9635732087839958,0.8738874063141711,1.0,0.8916195570367255,0.677,0.3164,0.1329,0.02524
,153,1.0,0.7520484145801445,0.9237820094317777,0.8932054502139697,0.9204138305323479,0.7656725940279565,0.8203831038108265,0.3962,1.0,0.752764003516349,0.29363856419644224,0.9661312973557766,0.9545667120747349,0.8069863816854473,0.7422638391475456,1.0,0.5215,0.8051855738700504,0.3962,1.0,0.8471517610734705,0.32779085024129606,0.8908491774304198,0.7508504578994972,0.9103215123929167,0.9539452344524095,0.8811072752559895,0.9010486098137495,0.9286537225203582,0.4993,0.2238,0.7050119574719811,0.1067,0.865356197380161,0.27790524687205287,0.8140358079091723,0.7783799361476966,0.8611454738210758,0.7923611393532295,0.1067,0.3054472008406257,0.8861828152044559,0.740952251464492,1.0,0.2652024760415676,0.5215,0.3962,0.7172539316284336,0.27498330621476,0.8813031430932783,0.9019778024762342,0.7650061178822329,0.9148060672184031,0.7985682463617972,0.1067,1.0,0.7756841606762882,0.28572941417282993,0.901864587149409,0.8132217798252692,0.9632967737726358,0.9451328024786252,0.8601318971716962,0.870587035743901,0.9963605286154611,0.2238,0.70136243190745,0.3962,1.0,0.8617796013596815,0.2645079566192335,0.8692180743949212,0.7475121850292634,0.8442367639746851,0.799405529025693,0.7791977165634476,0.8592850626472484,0.9802761064276626,0.2238,0.8174924354804225,0.3962,1.0,0.8079071588110439,0.2823542954786788,0.8977069479571813,0.8761522550741357,0.9386314083403737,0.7784458897149326,0.9205904224540699,0.5215,0.8514773020740785,0.3962,1.0,0.9061960471171001,0.3264509952772804,0.7979221705736383,0.8564452040002504,0.8595285627438604,0.8801859926005959,0.8951212574714688,0.9778245409800005,0.5215,0.8829950990191073,0.1067,1.0,0.7508324034839322,0.9443571299268079,0.841969612151932,0.7615581735444203,0.7154661336302238,0.661,0.7549780965544965,0.1067,1.0,0.7367529180816972,0.9096992872298026,0.9086287829285845,0.7996960382747076,0.9398792319484462,0.9030224229950282,0.5215,0.6938812471134936,0.3962,1.0,0.8425465066731455,0.26309165442472426,0.724683182607442,0.8893618990784068,0.8795421541600081,0.7756600249884946,0.8530933941512107,0.5215,0.7765068213333739,0.1067,0.9115065002425813,0.8143011621313707,0.1067,1.0,0.7306505040996496,0.3184602129056458,0.9119401642199646,0.9176354433871481,0.8808447418648097,0.1067,0.8203132957931893,0.2666803958064806,0.7240048834458932,0.9389053127255487,0.8285783609747138,0.835969017359196,1.0,0.2238,0.7105274835998872,0.1067,0.2238,0.3962,0.7569765057282682,0.9280722027193498,0.1067,1.0,0.9126792264248047,0.2723489934769567,0.8475445240498914,0.9175122967926077,0.8521605891396825,0.837176053700412,0.7935335442147433,0.8683469636926198,1.0,0.2238,0.7104502480980206,0.1067,1.0,0.7664152600012354,0.2997951751590276,0.8449187458986476,0.784797816617896,0.8120595386986827,0.824965833441584,0.8129584874378153,0.8280967893569287,1.0,0.2238,0.8070606237814946,0.3962,0.7634444683280786,0.2725720900860341,0.7959899657487928,0.9441073077076332,0.8625785929083473,0.1067,1.0,0.8367454019148546,0.2617816196483004,0.9029446291077102,0.8221874606860378,0.903545230767372,0.9691147211130718,0.8314000546306954,0.7384084378553358,0.9867377932906543,0.661,0.8747954054624616,0.3962,0.27329477726445495,0.9179563668655931,0.3962,0.7665765423002334,0.1067,1.0,0.27942069155786864,0.8433134289596582,0.7931125791091691,0.5215,0.7839544845355318,0.1067,0.8730263475506692,0.2931876580235285,0.8568000001426869,0.852745353464721,0.32287301617428305,0.3089706723519722,0.31559879994344137,0.08605315682945834,0.08738320448444231,0.3103860515635741,0.0840441199870414,0.08404213368191132,0.08739387146001384,0.31105622836775243,0.08491775591578642,0.08541121557274246,0.08708387788758266,0.30785013379317516,0.08545876312476722,0.3246536126942788,0.3200051828150097,0.084376218042599,0.31870412436171675,0.08327010403802525,0.08777721847082653,0.3138267968581493,0.08781169334351885,0.0834306429931516,0.3160496217467788,0.08491830403927365,0.3099575219613747,0.9377785199707225,0.8836828879036661,1.0,0.878933200399959,0.2238,0.2238,0.3962,0.1067,0.4993,0.661,0.9290099418376523,0.9095259909093623,1.0,0.905200069537202,0.5215,0.2238,0.3962,0.1067,0.4993,0.4993,0.9226556702446601,0.9525957105153238,1.0,0.8795789993747689,0.5215,0.5215,0.3962,0.3962,0.661,0.4993,0.8201271276439605,0.8306329329266045,1.0,1.0,0.5215,0.2238,0.3962,0.1067,0.7985003137057894,0.7909424318992188,1.0,0.8983006707885662,0.5215,0.2238,0.3962,0.3962,0.7923989996947529,0.9390177144342557,1.0,0.9744129736265534,0.2238,0.5215,0.1067,0.3962,0.8689674375006827,0.9424395724358937,1.0,0.9328694291060632,0.2238,0.3962,0.1067,0.4993,0.4993,0.7953481677279416,0.8904733553748059,1.0,0.9973964657389048,0.5215,0.5215,0.3962,0.1067,0.4993,0.4993,0.9168027649671796,0.9284513152607816,1.0,1.0,0.5215,0.5215,0.3962,0.3962,0.4993,0.4993,0.9598763207452864,0.7948996212639938,1.0,0.9749636823874837,0.2238,0.5215,0.3962,0.1067,0.4993,0.4993,0.9232723431550596,0.9007445531938214,1.0,1.0,0.5215,0.2238,0.3962,0.3962,0.4993,0.4993,0.8333177518690872,0.8268731957309671,1.0,0.9941729197390263,0.1067,0.661,0.4993,0.9144974016691393,0.7873545437702665,1.0,0.8788185471817446,0.2238,0.2238,0.3962,0.1067,0.661,0.4993,0.8682100709343475,0.8655199661446678,1.0,0.9372688117314326,0.5215,0.5215,0.3962,0.3962,0.9153964115856762,0.7969723584403732,1.0,1.0,0.5215,0.2238,0.1067,0.3962,0.9530390442668792,0.7667470746316238,1.0,0.9848710971722654,0.2238,0.2238,0.3962,0.3962,0.9145221661089588,0.8926725920570815,1.0,1.0,0.5215,0.2238,0.3962,0.3962,0.9358506814606775,0.8050400243536265,1.0,1.0,0.2238,0.5215,0.1067,0.1067,0.9059268634633724,0.8086151616384276,1.0,1.0,0.5215,0.2238,0.1067,0.1067,0.8671472044757936,0.7806754643245621,1.0,0.9044571134541445,0.5215,0.2238,0.3962,0.1067,0.8086917814825749,0.9175839190740631,1.0,0.9244711157030667,0.5215,0.2238,0.1067,0.3962,0.661,0.661,0.8814271926966033,0.923172672526843,1.0,0.9371995212820742,0.2238,0.5215,0.3962,0.3962,0.9116204768975623,0.9495193320507379,1.0,1.0,0.2238,0.2238,0.3962,0.1067,0.4993,0.661,0.9028078265844411,0.7857761765613798,1.0,1.0,0.2238,0.2238,0.1067,0.1067,0.7847577337295767,0.7844484974469559,1.0,0.8752684306316119,0.2238,0.2238,0.1067,0.3962,0.8988776205855133,0.7789026416524317,1.0,0.9140060588905694,0.5215,0.5215,0.3962,0.3962,0.9635732087839958,0.8738874063141711,1.0,0.8916195570367255,0.5215,0.2238,0.3962,0.1067
,154,1.0,0.7520484145801445,0.9237820094317777,0.8932054502139697,0.9204138305323479,0.7656725940279565,0.8203831038108265,0.4612,1.0,0.752764003516349,0.29363856419644224,0.9661312973557766,0.9545667120747349,0.8069863816854473,0.7422638391475456,1.0,0.3572,0.8051855738700504,0.4612,1.0,0.8471517610734705,0.32779085024129606,0.8908491774304198,0.7508504578994972,0.9103215123929167,0.9539452344524095,0.8811072752559895,0.9010486098137495,0.9286537225203582,0.463,0.2052,0.7050119574719811,0.1664,0.865356197380161,0.27790524687205287,0.8140358079091723,0.7783799361476966,0.8611454738210758,0.7923611393532295,0.1664,0.3054472008406257,0.8861828152044559,0.740952251464492,1.0,0.2652024760415676,0.3572,0.4612,0.7172539316284336,0.27498330621476,0.8813031430932783,0.9019778024762342,0.7650061178822329,0.9148060672184031,0.7985682463617972,0.1664,1.0,0.7756841606762882,0.28572941417282993,0.901864587149409,0.8132217798252692,0.9632967737726358,0.9451328024786252,0.8601318971716962,0.870587035743901,0.9963605286154611,0.2052,0.70136243190745,0.4612,1.0,0.8617796013596815,0.2645079566192335,0.8692180743949212,0.7475121850292634,0.8442367639746851,0.799405529025693,0.7791977165634476,0.8592850626472484,0.9802761064276626,0.2052,0.8174924354804225,0.4612,1.0,0.8079071588110439,0.2823542954786788,0.8977069479571813,0.8761522550741357,0.9386314083403737,0.7784458897149326,0.9205904224540699,0.3572,0.8514773020740785,0.4612,1.0,0.9061960471171001,0.3264509952772804,0.7979221705736383,0.8564452040002504,0.8595285627438604,0.8801859926005959,0.8951212574714688,0.9778245409800005,0.3572,0.8829950990191073,0.1664,1.0,0.7508324034839322,0.9443571299268079,0.841969612151932,0.7615581735444203,0.7154661336302238,0.6006,0.7549780965544965,0.1664,1.0,0.7367529180816972,0.9096992872298026,0.9086287829285845,0.7996960382747076,0.9398792319484462,0.9030224229950282,0.3572,0.6938812471134936,0.4612,1.0,0.8425465066731455,0.26309165442472426,0.724683182607442,0.8893618990784068,0.8795421541600081,0.7756600249884946,0.8530933941512107,0.3572,0.7765068213333739,0.1664,0.9115065002425813,0.8143011621313707,0.1664,1.0,0.7306505040996496,0.3184602129056458,0.9119401642199646,0.9176354433871481,0.8808447418648097,0.1664,0.8203132957931893,0.2666803958064806,0.7240048834458932,0.9389053127255487,0.8285783609747138,0.835969017359196,1.0,0.2052,0.7105274835998872,0.1664,0.2052,0.4612,0.7569765057282682,0.9280722027193498,0.1664,1.0,0.9126792264248047,0.2723489934769567,0.8475445240498914,0.9175122967926077,0.8521605891396825,0.837176053700412,0.7935335442147433,0.8683469636926198,1.0,0.2052,0.7104502480980206,0.1664,1.0,0.7664152600012354,0.2997951751590276,0.8449187458986476,0.784797816617896,0.8120595386986827,0.824965833441584,0.8129584874378153,0.8280967893569287,1.0,0.2052,0.8070606237814946,0.4612,0.7634444683280786,0.2725720900860341,0.7959899657487928,0.9441073077076332,0.8625785929083473,0.1664,1.0,0.8367454019148546,0.2617816196483004,0.9029446291077102,0.8221874606860378,0.903545230767372,0.9691147211130718,0.8314000546306954,0.7384084378553358,0.9867377932906543,0.6006,0.8747954054624616,0.4612,0.27329477726445495,0.9179563668655931,0.4612,0.7665765423002334,0.1664,1.0,0.27942069155786864,0.8433134289596582,0.7931125791091691,0.3572,0.7839544845355318,0.1664,0.8730263475506692,0.2931876580235285,0.8568000001426869,0.852745353464721,0.37584309707112407,0.35965995479235124,0.3673754834273477,0.13420098684556575,0.13627521299167009,0.3613075390740039,0.1310678684708874,0.13106477080290574,0.13629184827503563,0.36208766411713134,0.13243031475526576,0.13319987133368644,0.13580840937669872,0.3583555822953366,0.13327402234265476,0.3779158156855158,0.3725047711112632,0.13158577959033244,0.37099026288648096,0.1298607808053177,0.13688968278861793,0.3653127680741506,0.13694344678876788,0.13011114333702367,0.3679002664048824,0.13243116956077913,0.3608087055239425,0.9377785199707225,0.8836828879036661,1.0,0.878933200399959,0.2052,0.2052,0.4612,0.1664,0.463,0.6006,0.9290099418376523,0.9095259909093623,1.0,0.905200069537202,0.3572,0.2052,0.4612,0.1664,0.463,0.463,0.9226556702446601,0.9525957105153238,1.0,0.8795789993747689,0.3572,0.3572,0.4612,0.4612,0.6006,0.463,0.8201271276439605,0.8306329329266045,1.0,1.0,0.3572,0.2052,0.4612,0.1664,0.7985003137057894,0.7909424318992188,1.0,0.8983006707885662,0.3572,0.2052,0.4612,0.4612,0.7923989996947529,0.9390177144342557,1.0,0.9744129736265534,0.2052,0.3572,0.1664,0.4612,0.8689674375006827,0.9424395724358937,1.0,0.9328694291060632,0.2052,0.4612,0.1664,0.463,0.463,0.7953481677279416,0.8904733553748059,1.0,0.9973964657389048,0.3572,0.3572,0.4612,0.1664,0.463,0.463,0.9168027649671796,0.9284513152607816,1.0,1.0,0.3572,0.3572,0.4612,0.4612,0.463,0.463,0.9598763207452864,0.7948996212639938,1.0,0.9749636823874837,0.2052,0.3572,0.4612,0.1664,0.463,0.463,0.9232723431550596,0.9007445531938214,1.0,1.0,0.3572,0.2052,0.4612,0.4612,0.463,0.463,0.8333177518690872,0.8268731957309671,1.0,0.9941729197390263,0.1664,0.6006,0.463,0.9144974016691393,0.7873545437702665,1.0,0.8788185471817446,0.2052,0.2052,0.4612,0.1664,0.6006,0.463,0.8682100709343475,0.8655199661446678,1.0,0.9372688117314326,0.3572,0.3572,0.4612,0.4612,0.9153964115856762,0.7969723584403732,1.0,1.0,0.3572,0.2052,0.1664,0.4612,0.9530390442668792,0.7667470746316238,1.0,0.9848710971722654,0.2052,0.2052,0.4612,0.4612,0.9145221661089588,0.8926725920570815,1.0,1.0,0.3572,0.2052,0.4612,0.4612,0.9358506814606775,0.8050400243536265,1.0,1.0,0.2052,0.3572,0.1664,0.1664,0.9059268634633724,0.8086151616384276,1.0,1.0,0.3572,0.2052,0.1664,0.1664,0.8671472044757936,0.7806754643245621,1.0,0.9044571134541445,0.3572,0.2052,0.4612,0.1664,0.8086917814825749,0.9175839190740631,1.0,0.9244711157030667,0.3572,0.2052,0.1664,0.4612,0.6006,0.6006,0.8814271926966033,0.923172672526843,1.0,0.9371995212820742,0.2052,0.3572,0.4612,0.4612,0.9116204768975623,0.9495193320507379,1.0,1.0,0.2052,0.2052,0.4612,0.1664,0.463,0.6006,0.9028078265844411,0.7857761765613798,1.0,1.0,0.2052,0.2052,0.1664,0.1664,0.7847577337295767,0.7844484974469559,1.0,0.8752684306316119,0.2052,0.2052,0.1664,0.4612,0.8988776205855133,0.7789026416524317,1.0,0.9140060588905694,0.3572,0.3572,0.4612,0.4612,0.9635732087839958,0.8738874063141711,1.0,0.8916195570367255,0.3572,0.2052,0.4612,0.1664
,155,1.0,0.7520484145801445,0.9237820094317777,0.8932054502139697,0.9204138305323479,0.7656725940279565,0.8203831038108265,0.4365,1.0,0.752764003516349,0.29363856419644224,0.9661312973557766,0.9545667120747349,0.8069863816854473,0.7422638391475456,1.0,0.3132,0.8051855738700504,0.4365,1.0,0.8471517610734705,0.32779085024129606,0.8908491774304198,0.7508504578994972,0.9103215123929167,0.9539452344524095,0.8811072752559895,0.9010486098137495,0.9286537225203582,0.4292,0.2147,0.7050119574719811,0.1913,0.865356197380161,0.27790524687205287,0.8140358079091723,0.7783799361476966,0.8611454738210758,0.7923611393532295,0.1913,0.3054472008406257,0.8861828152044559,0.740952251464492,1.0,0.2652024760415676,0.3132,0.4365,0.7172539316284336,0.27498330621476,0.8813031430932783,0.9019778024762342,0.7650061178822329,0.9148060672184031,0.7985682463617972,0.1913,1.0,0.7756841606762882,0.28572941417282993,0.901864587149409,0.8132217798252692,0.9632967737726358,0.9451328024786252,0.8601318971716962,0.870587035743901,0.9963605286154611,0.2147,0.70136243190745,0.4365,1.0,0.8617796013596815,0.2645079566192335,0.8692180743949212,0.7475121850292634,0.8442367639746851,0.799405529025693,0.7791977165634476,0.8592850626472484,0.9802761064276626,0.2147,0.8174924354804225,0.4365,1.0,0.8079071588110439,0.2823542954786788,0.8977069479571813,0.8761522550741357,0.9386314083403737,0.7784458897149326,0.9205904224540699,0.3132,0.8514773020740785,0.4365,1.0,0.9061960471171001,0.3264509952772804,0.7979221705736383,0.8564452040002504,0.8595285627438604,0.8801859926005959,0.8951212574714688,0.9778245409800005,0.3132,0.8829950990191073,0.1913,1.0,0.7508324034839322,0.9443571299268079,0.841969612151932,0.7615581735444203,0.7154661336302238,0.5557,0.7549780965544965,0.1913,1.0,0.7367529180816972,0.9096992872298026,0.9086287829285845,0.7996960382747076,0.9398792319484462,0.9030224229950282,0.3132,0.6938812471134936,0.4365,1.0,0.8425465066731455,0.26309165442472426,0.724683182607442,0.8893618990784068,0.8795421541600081,0.7756600249884946,0.8530933941512107,0.3132,0.7765068213333739,0.1913,0.9115065002425813,0.8143011621313707,0.1913,1.0,0.7306505040996496,0.3184602129056458,0.9119401642199646,0.9176354433871481,0.8808447418648097,0.1913,0.8203132957931893,0.2666803958064806,0.7240048834458932,0.9389053127255487,0.8285783609747138,0.835969017359196,1.0,0.2147,0.7105274835998872,0.1913,0.2147,0.4365,0.7569765057282682,0.9280722027193498,0.1913,1.0,0.9126792264248047,0.2723489934769567,0.8475445240498914,0.9175122967926077,0.8521605891396825,0.837176053700412,0.7935335442147433,0.8683469636926198,1.0,0.2147,0.7104502480980206,0.1913,1.0,0.7664152600012354,0.2997951751590276,0.8449187458986476,0.784797816617896,0.8120595386986827,0.824965833441584,0.8129584874378153,0.8280967893569287,1.0,0.2147,0.8070606237814946,0.4365,0.7634444683280786,0.2725720900860341,0.7959899657487928,0.9441073077076332,0.8625785929083473,0.1913,1.0,0.8367454019148546,0.2617816196483004,0.9029446291077102,0.8221874606860378,0.903545230767372,0.9691147211130718,0.8314000546306954,0.7384084378553358,0.9867377932906543,0.5557,0.8747954054624616,0.4365,0.27329477726445495,0.9179563668655931,0.4365,0.7665765423002334,0.1913,1.0,0.27942069155786864,0.8433134289596582,0.7931125791091691,0.3132,0.7839544845355318,0.1913,0.8730263475506692,0.2931876580235285,0.8568000001426869,0.852745353464721,0.35571446633032444,0.3403980274650072,0.3477003437034633,0.15428274509349,0.15666735724342842,0.3419573738200406,0.15068078869279306,0.15067722749156173,0.1566864818209995,0.34269571853236735,0.1522471106531391,0.1531318232339797,0.15613070140482252,0.33916351186451527,0.15321707015715058,0.3576761785488457,0.35255492755868684,0.15127619973335696,0.35112153024707055,0.14929307312534423,0.15737377594628973,0.3457480990120701,0.15743558516040446,0.14958089976185474,0.348197021434803,0.1522480933712563,0.34148525577016675,0.9377785199707225,0.8836828879036661,1.0,0.878933200399959,0.2147,0.2147,0.4365,0.1913,0.4292,0.5557,0.9290099418376523,0.9095259909093623,1.0,0.905200069537202,0.3132,0.2147,0.4365,0.1913,0.4292,0.4292,0.9226556702446601,0.9525957105153238,1.0,0.8795789993747689,0.3132,0.3132,0.4365,0.4365,0.5557,0.4292,0.8201271276439605,0.8306329329266045,1.0,1.0,0.3132,0.2147,0.4365,0.1913,0.7985003137057894,0.7909424318992188,1.0,0.8983006707885662,0.3132,0.2147,0.4365,0.4365,0.7923989996947529,0.9390177144342557,1.0,0.9744129736265534,0.2147,0.3132,0.1913,0.4365,0.8689674375006827,0.9424395724358937,1.0,0.9328694291060632,0.2147,0.4365,0.1913,0.4292,0.4292,0.7953481677279416,0.8904733553748059,1.0,0.9973964657389048,0.3132,0.3132,0.4365,0.1913,0.4292,0.4292,0.9168027649671796,0.9284513152607816,1.0,1.0,0.3132,0.3132,0.4365,0.4365,0.4292,0.4292,0.9598763207452864,0.7948996212639938,1.0,0.9749636823874837,0.2147,0.3132,0.4365,0.1913,0.4292,0.4292,0.9232723431550596,0.9007445531938214,1.0,1.0,0.3132,0.2147,0.4365,0.4365,0.4292,0.4292,0.8333177518690872,0.8268731957309671,1.0,0.9941729197390263,0.1913,0.5557,0.4292,0.9144974016691393,0.7873545437702665,1.0,0.8788185471817446,0.2147,0.2147,0.4365,0.1913,0.5557,0.4292,0.8682100709343475,0.8655199661446678,1.0,0.9372688117314326,0.3132,0.3132,0.4365,0.4365,0.9153964115856762,0.7969723584403732,1.0,1.0,0.3132,0.2147,0.1913,0.4365,0.9530390442668792,0.7667470746316238,1.0,0.9848710971722654,0.2147,0.2147,0.4365,0.4365,0.9145221661089588,0.8926725920570815,1.0,1.0,0.3132,0.2147,0.4365,0.4365,0.9358506814606775,0.8050400243536265,1.0,1.0,0.2147,0.3132,0.1913,0.1913,0.9059268634633724,0.8086151616384276,1.0,1.0,0.3132,0.2147,0.1913,0.1913,0.8671472044757936,0.7806754643245621,1.0,0.9044571134541445,0.3132,0.2147,0.4365,0.1913,0.8086917814825749,0.9175839190740631,1.0,0.9244711157030667,0.3132,0.2147,0.1913,0.4365,0.5557,0.5557,0.8814271926966033,0.923172672526843,1.0,0.9371995212820742,0.2147,0.3132,0.4365,0.4365,0.9116204768975623,0.9495193320507379,1.0,1.0,0.2147,0.2147,0.4365,0.1913,0.4292,0.5557,0.9028078265844411,0.7857761765613798,1.0,1.0,0.2147,0.2147,0.1913,0.1913,0.7847577337295767,0.7844484974469559,1.0,0.8752684306316119,0.2147,0.2147,0.1913,0.4365,0.8988776205855133,0.7789026416524317,1.0,0.9140060588905694,0.3132,0.3132,0.4365,0.4365,0.9635732087839958,0.8738874063141711,1.0,0.8916195570367255,0.3132,0.2147,0.4365,0.1913
,156,1.0,0.7520484145801445,0.9237820094317777,0.8932054502139697,0.9204138305323479,0.7656725940279565,0.8203831038108265,0.391,1.0,0.752764003516349,0.29363856419644224,0.9661312973557766,0.9545667120747349,0.8069863816854473,0.7422638391475456,1.0,0.3164,0.8051855738700504,0.391,1.0,0.8471517610734705,0.32779085024129606,0.8908491774304198,0.7508504578994972,0.9103215123929167,0.9539452344524095,0.8811072752559895,0.9010486098137495,0.9286537225203582,0.4172,0.2278,0.7050119574719811,0.2047,0.865356197380161,0.27790524687205287,0.8140358079091723,0.7783799361476966,0.8611454738210758,0.7923611393532295,0.2047,0.3054472008406257,0.8861828152044559,0.740952251464492,1.0,0.2652024760415676,0.3164,0.391,0.7172539316284336,0.27498330621476,0.8813031430932783,0.9019778024762342,0.7650061178822329,0.9148060672184031,0.7985682463617972,0.2047,1.0,0.7756841606762882,0.28572941417282993,0.901864587149409,0.8132217798252692,0.9632967737726358,0.9451328024786252,0.8601318971716962,0.870587035743901,0.9963605286154611,0.2278,0.70136243190745,0.391,1.0,0.8617796013596815,0.2645079566192335,0.8692180743949212,0.7475121850292634,0.8442367639746851,0.799405529025693,0.7791977165634476,0.8592850626472484,0.9802761064276626,0.2278,0.8174924354804225,0.391,1.0,0.8079071588110439,0.2823542954786788,0.8977069479571813,0.8761522550741357,0.9386314083403737,0.7784458897149326,0.9205904224540699,0.3164,0.8514773020740785,0.391,1.0,0.9061960471171001,0.3264509952772804,0.7979221705736383,0.8564452040002504,0.8595285627438604,0.8801859926005959,0.8951212574714688,0.9778245409800005,0.3164,0.8829950990191073,0.2047,1.0,0.7508324034839322,0.9443571299268079,0.841969612151932,0.7615581735444203,0.7154661336302238,0.5034,0.7549780965544965,0.2047,1.0,0.7367529180816972,0.9096992872298026,0.9086287829285845,0.7996960382747076,0.9398792319484462,0.9030224229950282,0.3164,0.6938812471134936,0.391,1.0,0.8425465066731455,0.26309165442472426,0.724683182607442,0.8893618990784068,0.8795421541600081,0.7756600249884946,0.8530933941512107,0.3164,0.7765068213333739,0.2047,0.9115065002425813,0.8143011621313707,0.2047,1.0,0.7306505040996496,0.3184602129056458,0.9119401642199646,0.9176354433871481,0.8808447418648097,0.2047,0.8203132957931893,0.2666803958064806,0.7240048834458932,0.9389053127255487,0.8285783609747138,0.835969017359196,1.0,0.2278,0.7105274835998872,0.2047,0.2278,0.391,0.7569765057282682,0.9280722027193498,0.2047,1.0,0.9126792264248047,0.2723489934769567,0.8475445240498914,0.9175122967926077,0.8521605891396825,0.837176053700412,0.7935335442147433,0.8683469636926198,1.0,0.2278,0.7104502480980206,0.2047,1.0,0.7664152600012354,0.2997951751590276,0.8449187458986476,0.784797816617896,0.8120595386986827,0.824965833441584,0.8129584874378153,0.8280967893569287,1.0,0.2278,0.8070606237814946,0.391,0.7634444683280786,0.2725720900860341,0.7959899657487928,0.9441073077076332,0.8625785929083473,0.2047,1.0,0.8367454019148546,0.2617816196483004,0.9029446291077102,0.8221874606860378,0.903545230767372,0.9691147211130718,0.8314000546306954,0.7384084378553358,0.9867377932906543,0.5034,0.8747954054624616,0.391,0.27329477726445495,0.9179563668655931,0.391,0.7665765423002334,0.2047,1.0,0.27942069155786864,0.8433134289596582,0.7931125791091691,0.3164,0.7839544845355318,0.2047,0.8730263475506692,0.2931876580235285,0.8568000001426869,0.852745353464721,0.3186354097025358,0.30491552975674185,0.31145666526472887,0.16508979571687088,0.16764144290501726,0.3063123325627397,0.16123553290859768,0.16123172225573804,0.1676619071027632,0.30697371350780217,0.16291157109617133,0.16385825518032224,0.16706719590991725,0.3038096979130022,0.1639494733986865,0.3203926364549798,0.31580521575130943,0.16187265073402077,0.3145212332797356,0.159750611964234,0.16839734415162316,0.3097079191608692,0.16846348291863458,0.16005860000654296,0.31190157017413056,0.1629126226507902,0.3058894272763693,0.9377785199707225,0.8836828879036661,1.0,0.878933200399959,0.2278,0.2278,0.391,0.2047,0.4172,0.5034,0.9290099418376523,0.9095259909093623,1.0,0.905200069537202,0.3164,0.2278,0.391,0.2047,0.4172,0.4172,0.9226556702446601,0.9525957105153238,1.0,0.8795789993747689,0.3164,0.3164,0.391,0.391,0.5034,0.4172,0.8201271276439605,0.8306329329266045,1.0,1.0,0.3164,0.2278,0.391,0.2047,0.7985003137057894,0.7909424318992188,1.0,0.8983006707885662,0.3164,0.2278,0.391,0.391,0.7923989996947529,0.9390177144342557,1.0,0.9744129736265534,0.2278,0.3164,0.2047,0.391,0.8689674375006827,0.9424395724358937,1.0,0.9328694291060632,0.2278,0.391,0.2047,0.4172,0.4172,0.7953481677279416,0.8904733553748059,1.0,0.9973964657389048,0.3164,0.3164,0.391,0.2047,0.4172,0.4172,0.9168027649671796,0.9284513152607816,1.0,1.0,0.3164,0.3164,0.391,0.391,0.4172,0.4172,0.9598763207452864,0.7948996212639938,1.0,0.9749636823874837,0.2278,0.3164,0.391,0.2047,0.4172,0.4172,0.9232723431550596,0.9007445531938214,1.0,1.0,0.3164,0.2278,0.391,0.391,0.4172,0.4172,0.8333177518690872,0.8268731957309671,1.0,0.9941729197390263,0.2047,0.5034,0.4172,0.9144974016691393,0.7873545437702665,1.0,0.8788185471817446,0.2278,0.2278,0.391,0.2047,0.5034,0.4172,0.8682100709343475,0.8655199661446678,1.0,0.9372688117314326,0.3164,0.3164,0.391,0.391,0.9153964115856762,0.7969723584403732,1.0,1.0,0.3164,0.2278,0.2047,0.391,0.9530390442668792,0.7667470746316238,1.0,0.9848710971722654,0.2278,0.2278,0.391,0.391,0.9145221661089588,0.8926725920570815,1.0,1.0,0.3164,0.2278,0.391,0.391,0.9358506814606775,0.8050400243536265,1.0,1.0,0.2278,0.3164,0.2047,0.2047,0.9059268634633724,0.8086151616384276,1.0,1.0,0.3164,0.2278,0.2047,0.2047,0.8671472044757936,0.7806754643245621,1.0,0.9044571134541445,0.3164,0.2278,0.391,0.2047,0.8086917814825749,0.9175839190740631,1.0,0.9244711157030667,0.3164,0.2278,0.2047,0.391,0.5034,0.5034,0.8814271926966033,0.923172672526843,1.0,0.9371995212820742,0.2278,0.3164,0.391,0.391,0.9116204768975623,0.9495193320507379,1.0,1.0,0.2278,0.2278,0.391,0.2047,0.4172,0.5034,0.9028078265844411,0.7857761765613798,1.0,1.0,0.2278,0.2278,0.2047,0.2047,0.7847577337295767,0.7844484974469559,1.0,0.8752684306316119,0.2278,0.2278,0.2047,0.391,0.8988776205855133,0.7789026416524317,1.0,0.9140060588905694,0.3164,0.3164,0.391,0.391,0.9635732087839958,0.8738874063141711,1.0,0.8916195570367255,0.3164,0.2278,0.391,0.2047
,157,1.0,0.7520484145801445,0.9237820094317777,0.8932054502139697,0.9204138305323479,0.7656725940279565,0.8203831038108265,0.3682,1.0,0.752764003516349,0.29363856419644224,0.9661312973557766,0.9545667120747349,0.8069863816854473,0.7422638391475456,1.0,0.3372,0.8051855738700504,0.3682,1.0,0.8471517610734705,0.32779085024129606,0.8908491774304198,0.7508504578994972,0.9103215123929167,0.9539452344524095,0.8811072752559895,0.9010486098137495,0.9286537225203582,0.4224,0.2462,0.7050119574719811,0.2039,0.865356197380161,0.27790524687205287,0.8140358079091723,0.7783799361476966,0.8611454738210758,0.7923611393532295,0.2039,0.3054472008406257,0.8861828152044559,0.740952251464492,1.0,0.2652024760415676,0.3372,0.3682,0.7172539316284336,0.27498330621476,0.8813031430932783,0.9019778024762342,0.7650061178822329,0.9148060672184031,0.7985682463617972,0.2039,1.0,0.7756841606762882,0.28572941417282993,0.901864587149409,0.8132217798252692,0.9632967737726358,0.9451328024786252,0.8601318971716962,0.870587035743901,0.9963605286154611,0.2462,0.70136243190745,0.3682,1.0,0.8617796013596815,0.2645079566192335,0.8692180743949212,0.7475121850292634,0.8442367639746851,0.799405529025693,0.7791977165634476,0.8592850626472484,0.9802761064276626,0.2462,0.8174924354804225,0.3682,1.0,0.8079071588110439,0.2823542954786788,0.8977069479571813,0.8761522550741357,0.9386314083403737,0.7784458897149326,0.9205904224540699,0.3372,0.8514773020740785,0.3682,1.0,0.9061960471171001,0.3264509952772804,0.7979221705736383,0.8564452040002504,0.8595285627438604,0.8801859926005959,0.8951212574714688,0.9778245409800005,0.3372,0.8829950990191073,0.2039,1.0,0.7508324034839322,0.9443571299268079,0.841969612151932,0.7615581735444203,0.7154661336302238,0.4722,0.7549780965544965,0.2039,1.0,0.7367529180816972,0.9096992872298026,0.9086287829285845,0.7996960382747076,0.9398792319484462,0.9030224229950282,0.3372,0.6938812471134936,0.3682,1.0,0.8425465066731455,0.26309165442472426,0.724683182607442,0.8893618990784068,0.8795421541600081,0.7756600249884946,0.8530933941512107,0.3372,0.7765068213333739,0.2039,0.9115065002425813,0.8143011621313707,0.2039,1.0,0.7306505040996496,0.3184602129056458,0.9119401642199646,0.9176354433871481,0.8808447418648097,0.2039,0.8203132957931893,0.2666803958064806,0.7240048834458932,0.9389053127255487,0.8285783609747138,0.835969017359196,1.0,0.2462,0.7105274835998872,0.2039,0.2462,0.3682,0.7569765057282682,0.9280722027193498,0.2039,1.0,0.9126792264248047,0.2723489934769567,0.8475445240498914,0.9175122967926077,0.8521605891396825,0.837176053700412,0.7935335442147433,0.8683469636926198,1.0,0.2462,0.7104502480980206,0.2039,1.0,0.7664152600012354,0.2997951751590276,0.8449187458986476,0.784797816617896,0.8120595386986827,0.824965833441584,0.8129584874378153,0.8280967893569287,1.0,0.2462,0.8070606237814946,0.3682,0.7634444683280786,0.2725720900860341,0.7959899657487928,0.9441073077076332,0.8625785929083473,0.2039,1.0,0.8367454019148546,0.2617816196483004,0.9029446291077102,0.8221874606860378,0.903545230767372,0.9691147211130718,0.8314000546306954,0.7384084378553358,0.9867377932906543,0.4722,0.8747954054624616,0.3682,0.27329477726445495,0.9179563668655931,0.3682,0.7665765423002334,0.2039,1.0,0.27942069155786864,0.8433134289596582,0.7931125791091691,0.3372,0.7839544845355318,0.2039,0.8730263475506692,0.2931876580235285,0.8568000001426869,0.852745353464721,0.300055135172567,0.28713528914688585,0.2932949978272971,0.16444459866472874,0.16698627361178808,0.28845064155908123,0.16060539892556458,0.16060160316533947,0.16700665783221016,0.2890734560449431,0.16227488689061717,0.16321787118352565,0.16641427086483696,0.2860939405922441,0.1633087329066545,0.301709894482669,0.2973899755489313,0.16124002679368263,0.2961808646895106,0.15912628128728537,0.16773922067667787,0.2916482246420257,0.16780510096291934,0.15943306566357648,0.2937139594325189,0.16227593433559417,0.2880523967344225,0.9377785199707225,0.8836828879036661,1.0,0.878933200399959,0.2462,0.2462,0.3682,0.2039,0.4224,0.4722,0.9290099418376523,0.9095259909093623,1.0,0.905200069537202,0.3372,0.2462,0.3682,0.2039,0.4224,0.4224,0.9226556702446601,0.9525957105153238,1.0,0.8795789993747689,0.3372,0.3372,0.3682,0.3682,0.4722,0.4224,0.8201271276439605,0.8306329329266045,1.0,1.0,0.3372,0.2462,0.3682,0.2039,0.7985003137057894,0.7909424318992188,1.0,0.8983006707885662,0.3372,0.2462,0.3682,0.3682,0.7923989996947529,0.9390177144342557,1.0,0.9744129736265534,0.2462,0.3372,0.2039,0.3682,0.8689674375006827,0.9424395724358937,1.0,0.9328694291060632,0.2462,0.3682,0.2039,0.4224,0.4224,0.7953481677279416,0.8904733553748059,1.0,0.9973964657389048,0.3372,0.3372,0.3682,0.2039,0.4224,0.4224,0.9168027649671796,0.9284513152607816,1.0,1.0,0.3372,0.3372,0.3682,0.3682,0.4224,0.4224,0.9598763207452864,0.7948996212639938,1.0,0.9749636823874837,0.2462,0.3372,0.3682,0.2039,0.4224,0.4224,0.9232723431550596,0.9007445531938214,1.0,1.0,0.3372,0.2462,0.3682,0.3682,0.4224,0.4224,0.8333177518690872,0.8268731957309671,1.0,0.9941729197390263,0.2039,0.4722,0.4224,0.9144974016691393,0.7873545437702665,1.0,0.8788185471817446,0.2462,0.2462,0.3682,0.2039,0.4722,0.4224,0.8682100709343475,0.8655199661446678,1.0,0.9372688117314326,0.3372,0.3372,0.3682,0.3682,0.9153964115856762,0.7969723584403732,1.0,1.0,0.3372,0.2462,0.2039,0.3682,0.9530390442668792,0.7667470746316238,1.0,0.9848710971722654,0.2462,0.2462,0.3682,0.3682,0.9145221661089588,0.8926725920570815,1.0,1.0,0.3372,0.2462,0.3682,0.3682,0.9358506814606775,0.8050400243536265,1.0,1.0,0.2462,0.3372,0.2039,0.2039,0.9059268634633724,0.8086151616384276,1.0,1.0,0.3372,0.2462,0.2039,0.2039,0.8671472044757936,0.7806754643245621,1.0,0.9044571134541445,0.3372,0.2462,0.3682,0.2039,0.8086917814825749,0.9175839190740631,1.0,0.9244711157030667,0.3372,0.2462,0.2039,0.3682,0.4722,0.4722,0.8814271926966033,0.923172672526843,1.0,0.9371995212820742,0.2462,0.3372,0.3682,0.3682,0.9116204768975623,0.9495193320507379,1.0,1.0,0.2462,0.2462,0.3682,0.2039,0.4224,0.4722,0.9028078265844411,0.7857761765613798,1.0,1.0,0.2462,0.2462,0.2039,0.2039,0.7847577337295767,0.7844484974469559,1.0,0.8752684306316119,0.2462,0.2462,0.2039,0.3682,0.8988776205855133,0.7789026416524317,1.0,0.9140060588905694,0.3372,0.3372,0.3682,0.3682,0.9635732087839958,0.8738874063141711,1.0,0.8916195570367255,0.3372,0.2462,0.3682,0.2039
,158,1.0,0.7520484145801445,0.9237820094317777,0.8932054502139697,0.9204138305323479,0.7656725940279565,0.8203831038108265,0.3408,1.0,0.752764003516349,0.29363856419644224,0.9661312973557766,0.9545667120747349,0.8069863816854473,0.7422638391475456,1.0,0.355,0.8051855738700504,0.3408,1.0,0.8471517610734705,0.32779085024129606,0.8908491774304198,0.7508504578994972,0.9103215123929167,0.9539452344524095,0.8811072752559895,0.9010486098137495,0.9286537225203582,0.4421,0.255,0.7050119574719811,0.1757,0.865356197380161,0.27790524687205287,0.8140358079091723,0.7783799361476966,0.8611454738210758,0.7923611393532295,0.1757,0.3054472008406257,0.8861828152044559,0.740952251464492,1.0,0.2652024760415676,0.355,0.3408,0.7172539316284336,0.27498330621476,0.8813031430932783,0.9019778024762342,0.7650061178822329,0.9148060672184031,0.7985682463617972,0.1757,1.0,0.7756841606762882,0.28572941417282993,0.901864587149409,0.8132217798252692,0.9632967737726358,0.9451328024786252,0.8601318971716962,0.870587035743901,0.9963605286154611,0.255,0.70136243190745,0.3408,1.0,0.8617796013596815,0.2645079566192335,0.8692180743949212,0.7475121850292634,0.8442367639746851,0.799405529025693,0.7791977165634476,0.8592850626472484,0.9802761064276626,0.255,0.8174924354804225,0.3408,1.0,0.8079071588110439,0.2823542954786788,0.8977069479571813,0.8761522550741357,0.9386314083403737,0.7784458897149326,0.9205904224540699,0.355,0.8514773020740785,0.3408,1.0,0.9061960471171001,0.3264509952772804,0.7979221705736383,0.8564452040002504,0.8595285627438604,0.8801859926005959,0.8951212574714688,0.9778245409800005,0.355,0.8829950990191073,0.1757,1.0,0.7508324034839322,0.9443571299268079,0.841969612151932,0.7615581735444203,0.7154661336302238,0.4578,0.7549780965544965,0.1757,1.0,0.7367529180816972,0.9096992872298026,0.9086287829285845,0.7996960382747076,0.9398792319484462,0.9030224229950282,0.355,0.6938812471134936,0.3408,1.0,0.8425465066731455,0.26309165442472426,0.724683182607442,0.8893618990784068,0.8795421541600081,0.7756600249884946,0.8530933941512107,0.355,0.7765068213333739,0.1757,0.9115065002425813,0.8143011621313707,0.1757,1.0,0.7306505040996496,0.3184602129056458,0.9119401642199646,0.9176354433871481,0.8808447418648097,0.1757,0.8203132957931893,0.2666803958064806,0.7240048834458932,0.9389053127255487,0.8285783609747138,0.835969017359196,1.0,0.255,0.7105274835998872,0.1757,0.255,0.3408,0.7569765057282682,0.9280722027193498,0.1757,1.0,0.9126792264248047,0.2723489934769567,0.8475445240498914,0.9175122967926077,0.8521605891396825,0.837176053700412,0.7935335442147433,0.8683469636926198,1.0,0.255,0.7104502480980206,0.1757,1.0,0.7664152600012354,0.2997951751590276,0.8449187458986476,0.784797816617896,0.8120595386986827,0.824965833441584,0.8129584874378153,0.8280967893569287,1.0,0.255,0.8070606237814946,0.3408,0.7634444683280786,0.2725720900860341,0.7959899657487928,0.9441073077076332,0.8625785929083473,0.1757,1.0,0.8367454019148546,0.2617816196483004,0.9029446291077102,0.8221874606860378,0.903545230767372,0.9691147211130718,0.8314000546306954,0.7384084378553358,0.9867377932906543,0.4578,0.8747954054624616,0.3408,0.27329477726445495,0.9179563668655931,0.3408,0.7665765423002334,0.1757,1.0,0.27942069155786864,0.8433134289596582,0.7931125791091691,0.355,0.7839544845355318,0.1757,0.8730263475506692,0.2931876580235285,0.8568000001426869,0.852745353464721,0.2777262087637447,0.26576780701047986,0.27146913432792735,0.14170140257671818,0.14389155602545933,0.2669852760546846,0.13839317602364734,0.1383899052287893,0.14390912104521492,0.26756174312905107,0.1398317686448329,0.14064433529644657,0.143398663025757,0.26480395153133285,0.14072263056252668,0.2792578273755936,0.27525937986712595,0.1389400328967633,0.2741402462959946,0.13711862492484567,0.1445403681848568,0.269944907544819,0.14459713702395743,0.13738298007400876,0.2718569184535644,0.13983267122493326,0.2666166670480477,0.9377785199707225,0.8836828879036661,1.0,0.878933200399959,0.255,0.255,0.3408,0.1757,0.4421,0.4578,0.9290099418376523,0.9095259909093623,1.0,0.905200069537202,0.355,0.255,0.3408,0.1757,0.4421,0.4421,0.9226556702446601,0.9525957105153238,1.0,0.8795789993747689,0.355,0.355,0.3408,0.3408,0.4578,0.4421,0.8201271276439605,0.8306329329266045,1.0,1.0,0.355,0.255,0.3408,0.1757,0.7985003137057894,0.7909424318992188,1.0,0.8983006707885662,0.355,0.255,0.3408,0.3408,0.7923989996947529,0.9390177144342557,1.0,0.9744129736265534,0.255,0.355,0.1757,0.3408,0.8689674375006827,0.9424395724358937,1.0,0.9328694291060632,0.255,0.3408,0.1757,0.4421,0.4421,0.7953481677279416,0.8904733553748059,1.0,0.9973964657389048,0.355,0.355,0.3408,0.1757,0.4421,0.4421,0.9168027649671796,0.9284513152607816,1.0,1.0,0.355,0.355,0.3408,0.3408,0.4421,0.4421,0.9598763207452864,0.7948996212639938,1.0,0.9749636823874837,0.255,0.355,0.3408,0.1757,0.4421,0.4421,0.9232723431550596,0.9007445531938214,1.0,1.0,0.355,0.255,0.3408,0.3408,0.4421,0.4421,0.8333177518690872,0.8268731957309671,1.0,0.9941729197390263,0.1757,0.4578,0.4421,0.9144974016691393,0.7873545437702665,1.0,0.8788185471817446,0.255,0.255,0.3408,0.1757,0.4578,0.4421,0.8682100709343475,0.8655199661446678,1.0,0.9372688117314326,0.355,0.355,0.3408,0.3408,0.9153964115856762,0.7969723584403732,1.0,1.0,0.355,0.255,0.1757,0.3408,0.9530390442668792,0.7667470746316238,1.0,0.9848710971722654,0.255,0.255,0.3408,0.3408,0.9145221661089588,0.8926725920570815,1.0,1.0,0.355,0.255,0.3408,0.3408,0.9358506814606775,0.8050400243536265,1.0,1.0,0.255,0.355,0.1757,0.1757,0.9059268634633724,0.8086151616384276,1.0,1.0,0.355,0.255,0.1757,0.1757,0.8671472044757936,0.7806754643245621,1.0,0.9044571134541445,0.355,0.255,0.3408,0.1757,0.8086917814825749,0.9175839190740631,1.0,0.9244711157030667,0.355,0.255,0.1757,0.3408,0.4578,0.4578,0.8814271926966033,0.923172672526843,1.0,0.9371995212820742,0.255,0.355,0.3408,0.3408,0.9116204768975623,0.9495193320507379,1.0,1.0,0.255,0.255,0.3408,0.1757,0.4421,0.4578,0.9028078265844411,0.7857761765613798,1.0,1.0,0.255,0.255,0.1757,0.1757,0.7847577337295767,0.7844484974469559,1.0,0.8752684306316119,0.255,0.255,0.1757,0.3408,0.8988776205855133,0.7789026416524317,1.0,0.9140060588905694,0.355,0.355,0.3408,0.3408,0.9635732087839958,0.8738874063141711,1.0,0.8916195570367255,0.355,0.255,0.3408,0.1757
,159,1.0,0.7520484145801445,0.9237820094317777,0.8932054502139697,0.9204138305323479,0.7656725940279565,0.8203831038108265,0.2942,1.0,0.752764003516349,0.29363856419644224,0.9661312973557766,0.9545667120747349,0.8069863816854473,0.7422638391475456,1.0,0.3582,0.8051855738700504,0.2942,1.0,0.8471517610734705,0.32779085024129606,0.8908491774304198,0.7508504578994972,0.9103215123929167,0.9539452344524095,0.8811072752559895,0.9010486098137495,0.9286537225203582,0.4634,0.2603,0.7050119574719811,0.1478,0.865356197380161,0.27790524687205287,0.8140358079091723,0.7783799361476966,0.8611454738210758,0.7923611393532295,0.1478,0.3054472008406257,0.8861828152044559,0.740952251464492,1.0,0.2652024760415676,0.3582,0.2942,0.7172539316284336,0.27498330621476,0.8813031430932783,0.9019778024762342,0.7650061178822329,0.9148060672184031,0.7985682463617972,0.1478,1.0,0.7756841606762882,0.28572941417282993,0.901864587149409,0.8132217798252692,0.9632967737726358,0.9451328024786252,0.8601318971716962,0.870587035743901,0.9963605286154611,0.2603,0.70136243190745,0.2942,1.0,0.8617796013596815,0.2645079566192335,0.8692180743949212,0.7475121850292634,0.8442367639746851,0.799405529025693,0.7791977165634476,0.8592850626472484,0.9802761064276626,0.2603,0.8174924354804225,0.2942,1.0,0.8079071588110439,0.2823542954786788,0.8977069479571813,0.8761522550741357,0.9386314083403737,0.7784458897149326,0.9205904224540699,0.3582,0.8514773020740785,0.2942,1.0,0.9061960471171001,0.3264509952772804,0.7979221705736383,0.8564452040002504,0.8595285627438604,0.8801859926005959,0.8951212574714688,0.9778245409800005,0.3582,0.8829950990191073,0.1478,1.0,0.7508324034839322,0.9443571299268079,0.841969612151932,0.7615581735444203,0.7154661336302238,0.4558,0.7549780965544965,0.1478,1.0,0.7367529180816972,0.9096992872298026,0.9086287829285845,0.7996960382747076,0.9398792319484462,0.9030224229950282,0.3582,0.6938812471134936,0.2942,1.0,0.8425465066731455,0.26309165442472426,0.724683182607442,0.8893618990784068,0.8795421541600081,0.7756600249884946,0.8530933941512107,0.3582,0.7765068213333739,0.1478,0.9115065002425813,0.8143011621313707,0.1478,1.0,0.7306505040996496,0.3184602129056458,0.9119401642199646,0.9176354433871481,0.8808447418648097,0.1478,0.8203132957931893,0.2666803958064806,0.7240048834458932,0.9389053127255487,0.8285783609747138,0.835969017359196,1.0,0.2603,0.7105274835998872,0.1478,0.2603,0.2942,0.7569765057282682,0.9280722027193498,0.1478,1.0,0.9126792264248047,0.2723489934769567,0.8475445240498914,0.9175122967926077,0.8521605891396825,0.837176053700412,0.7935335442147433,0.8683469636926198,1.0,0.2603,0.7104502480980206,0.1478,1.0,0.7664152600012354,0.2997951751590276,0.8449187458986476,0.784797816617896,0.8120595386986827,0.824965833441584,0.8129584874378153,0.8280967893569287,1.0,0.2603,0.8070606237814946,0.2942,0.7634444683280786,0.2725720900860341,0.7959899657487928,0.9441073077076332,0.8625785929083473,0.1478,1.0,0.8367454019148546,0.2617816196483004,0.9029446291077102,0.8221874606860378,0.903545230767372,0.9691147211130718,0.8314000546306954,0.7384084378553358,0.9867377932906543,0.4558,0.8747954054624616,0.2942,0.27329477726445495,0.9179563668655931,0.2942,0.7665765423002334,0.1478,1.0,0.27942069155786864,0.8433134289596582,0.7931125791091691,0.3582,0.7839544845355318,0.1478,0.8730263475506692,0.2931876580235285,0.8568000001426869,0.852745353464721,0.2397507353823172,0.2294274906763004,0.23434923509177297,0.11920015538326094,0.12104252692409159,0.2304784865472072,0.11641725336536754,0.11641450195113864,0.12105730273467709,0.23097612919180407,0.1176274069761315,0.11831094340816621,0.12062790207858215,0.22859542998978324,0.1183768059029109,0.24107292492341448,0.23762121348858115,0.11687727297747076,0.2366551069843944,0.11534509256626177,0.12158831199614022,0.2330334266422704,0.1216360663183888,0.11556746986305348,0.23468399474483173,0.1176281662324709,0.23016028006319145,0.9377785199707225,0.8836828879036661,1.0,0.878933200399959,0.2603,0.2603,0.2942,0.1478,0.4634,0.4558,0.9290099418376523,0.9095259909093623,1.0,0.905200069537202,0.3582,0.2603,0.2942,0.1478,0.4634,0.4634,0.9226556702446601,0.9525957105153238,1.0,0.8795789993747689,0.3582,0.3582,0.2942,0.2942,0.4558,0.4634,0.8201271276439605,0.8306329329266045,1.0,1.0,0.3582,0.2603,0.2942,0.1478,0.7985003137057894,0.7909424318992188,1.0,0.8983006707885662,0.3582,0.2603,0.2942,0.2942,0.7923989996947529,0.9390177144342557,1.0,0.9744129736265534,0.2603,0.3582,0.1478,0.2942,0.8689674375006827,0.9424395724358937,1.0,0.9328694291060632,0.2603,0.2942,0.1478,0.4634,0.4634,0.7953481677279416,0.8904733553748059,1.0,0.9973964657389048,0.3582,0.3582,0.2942,0.1478,0.4634,0.4634,0.9168027649671796,0.9284513152607816,1.0,1.0,0.3582,0.3582,0.2942,0.2942,0.4634,0.4634,0.9598763207452864,0.7948996212639938,1.0,0.9749636823874837,0.2603,0.3582,0.2942,0.1478,0.4634,0.4634,0.9232723431550596,0.9007445531938214,1.0,1.0,0.3582,0.2603,0.2942,0.2942,0.4634,0.4634,0.8333177518690872,0.8268731957309671,1.0,0.9941729197390263,0.1478,0.4558,0.4634,0.9144974016691393,0.7873545437702665,1.0,0.8788185471817446,0.2603,0.2603,0.2942,0.1478,0.4558,0.4634,0.8682100709343475,0.8655199661446678,1.0,0.9372688117314326,0.3582,0.3582,0.2942,0.2942,0.9153964115856762,0.7969723584403732,1.0,1.0,0.3582,0.2603,0.1478,0.2942,0.9530390442668792,0.7667470746316238,1.0,0.9848710971722654,0.2603,0.2603,0.2942,0.2942,0.9145221661089588,0.8926725920570815,1.0,1.0,0.3582,0.2603,0.2942,0.2942,0.9358506814606775,0.8050400243536265,1.0,1.0,0.2603,0.3582,0.1478,0.1478,0.9059268634633724,0.8086151616384276,1.0,1.0,0.3582,0.2603,0.1478,0.1478,0.8671472044757936,0.7806754643245621,1.0,0.9044571134541445,0.3582,0.2603,0.2942,0.1478,0.8086917814825749,0.9175839190740631,1.0,0.9244711157030667,0.3582,0.2603,0.1478,0.2942,0.4558,0.4558,0.8814271926966033,0.923172672526843,1.0,0.9371995212820742,0.2603,0.3582,0.2942,0.2942,0.9116204768975623,0.9495193320507379,1.0,1.0,0.2603,0.2603,0.2942,0.1478,0.4634,0.4558,0.9028078265844411,0.7857761765613798,1.0,1.0,0.2603,0.2603,0.1478,0.1478,0.7847577337295767,0.7844484974469559,1.0,0.8752684306316119,0.2603,0.2603,0.1478,0.2942,0.8988776205855133,0.7789026416524317,1.0,0.9140060588905694,0.3582,0.3582,0.2942,0.2942,0.9635732087839958,0.8738874063141711,1.0,0.8916195570367255,0.3582,0.2603,0.2942,0.1478
,160,1.0,0.7520484145801445,0.9237820094317777,0.8932054502139697,0.9204138305323479,0.7656725940279565,0.8203831038108265,0.215,1.0,0.752764003516349,0.29363856419644224,0.9661312973557766,0.9545667120747349,0.8069863816854473,0.7422638391475456,1.0,0.3506,0.8051855738700504,0.215,1.0,0.8471517610734705,0.32779085024129606,0.8908491774304198,0.7508504578994972,0.9103215123929167,0.9539452344524095,0.8811072752559895,0.9010486098137495,0.9286537225203582,0.4946,0.2551,0.7050119574719811,0.1197,0.865356197380161,0.27790524687205287,0.8140358079091723,0.7783799361476966,0.8611454738210758,0.7923611393532295,0.1197,0.3054472008406257,0.8861828152044559,0.740952251464492,1.0,0.2652024760415676,0.3506,0.215,0.7172539316284336,0.27498330621476,0.8813031430932783,0.9019778024762342,0.7650061178822329,0.9148060672184031,0.7985682463617972,0.1197,1.0,0.7756841606762882,0.28572941417282993,0.901864587149409,0.8132217798252692,0.9632967737726358,0.9451328024786252,0.8601318971716962,0.870587035743901,0.9963605286154611,0.2551,0.70136243190745,0.215,1.0,0.8617796013596815,0.2645079566192335,0.8692180743949212,0.7475121850292634,0.8442367639746851,0.799405529025693,0.7791977165634476,0.8592850626472484,0.9802761064276626,0.2551,0.8174924354804225,0.215,1.0,0.8079071588110439,0.2823542954786788,0.8977069479571813,0.8761522550741357,0.9386314083403737,0.7784458897149326,0.9205904224540699,0.3506,0.8514773020740785,0.215,1.0,0.9061960471171001,0.3264509952772804,0.7979221705736383,0.8564452040002504,0.8595285627438604,0.8801859926005959,0.8951212574714688,0.9778245409800005,0.3506,0.8829950990191073,0.1197,1.0,0.7508324034839322,0.9443571299268079,0.841969612151932,0.7615581735444203,0.7154661336302238,0.4622,0.7549780965544965,0.1197,1.0,0.7367529180816972,0.9096992872298026,0.9086287829285845,0.7996960382747076,0.9398792319484462,0.9030224229950282,0.3506,0.6938812471134936,0.215,1.0,0.8425465066731455,0.26309165442472426,0.724683182607442,0.8893618990784068,0.8795421541600081,0.7756600249884946,0.8530933941512107,0.3506,0.7765068213333739,0.1197,0.9115065002425813,0.8143011621313707,0.1197,1.0,0.7306505040996496,0.3184602129056458,0.9119401642199646,0.9176354433871481,0.8808447418648097,0.1197,0.8203132957931893,0.2666803958064806,0.7240048834458932,0.9389053127255487,0.8285783609747138,0.835969017359196,1.0,0.2551,0.7105274835998872,0.1197,0.2551,0.215,0.7569765057282682,0.9280722027193498,0.1197,1.0,0.9126792264248047,0.2723489934769567,0.8475445240498914,0.9175122967926077,0.8521605891396825,0.837176053700412,0.7935335442147433,0.8683469636926198,1.0,0.2551,0.7104502480980206,0.1197,1.0,0.7664152600012354,0.2997951751590276,0.8449187458986476,0.784797816617896,0.8120595386986827,0.824965833441584,0.8129584874378153,0.8280967893569287,1.0,0.2551,0.8070606237814946,0.215,0.7634444683280786,0.2725720900860341,0.7959899657487928,0.9441073077076332,0.8625785929083473,0.1197,1.0,0.8367454019148546,0.2617816196483004,0.9029446291077102,0.8221874606860378,0.903545230767372,0.9691147211130718,0.8314000546306954,0.7384084378553358,0.9867377932906543,0.4622,0.8747954054624616,0.215,0.27329477726445495,0.9179563668655931,0.215,0.7665765423002334,0.1197,1.0,0.27942069155786864,0.8433134289596582,0.7931125791091691,0.3506,0.7839544845355318,0.1197,0.8730263475506692,0.2931876580235285,0.8568000001426869,0.852745353464721,0.1752087291203202,0.16766454961048466,0.17126133767753635,0.09653760892676817,0.09802970549941654,0.16843261253449882,0.09428379721132948,0.09428156890088835,0.09804167210650101,0.16879628747871472,0.09526387425604156,0.09581745552068673,0.09769390987013725,0.16705648350714955,0.09587079612028712,0.17617497912486102,0.17365248436453076,0.09465635707309372,0.17294645819729706,0.09341547753844069,0.09847172493868732,0.170299750945235,0.09851040012389134,0.09359557606635659,0.17150597848449634,0.09526448916120953,0.168200068706955,0.9377785199707225,0.8836828879036661,1.0,0.878933200399959,0.2551,0.2551,0.215,0.1197,0.4946,0.4622,0.9290099418376523,0.9095259909093623,1.0,0.905200069537202,0.3506,0.2551,0.215,0.1197,0.4946,0.4946,0.9226556702446601,0.9525957105153238,1.0,0.8795789993747689,0.3506,0.3506,0.215,0.215,0.4622,0.4946,0.8201271276439605,0.8306329329266045,1.0,1.0,0.3506,0.2551,0.215,0.1197,0.7985003137057894,0.7909424318992188,1.0,0.8983006707885662,0.3506,0.2551,0.215,0.215,0.7923989996947529,0.9390177144342557,1.0,0.9744129736265534,0.2551,0.3506,0.1197,0.215,0.8689674375006827,0.9424395724358937,1.0,0.9328694291060632,0.2551,0.215,0.1197,0.4946,0.4946,0.7953481677279416,0.8904733553748059,1.0,0.9973964657389048,0.3506,0.3506,0.215,0.1197,0.4946,0.4946,0.9168027649671796,0.9284513152607816,1.0,1.0,0.3506,0.3506,0.215,0.215,0.4946,0.4946,0.9598763207452864,0.7948996212639938,1.0,0.9749636823874837,0.2551,0.3506,0.215,0.1197,0.4946,0.4946,0.9232723431550596,0.9007445531938214,1.0,1.0,0.3506,0.2551,0.215,0.215,0.4946,0.4946,0.8333177518690872,0.8268731957309671,1.0,0.9941729197390263,0.1197,0.4622,0.4946,0.9144974016691393,0.7873545437702665,1.0,0.8788185471817446,0.2551,0.2551,0.215,0.1197,0.4622,0.4946,0.8682100709343475,0.8655199661446678,1.0,0.9372688117314326,0.3506,0.3506,0.215,0.215,0.9153964115856762,0.7969723584403732,1.0,1.0,0.3506,0.2551,0.1197,0.215,0.9530390442668792,0.7667470746316238,1.0,0.9848710971722654,0.2551,0.2551,0.215,0.215,0.9145221661089588,0.8926725920570815,1.0,1.0,0.3506,0.2551,0.215,0.215,0.9358506814606775,0.8050400243536265,1.0,1.0,0.2551,0.3506,0.1197,0.1197,0.9059268634633724,0.8086151616384276,1.0,1.0,0.3506,0.2551,0.1197,0.1197,0.8671472044757936,0.7806754643245621,1.0,0.9044571134541445,0.3506,0.2551,0.215,0.1197,0.8086917814825749,0.9175839190740631,1.0,0.9244711157030667,0.3506,0.2551,0.1197,0.215,0.4622,0.4622,0.8814271926966033,0.923172672526843,1.0,0.9371995212820742,0.2551,0.3506,0.215,0.215,0.9116204768975623,0.9495193320507379,1.0,1.0,0.2551,0.2551,0.215,0.1197,0.4946,0.4622,0.9028078265844411,0.7857761765613798,1.0,1.0,0.2551,0.2551,0.1197,0.1197,0.7847577337295767,0.7844484974469559,1.0,0.8752684306316119,0.2551,0.2551,0.1197,0.215,0.8988776205855133,0.7789026416524317,1.0,0.9140060588905694,0.3506,0.3506,0.215,0.215,0.9635732087839958,0.8738874063141711,1.0,0.8916195570367255,0.3506,0.2551,0.215,0.1197
,161,1.0,0.7520484145801445,0.9237820094317777,0.8932054502139697,0.9204138305323479,0.7656725940279565,0.8203831038108265,0.0674,1.0,0.752764003516349,0.29363856419644224,0.9661312973557766,0.9545667120747349,0.8069863816854473,0.7422638391475456,1.0,0.4268,0.8051855738700504,0.0674,1.0,0.8471517610734705,0.32779085024129606,0.8908491774304198,0.7508504578994972,0.9103215123929167,0.9539452344524095,0.8811072752559895,0.9010486098137495,0.9286537225203582,0.5273,0.2512,0.7050119574719811,0.03604,0.865356197380161,0.27790524687205287,0.8140358079091723,0.7783799361476966,0.8611454738210758,0.7923611393532295,0.03604,0.3054472008406257,0.8861828152044559,0.740952251464492,1.0,0.2652024760415676,0.4268,0.0674,0.7172539316284336,0.27498330621476,0.8813031430932783,0.9019778024762342,0.7650061178822329,0.9148060672184031,0.7985682463617972,0.03604,1.0,0.7756841606762882,0.28572941417282993,0.901864587149409,0.8132217798252692,0.9632967737726358,0.9451328024786252,0.8601318971716962,0.870587035743901,0.9963605286154611,0.2512,0.70136243190745,0.0674,1.0,0.8617796013596815,0.2645079566192335,0.8692180743949212,0.7475121850292634,0.8442367639746851,0.799405529025693,0.7791977165634476,0.8592850626472484,0.9802761064276626,0.2512,0.8174924354804225,0.0674,1.0,0.8079071588110439,0.2823542954786788,0.8977069479571813,0.8761522550741357,0.9386314083403737,0.7784458897149326,0.9205904224540699,0.4268,0.8514773020740785,0.0674,1.0,0.9061960471171001,0.3264509952772804,0.7979221705736383,0.8564452040002504,0.8595285627438604,0.8801859926005959,0.8951212574714688,0.9778245409800005,0.4268,0.8829950990191073,0.03604,1.0,0.7508324034839322,0.9443571299268079,0.841969612151932,0.7615581735444203,0.7154661336302238,0.489,0.7549780965544965,0.03604,1.0,0.7367529180816972,0.9096992872298026,0.9086287829285845,0.7996960382747076,0.9398792319484462,0.9030224229950282,0.4268,0.6938812471134936,0.0674,1.0,0.8425465066731455,0.26309165442472426,0.724683182607442,0.8893618990784068,0.8795421541600081,0.7756600249884946,0.8530933941512107,0.4268,0.7765068213333739,0.03604,0.9115065002425813,0.8143011621313707,0.03604,1.0,0.7306505040996496,0.3184602129056458,0.9119401642199646,0.9176354433871481,0.8808447418648097,0.03604,0.8203132957931893,0.2666803958064806,0.7240048834458932,0.9389053127255487,0.8285783609747138,0.835969017359196,1.0,0.2512,0.7105274835998872,0.03604,0.2512,0.0674,0.7569765057282682,0.9280722027193498,0.03604,1.0,0.9126792264248047,0.2723489934769567,0.8475445240498914,0.9175122967926077,0.8521605891396825,0.837176053700412,0.7935335442147433,0.8683469636926198,1.0,0.2512,0.7104502480980206,0.03604,1.0,0.7664152600012354,0.2997951751590276,0.8449187458986476,0.784797816617896,0.8120595386986827,0.824965833441584,0.8129584874378153,0.8280967893569287,1.0,0.2512,0.8070606237814946,0.0674,0.7634444683280786,0.2725720900860341,0.7959899657487928,0.9441073077076332,0.8625785929083473,0.03604,1.0,0.8367454019148546,0.2617816196483004,0.9029446291077102,0.8221874606860378,0.903545230767372,0.9691147211130718,0.8314000546306954,0.7384084378553358,0.9867377932906543,0.489,0.8747954054624616,0.0674,0.27329477726445495,0.9179563668655931,0.0674,0.7665765423002334,0.03604,1.0,0.27942069155786864,0.8433134289596582,0.7931125791091691,0.4268,0.7839544845355318,0.03604,0.8730263475506692,0.2931876580235285,0.8568000001426869,0.852745353464721,0.05492589926841666,0.05256088671510077,0.05368843795100441,0.02906612719900355,0.029515376659974706,0.05280166551081497,0.028387535935641726,0.028386865022456274,0.029518979638415176,0.05291567337704824,0.02868262346021502,0.028849299055685458,0.02941427328086672,0.0523702650622413,0.028865359166041337,0.05522880740937503,0.05443803463334592,0.028499708512233064,0.05421670363952475,0.028126096996536364,0.029648462546284803,0.053386991691669015,0.029660107104971127,0.028180322150639026,0.053765129999325825,0.028682808599582214,0.05272876572487798,0.9377785199707225,0.8836828879036661,1.0,0.878933200399959,0.2512,0.2512,0.0674,0.03604,0.5273,0.489,0.9290099418376523,0.9095259909093623,1.0,0.905200069537202,0.4268,0.2512,0.0674,0.03604,0.5273,0.5273,0.9226556702446601,0.9525957105153238,1.0,0.8795789993747689,0.4268,0.4268,0.0674,0.0674,0.489,0.5273,0.8201271276439605,0.8306329329266045,1.0,1.0,0.4268,0.2512,0.0674,0.03604,0.7985003137057894,0.7909424318992188,1.0,0.8983006707885662,0.4268,0.2512,0.0674,0.0674,0.7923989996947529,0.9390177144342557,1.0,0.9744129736265534,0.2512,0.4268,0.03604,0.0674,0.8689674375006827,0.9424395724358937,1.0,0.9328694291060632,0.2512,0.0674,0.03604,0.5273,0.5273,0.7953481677279416,0.8904733553748059,1.0,0.9973964657389048,0.4268,0.4268,0.0674,0.03604,0.5273,0.5273,0.9168027649671796,0.9284513152607816,1.0,1.0,0.4268,0.4268,0.0674,0.0674,0.5273,0.5273,0.9598763207452864,0.7948996212639938,1.0,0.9749636823874837,0.2512,0.4268,0.0674,0.03604,0.5273,0.5273,0.9232723431550596,0.9007445531938214,1.0,1.0,0.4268,0.2512,0.0674,0.0674,0.5273,0.5273,0.8333177518690872,0.8268731957309671,1.0,0.9941729197390263,0.03604,0.489,0.5273,0.9144974016691393,0.7873545437702665,1.0,0.8788185471817446,0.2512,0.2512,0.0674,0.03604,0.489,0.5273,0.8682100709343475,0.8655199661446678,1.0,0.9372688117314326,0.4268,0.4268,0.0674,0.0674,0.9153964115856762,0.7969723584403732,1.0,1.0,0.4268,0.2512,0.03604,0.0674,0.9530390442668792,0.7667470746316238,1.0,0.9848710971722654,0.2512,0.2512,0.0674,0.0674,0.9145221661089588,0.8926725920570815,1.0,1.0,0.4268,0.2512,0.0674,0.0674,0.9358506814606775,0.8050400243536265,1.0,1.0,0.2512,0.4268,0.03604,0.03604,0.9059268634633724,0.8086151616384276,1.0,1.0,0.4268,0.2512,0.03604,0.03604,0.8671472044757936,0.7806754643245621,1.0,0.9044571134541445,0.4268,0.2512,0.0674,0.03604,0.8086917814825749,0.9175839190740631,1.0,0.9244711157030667,0.4268,0.2512,0.03604,0.0674,0.489,0.489,0.8814271926966033,0.923172672526843,1.0,0.9371995212820742,0.2512,0.4268,0.0674,0.0674,0.9116204768975623,0.9495193320507379,1.0,1.0,0.2512,0.2512,0.0674,0.03604,0.5273,0.489,0.9028078265844411,0.7857761765613798,1.0,1.0,0.2512,0.2512,0.03604,0.03604,0.7847577337295767,0.7844484974469559,1.0,0.8752684306316119,0.2512,0.2512,0.03604,0.0674,0.8988776205855133,0.7789026416524317,1.0,0.9140060588905694,0.4268,0.4268,0.0674,0.0674,0.9635732087839958,0.8738874063141711,1.0,0.8916195570367255,0.4268,0.2512,0.0674,0.03604
,162,1.0,0.7520484145801445,0.9237820094317777,0.8932054502139697,0.9204138305323479,0.7656725940279565,0.8203831038108265,7.546e-05,1.0,0.752764003516349,0.29363856419644224,0.9661312973557766,0.9545667120747349,0.8069863816854473,0.7422638391475456,1.0,0.5044,0.8051855738700504,7.546e-05,1.0,0.8471517610734705,0.32779085024129606,0.8908491774304198,0.7508504578994972,0.9103215123929167,0.9539452344524095,0.8811072752559895,0.9010486098137495,0.9286537225203582,0.556,0.304,0.7050119574719811,0.0,0.865356197380161,0.27790524687205287,0.8140358079091723,0.7783799361476966,0.8611454738210758,0.7923611393532295,0.0,0.3054472008406257,0.8861828152044559,0.740952251464492,1.0,0.2652024760415676,0.5044,7.546e-05,0.7172539316284336,0.27498330621476,0.8813031430932783,0.9019778024762342,0.7650061178822329,0.9148060672184031,0.7985682463617972,0.0,1.0,0.7756841606762882,0.28572941417282993,0.901864587149409,0.8132217798252692,0.9632967737726358,0.9451328024786252,0.8601318971716962,0.870587035743901,0.9963605286154611,0.304,0.70136243190745,7.546e-05,1.0,0.8617796013596815,0.2645079566192335,0.8692180743949212,0.7475121850292634,0.8442367639746851,0.799405529025693,0.7791977165634476,0.8592850626472484,0.9802761064276626,0.304,0.8174924354804225,7.546e-05,1.0,0.8079071588110439,0.2823542954786788,0.8977069479571813,0.8761522550741357,0.9386314083403737,0.7784458897149326,0.9205904224540699,0.5044,0.8514773020740785,7.546e-05,1.0,0.9061960471171001,0.3264509952772804,0.7979221705736383,0.8564452040002504,0.8595285627438604,0.8801859926005959,0.8951212574714688,0.9778245409800005,0.5044,0.8829950990191073,0.0,1.0,0.7508324034839322,0.9443571299268079,0.841969612151932,0.7615581735444203,0.7154661336302238,0.5005,0.7549780965544965,0.0,1.0,0.7367529180816972,0.9096992872298026,0.9086287829285845,0.7996960382747076,0.9398792319484462,0.9030224229950282,0.5044,0.6938812471134936,7.546e-05,1.0,0.8425465066731455,0.26309165442472426,0.724683182607442,0.8893618990784068,0.8795421541600081,0.7756600249884946,0.8530933941512107,0.5044,0.7765068213333739,0.0,0.9115065002425813,0.8143011621313707,0.0,1.0,0.7306505040996496,0.3184602129056458,0.9119401642199646,0.9176354433871481,0.8808447418648097,0.0,0.8203132957931893,0.2666803958064806,0.7240048834458932,0.9389053127255487,0.8285783609747138,0.835969017359196,1.0,0.304,0.7105274835998872,0.0,0.304,7.546e-05,0.7569765057282682,0.9280722027193498,0.0,1.0,0.9126792264248047,0.2723489934769567,0.8475445240498914,0.9175122967926077,0.8521605891396825,0.837176053700412,0.7935335442147433,0.8683469636926198,1.0,0.304,0.7104502480980206,0.0,1.0,0.7664152600012354,0.2997951751590276,0.8449187458986476,0.784797816617896,0.8120595386986827,0.824965833441584,0.8129584874378153,0.8280967893569287,1.0,0.304,0.8070606237814946,7.546e-05,0.7634444683280786,0.2725720900860341,0.7959899657487928,0.9441073077076332,0.8625785929083473,0.0,1.0,0.8367454019148546,0.2617816196483004,0.9029446291077102,0.8221874606860378,0.903545230767372,0.9691147211130718,0.8314000546306954,0.7384084378553358,0.9867377932906543,0.5005,0.8747954054624616,7.546e-05,0.27329477726445495,0.9179563668655931,7.546e-05,0.7665765423002334,0.0,1.0,0.27942069155786864,0.8433134289596582,0.7931125791091691,0.5044,0.7839544845355318,0.0,0.8730263475506692,0.2931876580235285,0.8568000001426869,0.852745353464721,6.149418929962493e-05,5.8846357737707776e-05,6.010874670300879e-05,0.0,0.0,5.9115929962108276e-05,0.0,0.0,0.0,5.924357140997123e-05,0.0,0.0,0.0,5.8632940676509326e-05,0.0,6.183332058028843e-05,6.094798358208135e-05,0.0,6.070018481659552e-05,0.0,0.0,5.977125212245317e-05,0.0,0.0,6.019460993693067e-05,0.0,5.903431248663639e-05,0.9377785199707225,0.8836828879036661,1.0,0.878933200399959,0.304,0.304,7.546e-05,0.0,0.556,0.5005,0.9290099418376523,0.9095259909093623,1.0,0.905200069537202,0.5044,0.304,7.546e-05,0.0,0.556,0.556,0.9226556702446601,0.9525957105153238,1.0,0.8795789993747689,0.5044,0.5044,7.546e-05,7.546e-05,0.5005,0.556,0.8201271276439605,0.8306329329266045,1.0,1.0,0.5044,0.304,7.546e-05,0.0,0.7985003137057894,0.7909424318992188,1.0,0.8983006707885662,0.5044,0.304,7.546e-05,7.546e-05,0.7923989996947529,0.9390177144342557,1.0,0.9744129736265534,0.304,0.5044,0.0,7.546e-05,0.8689674375006827,0.9424395724358937,1.0,0.9328694291060632,0.304,7.546e-05,0.0,0.556,0.556,0.7953481677279416,0.8904733553748059,1.0,0.9973964657389048,0.5044,0.5044,7.546e-05,0.0,0.556,0.556,0.9168027649671796,0.9284513152607816,1.0,1.0,0.5044,0.5044,7.546e-05,7.546e-05,0.556,0.556,0.9598763207452864,0.7948996212639938,1.0,0.9749636823874837,0.304,0.5044,7.546e-05,0.0,0.556,0.556,0.9232723431550596,0.9007445531938214,1.0,1.0,0.5044,0.304,7.546e-05,7.546e-05,0.556,0.556,0.8333177518690872,0.8268731957309671,1.0,0.9941729197390263,0.0,0.5005,0.556,0.9144974016691393,0.7873545437702665,1.0,0.8788185471817446,0.304,0.304,7.546e-05,0.0,0.5005,0.556,0.8682100709343475,0.8655199661446678,1.0,0.9372688117314326,0.5044,0.5044,7.546e-05,7.546e-05,0.9153964115856762,0.7969723584403732,1.0,1.0,0.5044,0.304,0.0,7.546e-05,0.9530390442668792,0.7667470746316238,1.0,0.9848710971722654,0.304,0.304,7.546e-05,7.546e-05,0.9145221661089588,0.8926725920570815,1.0,1.0,0.5044,0.304,7.546e-05,7.546e-05,0.9358506814606775,0.8050400243536265,1.0,1.0,0.304,0.5044,0.0,0.0,0.9059268634633724,0.8086151616384276,1.0,1.0,0.5044,0.304,0.0,0.0,0.8671472044757936,0.7806754643245621,1.0,0.9044571134541445,0.5044,0.304,7.546e-05,0.0,0.8086917814825749,0.9175839190740631,1.0,0.9244711157030667,0.5044,0.304,0.0,7.546e-05,0.5005,0.5005,0.8814271926966033,0.923172672526843,1.0,0.9371995212820742,0.304,0.5044,7.546e-05,7.546e-05,0.9116204768975623,0.9495193320507379,1.0,1.0,0.304,0.304,7.546e-05,0.0,0.556,0.5005,0.9028078265844411,0.7857761765613798,1.0,1.0,0.304,0.304,0.0,0.0,0.7847577337295767,0.7844484974469559,1.0,0.8752684306316119,0.304,0.304,0.0,7.546e-05,0.8988776205855133,0.7789026416524317,1.0,0.9140060588905694,0.5044,0.5044,7.546e-05,7.546e-05,0.9635732087839958,0.8738874063141711,1.0,0.8916195570367255,0.5044,0.304,7.546e-05,0.0
,163,1.0,0.7520484145801445,0.9237820094317777,0.8932054502139697,0.9204138305323479,0.7656725940279565,0.8203831038108265,0.0,1.0,0.752764003516349,0.29363856419644224,0.9661312973557766,0.9545667120747349,0.8069863816854473,0.7422638391475456,1.0,0.515,0.8051855738700504,0.0,1.0,0.8471517610734705,0.32779085024129606,0.8908491774304198,0.7508504578994972,0.9103215123929167,0.9539452344524095,0.8811072752559895,0.9010486098137495,0.9286537225203582,0.59,0.3418,0.7050119574719811,0.0,0.865356197380161,0.27790524687205287,0.8140358079091723,0.7783799361476966,0.8611454738210758,0.7923611393532295,0.0,0.3054472008406257,0.8861828152044559,0.740952251464492,1.0,0.2652024760415676,0.515,0.0,0.7172539316284336,0.27498330621476,0.8813031430932783,0.9019778024762342,0.7650061178822329,0.9148060672184031,0.7985682463617972,0.0,1.0,0.7756841606762882,0.28572941417282993,0.901864587149409,0.8132217798252692,0.9632967737726358,0.9451328024786252,0.8601318971716962,0.870587035743901,0.9963605286154611,0.3418,0.70136243190745,0.0,1.0,0.8617796013596815,0.2645079566192335,0.8692180743949212,0.7475121850292634,0.8442367639746851,0.799405529025693,0.7791977165634476,0.8592850626472484,0.9802761064276626,0.3418,0.8174924354804225,0.0,1.0,0.8079071588110439,0.2823542954786788,0.8977069479571813,0.8761522550741357,0.9386314083403737,0.7784458897149326,0.9205904224540699,0.515,0.8514773020740785,0.0,1.0,0.9061960471171001,0.3264509952772804,0.7979221705736383,0.8564452040002504,0.8595285627438604,0.8801859926005959,0.8951212574714688,0.9778245409800005,0.515,0.8829950990191073,0.0,1.0,0.7508324034839322,0.9443571299268079,0.841969612151932,0.7615581735444203,0.7154661336302238,0.5166,0.7549780965544965,0.0,1.0,0.7367529180816972,0.9096992872298026,0.9086287829285845,0.7996960382747076,0.9398792319484462,0.9030224229950282,0.515,0.6938812471134936,0.0,1.0,0.8425465066731455,0.26309165442472426,0.724683182607442,0.8893618990784068,0.8795421541600081,0.7756600249884946,0.8530933941512107,0.515,0.7765068213333739,0.0,0.9115065002425813,0.8143011621313707,0.0,1.0,0.7306505040996496,0.3184602129056458,0.9119401642199646,0.9176354433871481,0.8808447418648097,0.0,0.8203132957931893,0.2666803958064806,0.7240048834458932,0.9389053127255487,0.8285783609747138,0.835969017359196,1.0,0.3418,0.7105274835998872,0.0,0.3418,0.0,0.7569765057282682,0.9280722027193498,0.0,1.0,0.9126792264248047,0.2723489934769567,0.8475445240498914,0.9175122967926077,0.8521605891396825,0.837176053700412,0.7935335442147433,0.8683469636926198,1.0,0.3418,0.7104502480980206,0.0,1.0,0.7664152600012354,0.2997951751590276,0.8449187458986476,0.784797816617896,0.8120595386986827,0.824965833441584,0.8129584874378153,0.8280967893569287,1.0,0.3418,0.8070606237814946,0.0,0.7634444683280786,0.2725720900860341,0.7959899657487928,0.9441073077076332,0.8625785929083473,0.0,1.0,0.8367454019148546,0.2617816196483004,0.9029446291077102,0.8221874606860378,0.903545230767372,0.9691147211130718,0.8314000546306954,0.7384084378553358,0.9867377932906543,0.5166,0.8747954054624616,0.0,0.27329477726445495,0.9179563668655931,0.0,0.7665765423002334,0.0,1.0,0.27942069155786864,0.8433134289596582,0.7931125791091691,0.515,0.7839544845355318,0.0,0.8730263475506692,0.2931876580235285,0.8568000001426869,0.852745353464721,0.0,0.0,0.0,0.0,0.0,0.0,0.0,0.0,0.0,0.0,0.0,0.0,0.0,0.0,0.0,0.0,0.0,0.0,0.0,0.0,0.0,0.0,0.0,0.0,0.0,0.0,0.0,0.9377785199707225,0.8836828879036661,1.0,0.878933200399959,0.3418,0.3418,0.0,0.0,0.59,0.5166,0.9290099418376523,0.9095259909093623,1.0,0.905200069537202,0.515,0.3418,0.0,0.0,0.59,0.59,0.9226556702446601,0.9525957105153238,1.0,0.8795789993747689,0.515,0.515,0.0,0.0,0.5166,0.59,0.8201271276439605,0.8306329329266045,1.0,1.0,0.515,0.3418,0.0,0.0,0.7985003137057894,0.7909424318992188,1.0,0.8983006707885662,0.515,0.3418,0.0,0.0,0.7923989996947529,0.9390177144342557,1.0,0.9744129736265534,0.3418,0.515,0.0,0.0,0.8689674375006827,0.9424395724358937,1.0,0.9328694291060632,0.3418,0.0,0.0,0.59,0.59,0.7953481677279416,0.8904733553748059,1.0,0.9973964657389048,0.515,0.515,0.0,0.0,0.59,0.59,0.9168027649671796,0.9284513152607816,1.0,1.0,0.515,0.515,0.0,0.0,0.59,0.59,0.9598763207452864,0.7948996212639938,1.0,0.9749636823874837,0.3418,0.515,0.0,0.0,0.59,0.59,0.9232723431550596,0.9007445531938214,1.0,1.0,0.515,0.3418,0.0,0.0,0.59,0.59,0.8333177518690872,0.8268731957309671,1.0,0.9941729197390263,0.0,0.5166,0.59,0.9144974016691393,0.7873545437702665,1.0,0.8788185471817446,0.3418,0.3418,0.0,0.0,0.5166,0.59,0.8682100709343475,0.8655199661446678,1.0,0.9372688117314326,0.515,0.515,0.0,0.0,0.9153964115856762,0.7969723584403732,1.0,1.0,0.515,0.3418,0.0,0.0,0.9530390442668792,0.7667470746316238,1.0,0.9848710971722654,0.3418,0.3418,0.0,0.0,0.9145221661089588,0.8926725920570815,1.0,1.0,0.515,0.3418,0.0,0.0,0.9358506814606775,0.8050400243536265,1.0,1.0,0.3418,0.515,0.0,0.0,0.9059268634633724,0.8086151616384276,1.0,1.0,0.515,0.3418,0.0,0.0,0.8671472044757936,0.7806754643245621,1.0,0.9044571134541445,0.515,0.3418,0.0,0.0,0.8086917814825749,0.9175839190740631,1.0,0.9244711157030667,0.515,0.3418,0.0,0.0,0.5166,0.5166,0.8814271926966033,0.923172672526843,1.0,0.9371995212820742,0.3418,0.515,0.0,0.0,0.9116204768975623,0.9495193320507379,1.0,1.0,0.3418,0.3418,0.0,0.0,0.59,0.5166,0.9028078265844411,0.7857761765613798,1.0,1.0,0.3418,0.3418,0.0,0.0,0.7847577337295767,0.7844484974469559,1.0,0.8752684306316119,0.3418,0.3418,0.0,0.0,0.8988776205855133,0.7789026416524317,1.0,0.9140060588905694,0.515,0.515,0.0,0.0,0.9635732087839958,0.8738874063141711,1.0,0.8916195570367255,0.515,0.3418,0.0,0.0
,164,1.0,0.7520484145801445,0.9237820094317777,0.8932054502139697,0.9204138305323479,0.7656725940279565,0.8203831038108265,0.0,1.0,0.752764003516349,0.29363856419644224,0.9661312973557766,0.9545667120747349,0.8069863816854473,0.7422638391475456,1.0,0.488,0.8051855738700504,0.0,1.0,0.8471517610734705,0.32779085024129606,0.8908491774304198,0.7508504578994972,0.9103215123929167,0.9539452344524095,0.8811072752559895,0.9010486098137495,0.9286537225203582,0.5913,0.3596,0.7050119574719811,0.0,0.865356197380161,0.27790524687205287,0.8140358079091723,0.7783799361476966,0.8611454738210758,0.7923611393532295,0.0,0.3054472008406257,0.8861828152044559,0.740952251464492,1.0,0.2652024760415676,0.488,0.0,0.7172539316284336,0.27498330621476,0.8813031430932783,0.9019778024762342,0.7650061178822329,0.9148060672184031,0.7985682463617972,0.0,1.0,0.7756841606762882,0.28572941417282993,0.901864587149409,0.8132217798252692,0.9632967737726358,0.9451328024786252,0.8601318971716962,0.870587035743901,0.9963605286154611,0.3596,0.70136243190745,0.0,1.0,0.8617796013596815,0.2645079566192335,0.8692180743949212,0.7475121850292634,0.8442367639746851,0.799405529025693,0.7791977165634476,0.8592850626472484,0.9802761064276626,0.3596,0.8174924354804225,0.0,1.0,0.8079071588110439,0.2823542954786788,0.8977069479571813,0.8761522550741357,0.9386314083403737,0.7784458897149326,0.9205904224540699,0.488,0.8514773020740785,0.0,1.0,0.9061960471171001,0.3264509952772804,0.7979221705736383,0.8564452040002504,0.8595285627438604,0.8801859926005959,0.8951212574714688,0.9778245409800005,0.488,0.8829950990191073,0.0,1.0,0.7508324034839322,0.9443571299268079,0.841969612151932,0.7615581735444203,0.7154661336302238,0.538,0.7549780965544965,0.0,1.0,0.7367529180816972,0.9096992872298026,0.9086287829285845,0.7996960382747076,0.9398792319484462,0.9030224229950282,0.488,0.6938812471134936,0.0,1.0,0.8425465066731455,0.26309165442472426,0.724683182607442,0.8893618990784068,0.8795421541600081,0.7756600249884946,0.8530933941512107,0.488,0.7765068213333739,0.0,0.9115065002425813,0.8143011621313707,0.0,1.0,0.7306505040996496,0.3184602129056458,0.9119401642199646,0.9176354433871481,0.8808447418648097,0.0,0.8203132957931893,0.2666803958064806,0.7240048834458932,0.9389053127255487,0.8285783609747138,0.835969017359196,1.0,0.3596,0.7105274835998872,0.0,0.3596,0.0,0.7569765057282682,0.9280722027193498,0.0,1.0,0.9126792264248047,0.2723489934769567,0.8475445240498914,0.9175122967926077,0.8521605891396825,0.837176053700412,0.7935335442147433,0.8683469636926198,1.0,0.3596,0.7104502480980206,0.0,1.0,0.7664152600012354,0.2997951751590276,0.8449187458986476,0.784797816617896,0.8120595386986827,0.824965833441584,0.8129584874378153,0.8280967893569287,1.0,0.3596,0.8070606237814946,0.0,0.7634444683280786,0.2725720900860341,0.7959899657487928,0.9441073077076332,0.8625785929083473,0.0,1.0,0.8367454019148546,0.2617816196483004,0.9029446291077102,0.8221874606860378,0.903545230767372,0.9691147211130718,0.8314000546306954,0.7384084378553358,0.9867377932906543,0.538,0.8747954054624616,0.0,0.27329477726445495,0.9179563668655931,0.0,0.7665765423002334,0.0,1.0,0.27942069155786864,0.8433134289596582,0.7931125791091691,0.488,0.7839544845355318,0.0,0.8730263475506692,0.2931876580235285,0.8568000001426869,0.852745353464721,0.0,0.0,0.0,0.0,0.0,0.0,0.0,0.0,0.0,0.0,0.0,0.0,0.0,0.0,0.0,0.0,0.0,0.0,0.0,0.0,0.0,0.0,0.0,0.0,0.0,0.0,0.0,0.9377785199707225,0.8836828879036661,1.0,0.878933200399959,0.3596,0.3596,0.0,0.0,0.5913,0.538,0.9290099418376523,0.9095259909093623,1.0,0.905200069537202,0.488,0.3596,0.0,0.0,0.5913,0.5913,0.9226556702446601,0.9525957105153238,1.0,0.8795789993747689,0.488,0.488,0.0,0.0,0.538,0.5913,0.8201271276439605,0.8306329329266045,1.0,1.0,0.488,0.3596,0.0,0.0,0.7985003137057894,0.7909424318992188,1.0,0.8983006707885662,0.488,0.3596,0.0,0.0,0.7923989996947529,0.9390177144342557,1.0,0.9744129736265534,0.3596,0.488,0.0,0.0,0.8689674375006827,0.9424395724358937,1.0,0.9328694291060632,0.3596,0.0,0.0,0.5913,0.5913,0.7953481677279416,0.8904733553748059,1.0,0.9973964657389048,0.488,0.488,0.0,0.0,0.5913,0.5913,0.9168027649671796,0.9284513152607816,1.0,1.0,0.488,0.488,0.0,0.0,0.5913,0.5913,0.9598763207452864,0.7948996212639938,1.0,0.9749636823874837,0.3596,0.488,0.0,0.0,0.5913,0.5913,0.9232723431550596,0.9007445531938214,1.0,1.0,0.488,0.3596,0.0,0.0,0.5913,0.5913,0.8333177518690872,0.8268731957309671,1.0,0.9941729197390263,0.0,0.538,0.5913,0.9144974016691393,0.7873545437702665,1.0,0.8788185471817446,0.3596,0.3596,0.0,0.0,0.538,0.5913,0.8682100709343475,0.8655199661446678,1.0,0.9372688117314326,0.488,0.488,0.0,0.0,0.9153964115856762,0.7969723584403732,1.0,1.0,0.488,0.3596,0.0,0.0,0.9530390442668792,0.7667470746316238,1.0,0.9848710971722654,0.3596,0.3596,0.0,0.0,0.9145221661089588,0.8926725920570815,1.0,1.0,0.488,0.3596,0.0,0.0,0.9358506814606775,0.8050400243536265,1.0,1.0,0.3596,0.488,0.0,0.0,0.9059268634633724,0.8086151616384276,1.0,1.0,0.488,0.3596,0.0,0.0,0.8671472044757936,0.7806754643245621,1.0,0.9044571134541445,0.488,0.3596,0.0,0.0,0.8086917814825749,0.9175839190740631,1.0,0.9244711157030667,0.488,0.3596,0.0,0.0,0.538,0.538,0.8814271926966033,0.923172672526843,1.0,0.9371995212820742,0.3596,0.488,0.0,0.0,0.9116204768975623,0.9495193320507379,1.0,1.0,0.3596,0.3596,0.0,0.0,0.5913,0.538,0.9028078265844411,0.7857761765613798,1.0,1.0,0.3596,0.3596,0.0,0.0,0.7847577337295767,0.7844484974469559,1.0,0.8752684306316119,0.3596,0.3596,0.0,0.0,0.8988776205855133,0.7789026416524317,1.0,0.9140060588905694,0.488,0.488,0.0,0.0,0.9635732087839958,0.8738874063141711,1.0,0.8916195570367255,0.488,0.3596,0.0,0.0
,165,1.0,0.7520484145801445,0.9237820094317777,0.8932054502139697,0.9204138305323479,0.7656725940279565,0.8203831038108265,0.0,1.0,0.752764003516349,0.29363856419644224,0.9661312973557766,0.9545667120747349,0.8069863816854473,0.7422638391475456,1.0,0.448,0.8051855738700504,0.0,1.0,0.8471517610734705,0.32779085024129606,0.8908491774304198,0.7508504578994972,0.9103215123929167,0.9539452344524095,0.8811072752559895,0.9010486098137495,0.9286537225203582,0.572,0.3684,0.7050119574719811,0.0,0.865356197380161,0.27790524687205287,0.8140358079091723,0.7783799361476966,0.8611454738210758,0.7923611393532295,0.0,0.3054472008406257,0.8861828152044559,0.740952251464492,1.0,0.2652024760415676,0.448,0.0,0.7172539316284336,0.27498330621476,0.8813031430932783,0.9019778024762342,0.7650061178822329,0.9148060672184031,0.7985682463617972,0.0,1.0,0.7756841606762882,0.28572941417282993,0.901864587149409,0.8132217798252692,0.9632967737726358,0.9451328024786252,0.8601318971716962,0.870587035743901,0.9963605286154611,0.3684,0.70136243190745,0.0,1.0,0.8617796013596815,0.2645079566192335,0.8692180743949212,0.7475121850292634,0.8442367639746851,0.799405529025693,0.7791977165634476,0.8592850626472484,0.9802761064276626,0.3684,0.8174924354804225,0.0,1.0,0.8079071588110439,0.2823542954786788,0.8977069479571813,0.8761522550741357,0.9386314083403737,0.7784458897149326,0.9205904224540699,0.448,0.8514773020740785,0.0,1.0,0.9061960471171001,0.3264509952772804,0.7979221705736383,0.8564452040002504,0.8595285627438604,0.8801859926005959,0.8951212574714688,0.9778245409800005,0.448,0.8829950990191073,0.0,1.0,0.7508324034839322,0.9443571299268079,0.841969612151932,0.7615581735444203,0.7154661336302238,0.546,0.7549780965544965,0.0,1.0,0.7367529180816972,0.9096992872298026,0.9086287829285845,0.7996960382747076,0.9398792319484462,0.9030224229950282,0.448,0.6938812471134936,0.0,1.0,0.8425465066731455,0.26309165442472426,0.724683182607442,0.8893618990784068,0.8795421541600081,0.7756600249884946,0.8530933941512107,0.448,0.7765068213333739,0.0,0.9115065002425813,0.8143011621313707,0.0,1.0,0.7306505040996496,0.3184602129056458,0.9119401642199646,0.9176354433871481,0.8808447418648097,0.0,0.8203132957931893,0.2666803958064806,0.7240048834458932,0.9389053127255487,0.8285783609747138,0.835969017359196,1.0,0.3684,0.7105274835998872,0.0,0.3684,0.0,0.7569765057282682,0.9280722027193498,0.0,1.0,0.9126792264248047,0.2723489934769567,0.8475445240498914,0.9175122967926077,0.8521605891396825,0.837176053700412,0.7935335442147433,0.8683469636926198,1.0,0.3684,0.7104502480980206,0.0,1.0,0.7664152600012354,0.2997951751590276,0.8449187458986476,0.784797816617896,0.8120595386986827,0.824965833441584,0.8129584874378153,0.8280967893569287,1.0,0.3684,0.8070606237814946,0.0,0.7634444683280786,0.2725720900860341,0.7959899657487928,0.9441073077076332,0.8625785929083473,0.0,1.0,0.8367454019148546,0.2617816196483004,0.9029446291077102,0.8221874606860378,0.903545230767372,0.9691147211130718,0.8314000546306954,0.7384084378553358,0.9867377932906543,0.546,0.8747954054624616,0.0,0.27329477726445495,0.9179563668655931,0.0,0.7665765423002334,0.0,1.0,0.27942069155786864,0.8433134289596582,0.7931125791091691,0.448,0.7839544845355318,0.0,0.8730263475506692,0.2931876580235285,0.8568000001426869,0.852745353464721,0.0,0.0,0.0,0.0,0.0,0.0,0.0,0.0,0.0,0.0,0.0,0.0,0.0,0.0,0.0,0.0,0.0,0.0,0.0,0.0,0.0,0.0,0.0,0.0,0.0,0.0,0.0,0.9377785199707225,0.8836828879036661,1.0,0.878933200399959,0.3684,0.3684,0.0,0.0,0.572,0.546,0.9290099418376523,0.9095259909093623,1.0,0.905200069537202,0.448,0.3684,0.0,0.0,0.572,0.572,0.9226556702446601,0.9525957105153238,1.0,0.8795789993747689,0.448,0.448,0.0,0.0,0.546,0.572,0.8201271276439605,0.8306329329266045,1.0,1.0,0.448,0.3684,0.0,0.0,0.7985003137057894,0.7909424318992188,1.0,0.8983006707885662,0.448,0.3684,0.0,0.0,0.7923989996947529,0.9390177144342557,1.0,0.9744129736265534,0.3684,0.448,0.0,0.0,0.8689674375006827,0.9424395724358937,1.0,0.9328694291060632,0.3684,0.0,0.0,0.572,0.572,0.7953481677279416,0.8904733553748059,1.0,0.9973964657389048,0.448,0.448,0.0,0.0,0.572,0.572,0.9168027649671796,0.9284513152607816,1.0,1.0,0.448,0.448,0.0,0.0,0.572,0.572,0.9598763207452864,0.7948996212639938,1.0,0.9749636823874837,0.3684,0.448,0.0,0.0,0.572,0.572,0.9232723431550596,0.9007445531938214,1.0,1.0,0.448,0.3684,0.0,0.0,0.572,0.572,0.8333177518690872,0.8268731957309671,1.0,0.9941729197390263,0.0,0.546,0.572,0.9144974016691393,0.7873545437702665,1.0,0.8788185471817446,0.3684,0.3684,0.0,0.0,0.546,0.572,0.8682100709343475,0.8655199661446678,1.0,0.9372688117314326,0.448,0.448,0.0,0.0,0.9153964115856762,0.7969723584403732,1.0,1.0,0.448,0.3684,0.0,0.0,0.9530390442668792,0.7667470746316238,1.0,0.9848710971722654,0.3684,0.3684,0.0,0.0,0.9145221661089588,0.8926725920570815,1.0,1.0,0.448,0.3684,0.0,0.0,0.9358506814606775,0.8050400243536265,1.0,1.0,0.3684,0.448,0.0,0.0,0.9059268634633724,0.8086151616384276,1.0,1.0,0.448,0.3684,0.0,0.0,0.8671472044757936,0.7806754643245621,1.0,0.9044571134541445,0.448,0.3684,0.0,0.0,0.8086917814825749,0.9175839190740631,1.0,0.9244711157030667,0.448,0.3684,0.0,0.0,0.546,0.546,0.8814271926966033,0.923172672526843,1.0,0.9371995212820742,0.3684,0.448,0.0,0.0,0.9116204768975623,0.9495193320507379,1.0,1.0,0.3684,0.3684,0.0,0.0,0.572,0.546,0.9028078265844411,0.7857761765613798,1.0,1.0,0.3684,0.3684,0.0,0.0,0.7847577337295767,0.7844484974469559,1.0,0.8752684306316119,0.3684,0.3684,0.0,0.0,0.8988776205855133,0.7789026416524317,1.0,0.9140060588905694,0.448,0.448,0.0,0.0,0.9635732087839958,0.8738874063141711,1.0,0.8916195570367255,0.448,0.3684,0.0,0.0
,166,1.0,0.7520484145801445,0.9237820094317777,0.8932054502139697,0.9204138305323479,0.7656725940279565,0.8203831038108265,0.0,1.0,0.752764003516349,0.29363856419644224,0.9661312973557766,0.9545667120747349,0.8069863816854473,0.7422638391475456,1.0,0.4033,0.8051855738700504,0.0,1.0,0.8471517610734705,0.32779085024129606,0.8908491774304198,0.7508504578994972,0.9103215123929167,0.9539452344524095,0.8811072752559895,0.9010486098137495,0.9286537225203582,0.5474,0.3762,0.7050119574719811,0.0,0.865356197380161,0.27790524687205287,0.8140358079091723,0.7783799361476966,0.8611454738210758,0.7923611393532295,0.0,0.3054472008406257,0.8861828152044559,0.740952251464492,1.0,0.2652024760415676,0.4033,0.0,0.7172539316284336,0.27498330621476,0.8813031430932783,0.9019778024762342,0.7650061178822329,0.9148060672184031,0.7985682463617972,0.0,1.0,0.7756841606762882,0.28572941417282993,0.901864587149409,0.8132217798252692,0.9632967737726358,0.9451328024786252,0.8601318971716962,0.870587035743901,0.9963605286154611,0.3762,0.70136243190745,0.0,1.0,0.8617796013596815,0.2645079566192335,0.8692180743949212,0.7475121850292634,0.8442367639746851,0.799405529025693,0.7791977165634476,0.8592850626472484,0.9802761064276626,0.3762,0.8174924354804225,0.0,1.0,0.8079071588110439,0.2823542954786788,0.8977069479571813,0.8761522550741357,0.9386314083403737,0.7784458897149326,0.9205904224540699,0.4033,0.8514773020740785,0.0,1.0,0.9061960471171001,0.3264509952772804,0.7979221705736383,0.8564452040002504,0.8595285627438604,0.8801859926005959,0.8951212574714688,0.9778245409800005,0.4033,0.8829950990191073,0.0,1.0,0.7508324034839322,0.9443571299268079,0.841969612151932,0.7615581735444203,0.7154661336302238,0.554,0.7549780965544965,0.0,1.0,0.7367529180816972,0.9096992872298026,0.9086287829285845,0.7996960382747076,0.9398792319484462,0.9030224229950282,0.4033,0.6938812471134936,0.0,1.0,0.8425465066731455,0.26309165442472426,0.724683182607442,0.8893618990784068,0.8795421541600081,0.7756600249884946,0.8530933941512107,0.4033,0.7765068213333739,0.0,0.9115065002425813,0.8143011621313707,0.0,1.0,0.7306505040996496,0.3184602129056458,0.9119401642199646,0.9176354433871481,0.8808447418648097,0.0,0.8203132957931893,0.2666803958064806,0.7240048834458932,0.9389053127255487,0.8285783609747138,0.835969017359196,1.0,0.3762,0.7105274835998872,0.0,0.3762,0.0,0.7569765057282682,0.9280722027193498,0.0,1.0,0.9126792264248047,0.2723489934769567,0.8475445240498914,0.9175122967926077,0.8521605891396825,0.837176053700412,0.7935335442147433,0.8683469636926198,1.0,0.3762,0.7104502480980206,0.0,1.0,0.7664152600012354,0.2997951751590276,0.8449187458986476,0.784797816617896,0.8120595386986827,0.824965833441584,0.8129584874378153,0.8280967893569287,1.0,0.3762,0.8070606237814946,0.0,0.7634444683280786,0.2725720900860341,0.7959899657487928,0.9441073077076332,0.8625785929083473,0.0,1.0,0.8367454019148546,0.2617816196483004,0.9029446291077102,0.8221874606860378,0.903545230767372,0.9691147211130718,0.8314000546306954,0.7384084378553358,0.9867377932906543,0.554,0.8747954054624616,0.0,0.27329477726445495,0.9179563668655931,0.0,0.7665765423002334,0.0,1.0,0.27942069155786864,0.8433134289596582,0.7931125791091691,0.4033,0.7839544845355318,0.0,0.8730263475506692,0.2931876580235285,0.8568000001426869,0.852745353464721,0.0,0.0,0.0,0.0,0.0,0.0,0.0,0.0,0.0,0.0,0.0,0.0,0.0,0.0,0.0,0.0,0.0,0.0,0.0,0.0,0.0,0.0,0.0,0.0,0.0,0.0,0.0,0.9377785199707225,0.8836828879036661,1.0,0.878933200399959,0.3762,0.3762,0.0,0.0,0.5474,0.554,0.9290099418376523,0.9095259909093623,1.0,0.905200069537202,0.4033,0.3762,0.0,0.0,0.5474,0.5474,0.9226556702446601,0.9525957105153238,1.0,0.8795789993747689,0.4033,0.4033,0.0,0.0,0.554,0.5474,0.8201271276439605,0.8306329329266045,1.0,1.0,0.4033,0.3762,0.0,0.0,0.7985003137057894,0.7909424318992188,1.0,0.8983006707885662,0.4033,0.3762,0.0,0.0,0.7923989996947529,0.9390177144342557,1.0,0.9744129736265534,0.3762,0.4033,0.0,0.0,0.8689674375006827,0.9424395724358937,1.0,0.9328694291060632,0.3762,0.0,0.0,0.5474,0.5474,0.7953481677279416,0.8904733553748059,1.0,0.9973964657389048,0.4033,0.4033,0.0,0.0,0.5474,0.5474,0.9168027649671796,0.9284513152607816,1.0,1.0,0.4033,0.4033,0.0,0.0,0.5474,0.5474,0.9598763207452864,0.7948996212639938,1.0,0.9749636823874837,0.3762,0.4033,0.0,0.0,0.5474,0.5474,0.9232723431550596,0.9007445531938214,1.0,1.0,0.4033,0.3762,0.0,0.0,0.5474,0.5474,0.8333177518690872,0.8268731957309671,1.0,0.9941729197390263,0.0,0.554,0.5474,0.9144974016691393,0.7873545437702665,1.0,0.8788185471817446,0.3762,0.3762,0.0,0.0,0.554,0.5474,0.8682100709343475,0.8655199661446678,1.0,0.9372688117314326,0.4033,0.4033,0.0,0.0,0.9153964115856762,0.7969723584403732,1.0,1.0,0.4033,0.3762,0.0,0.0,0.9530390442668792,0.7667470746316238,1.0,0.9848710971722654,0.3762,0.3762,0.0,0.0,0.9145221661089588,0.8926725920570815,1.0,1.0,0.4033,0.3762,0.0,0.0,0.9358506814606775,0.8050400243536265,1.0,1.0,0.3762,0.4033,0.0,0.0,0.9059268634633724,0.8086151616384276,1.0,1.0,0.4033,0.3762,0.0,0.0,0.8671472044757936,0.7806754643245621,1.0,0.9044571134541445,0.4033,0.3762,0.0,0.0,0.8086917814825749,0.9175839190740631,1.0,0.9244711157030667,0.4033,0.3762,0.0,0.0,0.554,0.554,0.8814271926966033,0.923172672526843,1.0,0.9371995212820742,0.3762,0.4033,0.0,0.0,0.9116204768975623,0.9495193320507379,1.0,1.0,0.3762,0.3762,0.0,0.0,0.5474,0.554,0.9028078265844411,0.7857761765613798,1.0,1.0,0.3762,0.3762,0.0,0.0,0.7847577337295767,0.7844484974469559,1.0,0.8752684306316119,0.3762,0.3762,0.0,0.0,0.8988776205855133,0.7789026416524317,1.0,0.9140060588905694,0.4033,0.4033,0.0,0.0,0.9635732087839958,0.8738874063141711,1.0,0.8916195570367255,0.4033,0.3762,0.0,0.0
,167,1.0,0.7520484145801445,0.9237820094317777,0.8932054502139697,0.9204138305323479,0.7656725940279565,0.8203831038108265,0.0,1.0,0.752764003516349,0.29363856419644224,0.9661312973557766,0.9545667120747349,0.8069863816854473,0.7422638391475456,1.0,0.3633,0.8051855738700504,0.0,1.0,0.8471517610734705,0.32779085024129606,0.8908491774304198,0.7508504578994972,0.9103215123929167,0.9539452344524095,0.8811072752559895,0.9010486098137495,0.9286537225203582,0.4858,0.39,0.7050119574719811,0.0,0.865356197380161,0.27790524687205287,0.8140358079091723,0.7783799361476966,0.8611454738210758,0.7923611393532295,0.0,0.3054472008406257,0.8861828152044559,0.740952251464492,1.0,0.2652024760415676,0.3633,0.0,0.7172539316284336,0.27498330621476,0.8813031430932783,0.9019778024762342,0.7650061178822329,0.9148060672184031,0.7985682463617972,0.0,1.0,0.7756841606762882,0.28572941417282993,0.901864587149409,0.8132217798252692,0.9632967737726358,0.9451328024786252,0.8601318971716962,0.870587035743901,0.9963605286154611,0.39,0.70136243190745,0.0,1.0,0.8617796013596815,0.2645079566192335,0.8692180743949212,0.7475121850292634,0.8442367639746851,0.799405529025693,0.7791977165634476,0.8592850626472484,0.9802761064276626,0.39,0.8174924354804225,0.0,1.0,0.8079071588110439,0.2823542954786788,0.8977069479571813,0.8761522550741357,0.9386314083403737,0.7784458897149326,0.9205904224540699,0.3633,0.8514773020740785,0.0,1.0,0.9061960471171001,0.3264509952772804,0.7979221705736383,0.8564452040002504,0.8595285627438604,0.8801859926005959,0.8951212574714688,0.9778245409800005,0.3633,0.8829950990191073,0.0,1.0,0.7508324034839322,0.9443571299268079,0.841969612151932,0.7615581735444203,0.7154661336302238,0.575,0.7549780965544965,0.0,1.0,0.7367529180816972,0.9096992872298026,0.9086287829285845,0.7996960382747076,0.9398792319484462,0.9030224229950282,0.3633,0.6938812471134936,0.0,1.0,0.8425465066731455,0.26309165442472426,0.724683182607442,0.8893618990784068,0.8795421541600081,0.7756600249884946,0.8530933941512107,0.3633,0.7765068213333739,0.0,0.9115065002425813,0.8143011621313707,0.0,1.0,0.7306505040996496,0.3184602129056458,0.9119401642199646,0.9176354433871481,0.8808447418648097,0.0,0.8203132957931893,0.2666803958064806,0.7240048834458932,0.9389053127255487,0.8285783609747138,0.835969017359196,1.0,0.39,0.7105274835998872,0.0,0.39,0.0,0.7569765057282682,0.9280722027193498,0.0,1.0,0.9126792264248047,0.2723489934769567,0.8475445240498914,0.9175122967926077,0.8521605891396825,0.837176053700412,0.7935335442147433,0.8683469636926198,1.0,0.39,0.7104502480980206,0.0,1.0,0.7664152600012354,0.2997951751590276,0.8449187458986476,0.784797816617896,0.8120595386986827,0.824965833441584,0.8129584874378153,0.8280967893569287,1.0,0.39,0.8070606237814946,0.0,0.7634444683280786,0.2725720900860341,0.7959899657487928,0.9441073077076332,0.8625785929083473,0.0,1.0,0.8367454019148546,0.2617816196483004,0.9029446291077102,0.8221874606860378,0.903545230767372,0.9691147211130718,0.8314000546306954,0.7384084378553358,0.9867377932906543,0.575,0.8747954054624616,0.0,0.27329477726445495,0.9179563668655931,0.0,0.7665765423002334,0.0,1.0,0.27942069155786864,0.8433134289596582,0.7931125791091691,0.3633,0.7839544845355318,0.0,0.8730263475506692,0.2931876580235285,0.8568000001426869,0.852745353464721,0.0,0.0,0.0,0.0,0.0,0.0,0.0,0.0,0.0,0.0,0.0,0.0,0.0,0.0,0.0,0.0,0.0,0.0,0.0,0.0,0.0,0.0,0.0,0.0,0.0,0.0,0.0,0.9377785199707225,0.8836828879036661,1.0,0.878933200399959,0.39,0.39,0.0,0.0,0.4858,0.575,0.9290099418376523,0.9095259909093623,1.0,0.905200069537202,0.3633,0.39,0.0,0.0,0.4858,0.4858,0.9226556702446601,0.9525957105153238,1.0,0.8795789993747689,0.3633,0.3633,0.0,0.0,0.575,0.4858,0.8201271276439605,0.8306329329266045,1.0,1.0,0.3633,0.39,0.0,0.0,0.7985003137057894,0.7909424318992188,1.0,0.8983006707885662,0.3633,0.39,0.0,0.0,0.7923989996947529,0.9390177144342557,1.0,0.9744129736265534,0.39,0.3633,0.0,0.0,0.8689674375006827,0.9424395724358937,1.0,0.9328694291060632,0.39,0.0,0.0,0.4858,0.4858,0.7953481677279416,0.8904733553748059,1.0,0.9973964657389048,0.3633,0.3633,0.0,0.0,0.4858,0.4858,0.9168027649671796,0.9284513152607816,1.0,1.0,0.3633,0.3633,0.0,0.0,0.4858,0.4858,0.9598763207452864,0.7948996212639938,1.0,0.9749636823874837,0.39,0.3633,0.0,0.0,0.4858,0.4858,0.9232723431550596,0.9007445531938214,1.0,1.0,0.3633,0.39,0.0,0.0,0.4858,0.4858,0.8333177518690872,0.8268731957309671,1.0,0.9941729197390263,0.0,0.575,0.4858,0.9144974016691393,0.7873545437702665,1.0,0.8788185471817446,0.39,0.39,0.0,0.0,0.575,0.4858,0.8682100709343475,0.8655199661446678,1.0,0.9372688117314326,0.3633,0.3633,0.0,0.0,0.9153964115856762,0.7969723584403732,1.0,1.0,0.3633,0.39,0.0,0.0,0.9530390442668792,0.7667470746316238,1.0,0.9848710971722654,0.39,0.39,0.0,0.0,0.9145221661089588,0.8926725920570815,1.0,1.0,0.3633,0.39,0.0,0.0,0.9358506814606775,0.8050400243536265,1.0,1.0,0.39,0.3633,0.0,0.0,0.9059268634633724,0.8086151616384276,1.0,1.0,0.3633,0.39,0.0,0.0,0.8671472044757936,0.7806754643245621,1.0,0.9044571134541445,0.3633,0.39,0.0,0.0,0.8086917814825749,0.9175839190740631,1.0,0.9244711157030667,0.3633,0.39,0.0,0.0,0.575,0.575,0.8814271926966033,0.923172672526843,1.0,0.9371995212820742,0.39,0.3633,0.0,0.0,0.9116204768975623,0.9495193320507379,1.0,1.0,0.39,0.39,0.0,0.0,0.4858,0.575,0.9028078265844411,0.7857761765613798,1.0,1.0,0.39,0.39,0.0,0.0,0.7847577337295767,0.7844484974469559,1.0,0.8752684306316119,0.39,0.39,0.0,0.0,0.8988776205855133,0.7789026416524317,1.0,0.9140060588905694,0.3633,0.3633,0.0,0.0,0.9635732087839958,0.8738874063141711,1.0,0.8916195570367255,0.3633,0.39,0.0,0.0
